id,名称,城市,区县,乡镇,建筑年份,类型,地址,lng84,lat84,供热,容积率,面积,总户数,类型.1,供水,得分,月份,环比,价格,province,city,county,prov_city
265599,新阳路51号小区,哈尔滨,道里,安国街,2000,小高层,新阳路51号,126.6116567,45.76045579,1.0,30.0,,70,公寓住宅,民用,8.5,12,0.0,8352.0,Heilongjiang,Haerbin,Daoli,Heilongjiang-Haerbin
265610,安化街小区(安化街52-78号(双号)),哈尔滨,道里,安国街,2000,小高层,安化街52-78号(双号),126.6141662,45.75787618,1.0,30.0,,670,公寓住宅,民用,8.5,12,-1.01,8097.0,Heilongjiang,Haerbin,Daoli,Heilongjiang-Haerbin
265609,"安国街小区(安国街6号,18号,安德街80号,84号)",哈尔滨,道里,安国街,1990,小高层," 安国街6号,18号,安德街80号,84号",126.6092148,45.76414482,1.0,20.0,,128,公寓住宅,民用,8.3,12,0.0,9054.0,Heilongjiang,Haerbin,Daoli,Heilongjiang-Haerbin
265608,安松园小区,哈尔滨,道里,安国街,1993,小高层,安松街92号,126.6032692,45.76155029,1.0,20.0,,192,公寓住宅,民用,8.1,12,0.0,8276.0,Heilongjiang,Haerbin,Daoli,Heilongjiang-Haerbin
265607,"安宁街小区(安宁街23-1号,23号-25号(单号),安顺街2-8号(双号))",哈尔滨,道里,安国街,1987,小高层,"安宁街23-1号,23号-25号(单号),安顺街2-8号(双号)",126.615479,45.76057945,1.0,20.0,,208,公寓住宅,民用,7.7,12,0.0,8364.0,Heilongjiang,Haerbin,Daoli,Heilongjiang-Haerbin
265606,大安街83号小区,哈尔滨,道里,安国街,1986,小高层,大安街83号,126.6084145,45.76844371,1.0,20.0,,119,公寓住宅,民用,8.6,12,0.0,8000.0,Heilongjiang,Haerbin,Daoli,Heilongjiang-Haerbin
265605,经纬头道街小区(经纬头道街34-42号(双号)),哈尔滨,道里,安国街,1990,小高层,经纬头道街34-42号(双号),126.6166261,45.76320161,1.0,20.0,,349,公寓住宅,民用,8.4,12,0.0,7785.0,Heilongjiang,Haerbin,Daoli,Heilongjiang-Haerbin
265601,安良街44号小区,哈尔滨,道里,安国街,2008,小高层,安良街44号,126.6094814,45.7584536,1.0,30.0,,84,公寓住宅,民用,8.3,12,0.0,7942.0,Heilongjiang,Haerbin,Daoli,Heilongjiang-Haerbin
266697,"安康街小区(安康街80号,92号)",哈尔滨,道里,工部街,2005,小高层,"安康街80号,92号",126.6039701,45.7631794,1.0,30.0,,167,公寓住宅,民用,8.1,12,0.0,9115.0,Heilongjiang,Haerbin,Daoli,Heilongjiang-Haerbin
265600,安松街小区(安松街2-6号(双号)),哈尔滨,道里,安国街,2000,小高层,安松街2-6号(双号),126.6105907,45.7598518,1.0,30.0,,63,公寓住宅,民用,8.5,12,0.0,10437.0,Heilongjiang,Haerbin,Daoli,Heilongjiang-Haerbin
266696,工部街18号小区,哈尔滨,道里,工部街,2002,多层,工部街18号,126.6032081,45.76758806,1.0,30.0,,178,公寓住宅,民用,8.0,12,0.0,9411.0,Heilongjiang,Haerbin,Daoli,Heilongjiang-Haerbin
266695,友谊路小区(友谊路334号-390号(双号)),哈尔滨,道里,工部街,2000,多层,友谊路334号-390号(双号),126.5946911,45.76724726,,30.0,,484,公寓住宅,民用,7.6,12,0.0,22000.0,Heilongjiang,Haerbin,Daoli,Heilongjiang-Haerbin
265597,安静街小区(安静街6号-10号(双号)),哈尔滨,道里,安国街,2015,小高层,安静街6号-10号(双号),126.610396,45.7620621,1.0,30.0,,66,公寓住宅,民用,8.6,12,-0.68,8633.0,Heilongjiang,Haerbin,Daoli,Heilongjiang-Haerbin
265611,"安平街小区(安平街99号,安广街44-62号(双号))",哈尔滨,道里,安国街,1991,小高层,"安平街99号,安广街44-62号(双号)",126.6106975,45.75508824,1.0,20.0,,322,公寓住宅,民用,8.2,12,0.0,9507.0,Heilongjiang,Haerbin,Daoli,Heilongjiang-Haerbin
265598,"安定街小区(安定街132号,140号)",哈尔滨,道里,安国街,2010,小高层,"安定街132号,140号",126.6027724,45.75702398,1.0,30.0,,42,公寓住宅,民用,8.2,12,0.0,9085.0,Heilongjiang,Haerbin,Daoli,Heilongjiang-Haerbin
266698,安康街小区(安康街76号-88号(双号)),哈尔滨,道里,工部街,2002,小高层,安康街76号-88号(双号),126.6039403,45.76315311,1.0,30.0,,84,公寓住宅,民用,8.1,12,0.0,7384.0,Heilongjiang,Haerbin,Daoli,Heilongjiang-Haerbin
266659,地税家园(道里),哈尔滨,道里,上海街,2008,高层,友谊路501-1号,126.5914627,45.76522616,1.0,30.0,,83,公寓住宅,民用,8.3,12,0.0,18932.0,Heilongjiang,Haerbin,Daoli,Heilongjiang-Haerbin
265612,安定街107号小区,哈尔滨,道里,安国街,2010,小高层,安定街107号,126.6026254,45.75826734,1.0,30.0,,144,公寓住宅,民用,8.3,12,0.0,9138.0,Heilongjiang,Haerbin,Daoli,Heilongjiang-Haerbin
265613,安国街小区(安国街198号-200号(双号)),哈尔滨,道里,安国街,1992,小高层,安国街198号-200号(双号),126.6040938,45.75659439,1.0,20.0,,297,公寓住宅,民用,8.1,12,0.0,8863.0,Heilongjiang,Haerbin,Daoli,Heilongjiang-Haerbin
264898,桐楠格领誉,哈尔滨,道里,群力,2005,高层,"四方台大道,近融汇路",126.5432693,45.71236872,,30.0,400000.0,3896,公寓住宅,民用,7.9,12,-0.39,12188.0,Heilongjiang,Haerbin,Daoli,Heilongjiang-Haerbin
264897,美晨家园,哈尔滨,道里,群力,2007,多层|高层,"工农大街1号,安阳路332号,跃进街15号",126.5738029,45.73239566,1.0,30.0,,4316,公寓住宅,民用,7.8,12,0.01,9760.0,Heilongjiang,Haerbin,Daoli,Heilongjiang-Haerbin
264896,三松宜家,哈尔滨,道里,群力,2015,高层,"群力第六大道,近阳江路",126.5398384,45.72033093,1.0,40.0,,2312,公寓住宅,民用,8.2,12,0.23,12395.0,Heilongjiang,Haerbin,Daoli,Heilongjiang-Haerbin
264895,观复国际,哈尔滨,道里,群力,2014,多层|高层,"景江东路,近群力第七大道",126.5613864,45.72908883,1.0,20.0,118510.0,319,公寓住宅,民用,8.3,12,-0.52,23333.0,Heilongjiang,Haerbin,Daoli,Heilongjiang-Haerbin
264894,恒大天地人和,哈尔滨,道里,群力,2015,多层|高层,"群力第六大道,近融江路",126.5387463,45.72209801,1.0,40.0,,2444,公寓住宅,民用,8.1,12,0.66,15594.0,Heilongjiang,Haerbin,Daoli,Heilongjiang-Haerbin
264893,汇锦庄园,哈尔滨,道里,群力,2015,高层,"丽江路,近群力第六大道",126.5403325,45.72485991,1.0,30.0,,1073,公寓住宅,民用,8.3,12,-0.83,20358.0,Heilongjiang,Haerbin,Daoli,Heilongjiang-Haerbin
264891,恒祥空间,哈尔滨,道里,群力,2019,多层|高层,"群力第六大道,近朗江路",126.5228058,45.72243979,1.0,40.0,496976.0,4143,公寓住宅,民用,7.8,12,-0.38,13203.0,Heilongjiang,Haerbin,Daoli,Heilongjiang-Haerbin
264890,海富第五大道,哈尔滨,道里,群力,2011,多层|高层,群力第六大道355号,126.5530037,45.72921656,1.0,70.0,,3683,公寓住宅,民用,8.6,12,0.02,16605.0,Heilongjiang,Haerbin,Daoli,Heilongjiang-Haerbin
264889,宏润翠湖天地翠园,哈尔滨,道里,群力,2020,高层,"融江路,近群力大道",126.5349643,45.73161273,1.0,50.0,,2346,公寓住宅,民用,8.1,12,-0.39,19638.0,Heilongjiang,Haerbin,Daoli,Heilongjiang-Haerbin
264888,漫步巴黎,哈尔滨,道里,群力,2013,小高层|高层,工农大街463号,126.5658108,45.72737882,1.0,36.0,,5859,公寓住宅,民用,8.2,12,-0.4,14418.0,Heilongjiang,Haerbin,Daoli,Heilongjiang-Haerbin
264887,群力观江国际,哈尔滨,道里,群力,2011,高层,景江西路2188号,126.5505214,45.74166165,1.0,35.03,616600.0,3852,公寓住宅,民用,8.2,12,-0.59,17809.0,Heilongjiang,Haerbin,Daoli,Heilongjiang-Haerbin
264886,金安向日葵,哈尔滨,道里,群力,2013,多层|小高层,"丽江路,近群力第五大道",126.5430188,45.73124769,1.0,30.0,,1670,公寓住宅,民用,8.0,12,0.0,19868.0,Heilongjiang,Haerbin,Daoli,Heilongjiang-Haerbin
264884,恒盛豪庭,哈尔滨,道里,群力,2011,高层,群力第五大道1599号,126.5510883,45.73376639,1.0,35.0,,3803,公寓住宅,民用,8.3,12,0.09,15744.0,Heilongjiang,Haerbin,Daoli,Heilongjiang-Haerbin
264899,康泰嘉园,哈尔滨,道里,群力,2012,小高层,南北路240号,126.5301198,45.71231381,1.0,32.0,,4139,公寓住宅,民用,7.6,12,-0.56,9018.0,Heilongjiang,Haerbin,Daoli,Heilongjiang-Haerbin
264900,保利上城,哈尔滨,道里,群力,2001,多层|小高层|高层,群力第五大道3645号,126.5243676,45.72507414,1.0,34.0,190183.0,1472,公寓住宅,民用,7.8,12,1.39,15729.0,Heilongjiang,Haerbin,Daoli,Heilongjiang-Haerbin
264901,宏润翠湖天地,哈尔滨,道里,群力,2020,多层|高层,"群力大道,近丽江路",126.5297082,45.72797432,1.0,50.0,800000.0,1749,公寓住宅,民用,8.1,12,0.0,31004.0,Heilongjiang,Haerbin,Daoli,Heilongjiang-Haerbin
264902,海富锦园,哈尔滨,道里,群力,2014,多层|高层,"群力第七大道,近融江路",126.5387707,45.71648646,1.0,40.0,,1731,公寓住宅,民用,8.1,12,-0.65,13297.0,Heilongjiang,Haerbin,Daoli,Heilongjiang-Haerbin
265614,"安松街小区(安松街82号,86号)",哈尔滨,道里,安国街,2000,小高层," 安松街82号,86号",126.6041036,45.76133369,1.0,25.0,,141,公寓住宅,民用,8.3,12,0.0,8468.0,Heilongjiang,Haerbin,Daoli,Heilongjiang-Haerbin
265616,安丰街小区(安丰街6-42号(双号)),哈尔滨,道里,安国街,2000,多层,安丰街6-42号(双号),126.6090383,45.76309491,1.0,30.0,,217,公寓住宅,民用,8.3,12,0.0,9114.0,Heilongjiang,Haerbin,Daoli,Heilongjiang-Haerbin
265617,"安广街小区(安广街125号,127号)",哈尔滨,道里,安国街,1992,多层,"安广街125号,127号",126.6036068,45.75783043,1.0,20.0,,246,公寓住宅,民用,7.9,12,0.0,8400.0,Heilongjiang,Haerbin,Daoli,Heilongjiang-Haerbin
265618,"安丰街小区(安丰街82-90号(双号),安宁街171号,安正街26-30号(双号))",哈尔滨,道里,安国街,1991,小高层|高层,"安丰街82-90号(双号),安宁街171号,安正街26-30号(双号)",126.6037,45.76431154,1.0,20.0,,436,公寓住宅,民用,8.2,12,0.0,9744.0,Heilongjiang,Haerbin,Daoli,Heilongjiang-Haerbin
265619,"安宁街小区(安宁街150-154号(双号),安定街21号)",哈尔滨,道里,安国街,1991,小高层,"安宁街150-154号(双号),安定街21号",126.6046192,45.76308254,1.0,20.0,,248,公寓住宅,民用,8.1,12,0.0,10327.0,Heilongjiang,Haerbin,Daoli,Heilongjiang-Haerbin
265620,安顺街164号小区,哈尔滨,道里,安国街,2006,小高层,安顺街164号,126.6054471,45.76460078,1.0,30.0,,96,公寓住宅,民用,8.3,12,0.0,9047.0,Heilongjiang,Haerbin,Daoli,Heilongjiang-Haerbin
265621,安宁街小区(安宁街130号-146号(双号)),哈尔滨,道里,安国街,1991,小高层,安宁街130号-146号(双号),126.6060449,45.76245107,1.0,20.0,,91,公寓住宅,民用,7.9,12,0.0,9161.0,Heilongjiang,Haerbin,Daoli,Heilongjiang-Haerbin
265623,北安街小区(北安街100号-112号(双号)),哈尔滨,道里,安国街,1991,小高层,北安街100号-112号(双号),126.6112135,45.76381389,1.0,20.0,,105,公寓住宅,民用,8.4,12,0.0,8303.0,Heilongjiang,Haerbin,Daoli,Heilongjiang-Haerbin
264904,丽水丁香园,哈尔滨,道里,群力,2011,多层|高层,群力第六大道988号,126.5482564,45.72271265,1.0,32.0,,1625,公寓住宅,民用,8.6,12,0.18,12647.0,Heilongjiang,Haerbin,Daoli,Heilongjiang-Haerbin
264903,中海紫御观邸,哈尔滨,道里,群力,2017,多层|高层|超高层,"朗江路,近群力大道",126.5236089,45.72740559,1.0,40.0,245100.0,1732,公寓住宅,民用,7.9,12,0.13,18969.0,Heilongjiang,Haerbin,Daoli,Heilongjiang-Haerbin
265622,安松街小区(安松街90号-106号(双号)),哈尔滨,道里,安国街,1991,小高层,安松街90号-106号(双号),126.6028828,45.76163507,1.0,20.0,,311,公寓住宅,民用,8.1,12,0.0,7960.0,Heilongjiang,Haerbin,Daoli,Heilongjiang-Haerbin
266701,原种厂新楼,哈尔滨,道里,机场路,2002,小高层,机场路,126.4825742,45.66822347,,30.0,,1,公寓住宅,民用,6.6,12,0.0,4050.0,Heilongjiang,Haerbin,Daoli,Heilongjiang-Haerbin
266672,花蒲公寓,哈尔滨,道里,上游街,1999,高层,花圃街20号,126.6137452,45.77563375,1.0,20.0,,64,公寓住宅,民用,7.9,12,0.0,11817.0,Heilongjiang,Haerbin,Daoli,Heilongjiang-Haerbin
266671,友谊路小区(友谊路158号-168号(双号)),哈尔滨,道里,上游街,1991,小高层,友谊路158号-168号(双号),126.6080361,45.77530207,1.0,20.0,,41,公寓住宅,民用,7.8,12,0.0,10584.0,Heilongjiang,Haerbin,Daoli,Heilongjiang-Haerbin
266668,上游街小区(上游街52号-92号(双号)),哈尔滨,道里,上游街,1991,多层,上游街52号-92号(双号),126.6104418,45.77381149,1.0,20.0,,374,公寓住宅,民用,7.8,12,0.0,11041.0,Heilongjiang,Haerbin,Daoli,Heilongjiang-Haerbin
266667,中艺瑞宝名苑,哈尔滨,道里,买卖街,1995,小高层,买卖街194号,126.6225313,45.77273018,1.0,25.9,,154,公寓住宅,民用,8.4,12,0.0,10283.0,Heilongjiang,Haerbin,Daoli,Heilongjiang-Haerbin
266666,"买卖街小区(买卖街14-1号,14-2号,26号,32号)",哈尔滨,道里,买卖街,1991,小高层,"买卖街14-1号,14-2号,26号,32号",126.6259944,45.76545097,1.0,20.0,,192,公寓住宅,民用,8.1,12,0.0,8020.0,Heilongjiang,Haerbin,Daoli,Heilongjiang-Haerbin
266665,友谊大厦,哈尔滨,道里,买卖街,1987,小高层,友谊路14号,126.6218513,45.77743732,1.0,20.0,,108,公寓住宅,民用,7.5,12,0.0,8000.0,Heilongjiang,Haerbin,Daoli,Heilongjiang-Haerbin
266663,江桥胡同26号小区,哈尔滨,道里,买卖街,1986,小高层,江桥胡同26号,126.6212276,45.77955898,1.0,20.0,,387,公寓住宅,民用,7.4,12,0.0,9885.0,Heilongjiang,Haerbin,Daoli,Heilongjiang-Haerbin
266662,"买卖街小区(买卖街93号,透笼街1-D号)",哈尔滨,道里,买卖街,1995,多层,"买卖街93号,透笼街1-D号",126.6250089,45.76902355,1.0,20.0,,219,公寓住宅,民用,8.2,12,0.0,9966.0,Heilongjiang,Haerbin,Daoli,Heilongjiang-Haerbin
266661,"河润街小区(109-2号,95号)",哈尔滨,道里,上海街,1991,小高层,"河润街95号,109-2号",126.5892908,45.76010294,1.0,20.0,,332,公寓住宅,民用,7.5,12,0.0,8542.0,Heilongjiang,Haerbin,Daoli,Heilongjiang-Haerbin
266646,"松树街小区(松树街46号,松森街14号)",哈尔滨,道里,前进路,1993,小高层,"松树街46号,松森街14号",126.5919857,45.74709618,1.0,20.0,,308,公寓住宅,民用,7.6,12,0.0,9346.0,Heilongjiang,Haerbin,Daoli,Heilongjiang-Haerbin
266647,钢铁街90号小区,哈尔滨,道里,前进路,2001,小高层,钢铁街90号,126.5874373,45.74201681,1.0,30.0,,352,公寓住宅,民用,7.8,12,0.0,9046.0,Heilongjiang,Haerbin,Daoli,Heilongjiang-Haerbin
266648,北五家园,哈尔滨,道里,前进路,2002,多层,建国北四道街5号,126.5952136,45.75072188,1.0,30.0,,281,公寓住宅,民用,8.0,12,0.0,8533.0,Heilongjiang,Haerbin,Daoli,Heilongjiang-Haerbin
266649,"建国北头道街小区(建国北头道街3-15号(单号),建国北二道街18,20号)",哈尔滨,道里,前进路,2015,多层,"建国北头道街3-15号(单号),建国北二道街18,20号",126.5956509,45.74861047,1.0,30.0,,414,公寓住宅,民用,8.1,12,-0.71,8413.0,Heilongjiang,Haerbin,Daoli,Heilongjiang-Haerbin
266654,通达街401号小区,哈尔滨,道里,前进路,1999,小高层,通达街401号,126.5965479,45.74611864,1.0,20.0,,88,公寓住宅,民用,7.8,12,0.0,8023.0,Heilongjiang,Haerbin,Daoli,Heilongjiang-Haerbin
266655,建国街212号小区,哈尔滨,道里,前进路,1995,多层,建国街212号,126.5936688,45.7451622,1.0,20.0,,126,公寓住宅,民用,7.7,12,0.0,8060.0,Heilongjiang,Haerbin,Daoli,Heilongjiang-Haerbin
266656,松源街小区(松源街20号-24号(双号)),哈尔滨,道里,前进路,1994,小高层,松源街20号-24号(双号),126.5910001,45.74556159,1.0,20.0,,126,公寓住宅,民用,8.0,12,0.0,8552.0,Heilongjiang,Haerbin,Daoli,Heilongjiang-Haerbin
266657,前进路小区,哈尔滨,道里,前进路,1997,小高层,前进路,126.5847305,45.74187925,1.0,20.0,,2320,公寓住宅,民用,7.6,12,0.0,7878.0,Heilongjiang,Haerbin,Daoli,Heilongjiang-Haerbin
266658,天禹旺角春天,哈尔滨,道里,前进路,2013,高层,前进路88号,126.5855349,45.74083304,1.0,30.0,30597.0,300,公寓住宅,民用,7.9,12,0.0,9612.0,Heilongjiang,Haerbin,Daoli,Heilongjiang-Haerbin
266704,金地家园一期(道里),哈尔滨,道里,机场路,2005,多层,新企路1号,126.4814947,45.66547207,1.0,20.0,,952,公寓住宅,民用,6.8,12,0.0,3424.0,Heilongjiang,Haerbin,Daoli,Heilongjiang-Haerbin
266705,原酒厂职工家属楼,哈尔滨,道里,机场路,1998,多层,机场路,126.4193443,45.65025989,,20.0,,30,公寓住宅,民用,6.0,12,0.0,5000.0,Heilongjiang,Haerbin,Daoli,Heilongjiang-Haerbin
266706,鑫鑫家园,哈尔滨,道里,机场路,2000,多层,机场路999号,126.419226,45.65083407,,30.0,,282,公寓住宅,民用,6.2,12,0.0,7100.0,Heilongjiang,Haerbin,Daoli,Heilongjiang-Haerbin
266660,友谊路小区(友谊路334号-390号(双号)),哈尔滨,道里,上海街,2000,多层,友谊路334号-390号(双号),126.5946911,45.76724726,,30.0,,484,公寓住宅,民用,7.6,12,0.0,22000.0,Heilongjiang,Haerbin,Daoli,Heilongjiang-Haerbin
266689,红霞街132号小区,哈尔滨,道里,工部街,2000,多层,红霞街,126.6040515,45.7702732,,30.0,,114,公寓住宅,民用,7.9,12,0.0,8000.0,Heilongjiang,Haerbin,Daoli,Heilongjiang-Haerbin
266688,"安宁街小区(安宁街150-154号(双号),安定街21号)",哈尔滨,道里,工部街,1991,小高层,"安宁街150-154号(双号),安定街21号",126.6046192,45.76308254,1.0,20.0,,248,公寓住宅,民用,8.1,12,0.0,10327.0,Heilongjiang,Haerbin,Daoli,Heilongjiang-Haerbin
266707,新发花园,哈尔滨,道里,机场路,1999,小高层,机场路550号,126.4733963,45.66407038,1.0,10.0,,357,公寓住宅,民用,6.8,12,0.0,3000.0,Heilongjiang,Haerbin,Daoli,Heilongjiang-Haerbin
266708,新发教育园区,哈尔滨,道里,机场路,2007,多层,机场路554号,126.4840561,45.66751033,1.0,30.0,,630,公寓住宅,民用,6.7,12,0.0,5000.0,Heilongjiang,Haerbin,Daoli,Heilongjiang-Haerbin
266321,"安顺街小区(安顺街60号,64号)",哈尔滨,道里,安升街,2006,小高层,"安顺街60号,64号",126.6123653,45.76189733,1.0,30.0,,42,公寓住宅,民用,8.3,12,0.0,8000.0,Heilongjiang,Haerbin,Daoli,Heilongjiang-Haerbin
266710,怡景森林城,哈尔滨,道里,机场路,2016,多层|小高层,机场路417号,126.493016,45.6704232,,45.0,,0,公寓住宅,民用,6.7,12,0.0,5648.0,Heilongjiang,Haerbin,Daoli,Heilongjiang-Haerbin
266711,富园小区,哈尔滨,道里,机场路,2010,多层|小高层,机场路636-1号,126.471869,45.66070819,1.0,25.0,,1323,公寓住宅,民用,6.7,12,0.0,4571.0,Heilongjiang,Haerbin,Daoli,Heilongjiang-Haerbin
266702,福园小区(道里),哈尔滨,道里,机场路,2002,小高层,机场路,126.4343048,45.64962415,1.0,15.0,,343,公寓住宅,民用,6.5,12,0.0,4800.0,Heilongjiang,Haerbin,Daoli,Heilongjiang-Haerbin
266645,通达街383号小区,哈尔滨,道里,前进路,2000,小高层,通达街383号,126.597272,45.74578542,,30.0,,42,公寓住宅,民用,7.9,12,0.0,8571.0,Heilongjiang,Haerbin,Daoli,Heilongjiang-Haerbin
265602,安升街93号小区,哈尔滨,道里,安国街,1999,小高层,安升街93号,126.6058436,45.75958144,1.0,20.0,,0,公寓住宅,民用,8.5,12,0.0,8352.0,Heilongjiang,Haerbin,Daoli,Heilongjiang-Haerbin
265603,经纬六道街7号小区,哈尔滨,道里,安国街,1996,小高层,经纬六道街7号,126.6087635,45.76712849,1.0,20.0,,147,公寓住宅,民用,8.7,12,0.0,16349.0,Heilongjiang,Haerbin,Daoli,Heilongjiang-Haerbin
265604,北安街25号小区,哈尔滨,道里,安国街,1988,小高层,北安街25号,126.6131921,45.76342411,1.0,20.0,,133,公寓住宅,民用,8.2,12,0.0,8171.0,Heilongjiang,Haerbin,Daoli,Heilongjiang-Haerbin
265596,安静二胡同小区(安静二胡同8号-16号(双号)),哈尔滨,道里,安国街,2000,小高层,安静二胡同8号-16号(双号),126.607958,45.75952115,1.0,30.0,,204,公寓住宅,民用,8.4,12,0.0,8844.0,Heilongjiang,Haerbin,Daoli,Heilongjiang-Haerbin
266687,"安丰街小区(安丰街82-90号(双号),安宁街171号,安正街26-30号(双号))",哈尔滨,道里,工部街,1991,小高层|高层,"安丰街82-90号(双号),安宁街171号,安正街26-30号(双号)",126.6037,45.76431154,1.0,20.0,,436,公寓住宅,民用,8.2,12,0.0,9744.0,Heilongjiang,Haerbin,Daoli,Heilongjiang-Haerbin
266686,"经纬十道街小区(经纬十道街23号,经纬十一道街18号,工部街32号-44号(双号))",哈尔滨,道里,工部街,2011,多层,"经纬十道街23号,经纬十一道街18号,工部街32号-44号(双号)",126.601814,45.76703067,1.0,30.0,,357,公寓住宅,民用,8.2,12,0.0,8600.0,Heilongjiang,Haerbin,Daoli,Heilongjiang-Haerbin
266685,"经纬十一道街小区(经纬十一道街45号,经纬十二道街18-1号,18-2号,20号,工部街52号,58号)",哈尔滨,道里,工部街,1991,小高层,"经纬十一道街45号,经纬十二道街18-1号,18-2号,20号,工部街52号,58号",126.6004508,45.76772,1.0,20.0,,294,公寓住宅,民用,7.9,12,0.0,8514.0,Heilongjiang,Haerbin,Daoli,Heilongjiang-Haerbin
266684,"友谊路小区(友谊路230号-260号(双号),工程街9号-21号(单号))",哈尔滨,道里,工部街,1988,小高层,"友谊路230号-260号(双号),工程街9号-21号(单号)",126.6007255,45.7724015,1.0,20.0,,789,公寓住宅,民用,8.1,12,3.58,9233.0,Heilongjiang,Haerbin,Daoli,Heilongjiang-Haerbin
266683,"经纬十二道街小区(经纬十二道街24-1号,26号)",哈尔滨,道里,工部街,1989,小高层,"经纬十二道街24-1号,26号",126.6004642,45.76840948,1.0,20.0,,89,公寓住宅,民用,8.0,12,0.0,7500.0,Heilongjiang,Haerbin,Daoli,Heilongjiang-Haerbin
266682,工程街69号小区,哈尔滨,道里,工部街,1983,小高层,工程街69号,126.5973045,45.76874246,1.0,20.0,,128,公寓住宅,民用,7.6,12,0.0,9576.0,Heilongjiang,Haerbin,Daoli,Heilongjiang-Haerbin
266681,"友谊路小区(友谊路316号-368号(双号),工程街83-3号)",哈尔滨,道里,工部街,1989,小高层,"友谊路316号-368号(双号),工程街83-3号",126.5958311,45.76844301,1.0,20.0,,533,公寓住宅,民用,7.7,12,-0.31,9259.0,Heilongjiang,Haerbin,Daoli,Heilongjiang-Haerbin
266680,"建国街小区(建国街265号,269号,281号)",哈尔滨,道里,松源街,1991,多层,"建国街265号,269号,281号",126.5917545,45.74360597,1.0,20.0,,523,公寓住宅,民用,7.7,12,0.0,9160.0,Heilongjiang,Haerbin,Daoli,Heilongjiang-Haerbin
266679,"新阳路小区(新阳路501号,501-1号,501-2号,建国街270-1号,新学路2号)",哈尔滨,道里,松源街,1998,多层,"新阳路501号,501-1号,501-2号,建国街270-1号,新学路2号",126.5937779,45.74017527,1.0,20.0,,0,公寓住宅,民用,7.7,12,0.0,7264.0,Heilongjiang,Haerbin,Daoli,Heilongjiang-Haerbin
266644,松森街2号小区,哈尔滨,道里,前进路,1999,小高层,松森街2号,126.591299,45.74737409,1.0,20.0,,0,公寓住宅,民用,8.5,12,0.0,8440.0,Heilongjiang,Haerbin,Daoli,Heilongjiang-Haerbin
266320,安顺街68号小区,哈尔滨,道里,安升街,2006,小高层,安顺街68号,126.6118183,45.76201601,1.0,30.0,,86,公寓住宅,民用,8.2,12,0.0,7533.0,Heilongjiang,Haerbin,Daoli,Heilongjiang-Haerbin
265015,"经纬头道街小区(经纬头道街52号,北安街2-12号(双号))",哈尔滨,道里,爱建,1987,小高层,"经纬头道街52号,北安街2-12号(双号)",126.6157712,45.76153692,1.0,20.0,,290,公寓住宅,民用,8.3,12,0.0,8146.0,Heilongjiang,Haerbin,Daoli,Heilongjiang-Haerbin
265594,安国街210号小区,哈尔滨,道里,安国街,2006,小高层,安国街210号,126.6040131,45.75624149,1.0,30.0,,126,公寓住宅,民用,8.3,12,0.0,8064.0,Heilongjiang,Haerbin,Daoli,Heilongjiang-Haerbin
265231,建国南头道街小区(建国南头道街66-94号(双号)),哈尔滨,道里,新阳路,2001,小高层,建国南头道街66-94号(双号),126.5963959,45.74680249,1.0,20.0,,449,公寓住宅,民用,7.9,12,0.0,9903.0,Heilongjiang,Haerbin,Daoli,Heilongjiang-Haerbin
265232,安宁小区,哈尔滨,道里,新阳路,1985,多层,安宁街132号,126.6087741,45.76160865,1.0,36.0,,364,公寓住宅,民用,9.0,12,0.0,10190.0,Heilongjiang,Haerbin,Daoli,Heilongjiang-Haerbin
265233,安平街小区(安平街4-12号(双号)),哈尔滨,道里,新阳路,1991,小高层,安平街4-12号(双号),126.614639,45.76121959,1.0,20.0,,232,公寓住宅,民用,8.1,12,-0.8,8400.0,Heilongjiang,Haerbin,Daoli,Heilongjiang-Haerbin
265234,松拖小区,哈尔滨,道里,新阳路,1989,多层,民安街221号,126.598617,45.74430193,1.0,20.0,,1181,公寓住宅,民用,7.8,12,0.0,7017.0,Heilongjiang,Haerbin,Daoli,Heilongjiang-Haerbin
265235,民众街106号小区,哈尔滨,道里,新阳路,1998,多层,民众街106号,126.5993311,45.73698921,1.0,20.0,,176,公寓住宅,民用,8.3,12,0.0,9600.0,Heilongjiang,Haerbin,Daoli,Heilongjiang-Haerbin
265236,"安心街小区(安心街55号,安化街96号)",哈尔滨,道里,新阳路,1990,多层,"安心街55号,安化街96号",126.6135423,45.75535795,1.0,20.0,,535,公寓住宅,民用,8.2,12,-0.39,8074.0,Heilongjiang,Haerbin,Daoli,Heilongjiang-Haerbin
265237,"安达街小区(安达街2号,4号)",哈尔滨,道里,新阳路,1987,小高层,"安达街2号,4号",126.6145534,45.75819673,1.0,20.0,,45,公寓住宅,民用,8.5,12,0.0,8906.0,Heilongjiang,Haerbin,Daoli,Heilongjiang-Haerbin
265238,"安德街小区(安德街4号-26号(双号),安宁街133号)",哈尔滨,道里,新阳路,1990,小高层,"安德街4号-26号(双号),安宁街133号",126.60775,45.76122439,1.0,20.0,,254,公寓住宅,民用,8.0,12,0.0,9222.0,Heilongjiang,Haerbin,Daoli,Heilongjiang-Haerbin
265239,信合大厦,哈尔滨,道里,新阳路,2005,多层,经纬二道街59-1号,126.6134285,45.763635,1.0,30.0,,208,公寓住宅,民用,8.7,12,0.0,11980.0,Heilongjiang,Haerbin,Daoli,Heilongjiang-Haerbin
265240,恒祥大厦,哈尔滨,道里,新阳路,2010,高层,新阳路329号,126.6011902,45.74822502,1.0,20.0,,154,公寓住宅,民用,8.2,12,0.0,9327.0,Heilongjiang,Haerbin,Daoli,Heilongjiang-Haerbin
265241,金鼎佰悦,哈尔滨,道里,新阳路,2000,高层,新阳路376号,126.6010489,45.74655964,1.0,30.0,,270,公寓住宅,民用,8.2,12,0.0,9512.0,Heilongjiang,Haerbin,Daoli,Heilongjiang-Haerbin
265242,安吉益智园,哈尔滨,道里,新阳路,1990,多层,安化街184-7号,126.6092782,45.75065079,1.0,20.0,,626,公寓住宅,民用,8.0,12,0.0,8917.0,Heilongjiang,Haerbin,Daoli,Heilongjiang-Haerbin
265243,通达街166号小区,哈尔滨,道里,新阳路,2005,小高层,通达街166号,126.60252,45.74274254,1.0,30.0,,98,公寓住宅,民用,8.2,12,0.0,6833.0,Heilongjiang,Haerbin,Daoli,Heilongjiang-Haerbin
265244,安化街小区(安化街52-78号(双号)),哈尔滨,道里,新阳路,2000,小高层,安化街52-78号(双号),126.6141662,45.75787618,1.0,30.0,,670,公寓住宅,民用,8.5,12,-1.01,8097.0,Heilongjiang,Haerbin,Daoli,Heilongjiang-Haerbin
265245,"建国南三道街小区(建国南三道街1,3,10号)",哈尔滨,道里,新阳路,1996,小高层,"建国南三道街1,3,10号",126.6002061,45.74820485,1.0,20.0,,195,公寓住宅,民用,8.0,12,0.0,10126.0,Heilongjiang,Haerbin,Daoli,Heilongjiang-Haerbin
265246,"河广街小区(河广街16号-58号(双号),阳明街13号,建国街55号)",哈尔滨,道里,新阳路,1993,多层,"河广街16号-58号(双号),阳明街13号,建国街55号",126.5973962,45.75219867,1.0,20.0,,1086,公寓住宅,民用,7.7,12,-2.91,7359.0,Heilongjiang,Haerbin,Daoli,Heilongjiang-Haerbin
265247,安发街3号小区,哈尔滨,道里,新阳路,1993,小高层,安发街3号,126.6116317,45.75294921,1.0,20.0,,77,公寓住宅,民用,8.1,12,0.0,8529.0,Heilongjiang,Haerbin,Daoli,Heilongjiang-Haerbin
265230,安化北段社区,哈尔滨,道里,新阳路,1988,多层|高层,安化街75号,126.6124267,45.7561226,1.0,20.0,,650,公寓住宅,民用,8.3,12,0.0,9402.0,Heilongjiang,Haerbin,Daoli,Heilongjiang-Haerbin
265229,哈教综合楼,哈尔滨,道里,新阳路,1990,多层,新阳路289号,126.6039297,45.7520801,1.0,20.0,,411,公寓住宅,民用,8.3,12,0.0,8992.0,Heilongjiang,Haerbin,Daoli,Heilongjiang-Haerbin
265228,"建国南二道街小区(建国南二道街7号,2-14号(双号))",哈尔滨,道里,新阳路,2003,多层,"建国南二道街7号,2-14号(双号)",126.5998081,45.74907487,1.0,20.0,,589,公寓住宅,民用,8.0,12,0.0,9000.0,Heilongjiang,Haerbin,Daoli,Heilongjiang-Haerbin
265227,民庆家和居,哈尔滨,道里,新阳路,2006,小高层,民庆街27号,126.5990683,45.74251942,1.0,30.0,,173,公寓住宅,民用,8.1,12,0.0,9220.0,Heilongjiang,Haerbin,Daoli,Heilongjiang-Haerbin
265209,"安广街小区(新阳路187-1号,安广街78号)",哈尔滨,道里,新阳路,2004,小高层,"新阳路187-1号,安广街78号",126.6083864,45.75617709,1.0,30.0,,510,公寓住宅,民用,8.1,12,-0.27,9984.0,Heilongjiang,Haerbin,Daoli,Heilongjiang-Haerbin
265210,建国南头道街35号小区,哈尔滨,道里,新阳路,1993,小高层,建国南头道街35号,126.5963179,45.74738748,1.0,20.0,,144,公寓住宅,民用,8.3,12,0.0,8716.0,Heilongjiang,Haerbin,Daoli,Heilongjiang-Haerbin
265211,建国南二道街小区(建国南二道街11-15号(单号)),哈尔滨,道里,新阳路,2003,小高层,建国南二道街11-15号(单号),126.5987218,45.74814831,1.0,20.0,,356,公寓住宅,民用,8.1,12,0.0,9308.0,Heilongjiang,Haerbin,Daoli,Heilongjiang-Haerbin
265212,"东安街小区(东安街2-1号,副50号,10-70号(双号))",哈尔滨,道里,新阳路,1998,小高层,"东安街2-1号,副50号,10-70号(双号)",126.6187621,45.7612508,1.0,20.0,,476,公寓住宅,民用,8.3,12,0.0,9312.0,Heilongjiang,Haerbin,Daoli,Heilongjiang-Haerbin
265213,安定街小区(安定街84号-112号(双号)),哈尔滨,道里,新阳路,1989,小高层,安定街84号-112号(双号),126.6036832,45.75860351,1.0,20.0,,140,公寓住宅,民用,7.9,12,0.0,9346.0,Heilongjiang,Haerbin,Daoli,Heilongjiang-Haerbin
265214,"安心街小区(安宁街2号-12号(双号),安心街24-28号)",哈尔滨,道里,新阳路,1994,小高层,"安宁街2号-12号(双号),安心街24-28号",126.6158418,45.75973726,1.0,20.0,,594,公寓住宅,民用,8.4,12,1.39,8839.0,Heilongjiang,Haerbin,Daoli,Heilongjiang-Haerbin
265215,安德街42号小区,哈尔滨,道里,新阳路,1990,多层,安德街42号,126.607654,45.76007264,1.0,20.0,,133,公寓住宅,民用,8.4,12,0.0,8617.0,Heilongjiang,Haerbin,Daoli,Heilongjiang-Haerbin
265216,通达街138号小区,哈尔滨,道里,新阳路,1990,多层,通达街138号,126.6066183,45.73889798,1.0,20.0,,408,公寓住宅,民用,8.3,12,0.0,7884.0,Heilongjiang,Haerbin,Daoli,Heilongjiang-Haerbin
265248,"安和街小区(安和街65-91号(单号),148号)",哈尔滨,道里,新阳路,1991,小高层,"安和街65-91号(单号),148号",126.6042178,45.75481582,1.0,20.0,,486,公寓住宅,民用,8.2,12,-0.18,8544.0,Heilongjiang,Haerbin,Daoli,Heilongjiang-Haerbin
265217,"经纬二道街小区(经纬二道街33号,44号,44-1号)",哈尔滨,道里,新阳路,1998,高层,"经纬二道街33号,44号,44-1号",126.6142251,45.76305967,1.0,20.0,,244,公寓住宅,民用,9.0,12,0.0,12701.0,Heilongjiang,Haerbin,Daoli,Heilongjiang-Haerbin
265219,新阳路小区(近哈药路),哈尔滨,道里,新阳路,1990,多层,新阳路439号-475号(单号),126.5970588,45.74395243,1.0,20.0,,624,公寓住宅,民用,8.1,12,0.0,8620.0,Heilongjiang,Haerbin,Daoli,Heilongjiang-Haerbin
265220,安发街小区(安发街62号-98号(双号)),哈尔滨,道里,新阳路,1993,多层,安发街62号-98号(双号),126.6060609,45.75459064,1.0,20.0,,368,公寓住宅,民用,8.3,12,0.0,7156.0,Heilongjiang,Haerbin,Daoli,Heilongjiang-Haerbin
265221,"抚顺街小区(安心街136-180号(双号),抚顺街283-341号(单号))",哈尔滨,道里,新阳路,1990,多层,"安心街136-180号(双号),抚顺街283-341号(单号)",126.6162666,45.75997283,1.0,20.0,,910,公寓住宅,民用,8.3,12,0.11,9623.0,Heilongjiang,Haerbin,Daoli,Heilongjiang-Haerbin
265222,安心街36号小区,哈尔滨,道里,新阳路,1990,多层,安心街36号,126.615155,45.75856311,1.0,20.0,,296,公寓住宅,民用,8.3,12,0.0,8325.0,Heilongjiang,Haerbin,Daoli,Heilongjiang-Haerbin
265223,"安发街小区(安固街107号,安发街30号-48号(双号))",哈尔滨,道里,新阳路,1990,多层|小高层,"安固街107号,安发街30号-48号(双号)",126.6081666,45.75348594,1.0,20.0,,254,公寓住宅,民用,8.2,12,0.0,9785.0,Heilongjiang,Haerbin,Daoli,Heilongjiang-Haerbin
265224,新阳名苑,哈尔滨,道里,新阳路,1996,小高层,经纬二道街20号,126.6147376,45.7638626,1.0,20.0,,517,公寓住宅,民用,8.8,12,0.0,12537.0,Heilongjiang,Haerbin,Daoli,Heilongjiang-Haerbin
265225,新湖康桥,哈尔滨,道里,新阳路,2008,小高层,安化街160号,126.6106663,45.75215969,1.0,20.0,,125,公寓住宅,民用,8.2,12,0.0,10576.0,Heilongjiang,Haerbin,Daoli,Heilongjiang-Haerbin
265226,天顺嘉园,哈尔滨,道里,新阳路,2000,小高层,安吉街46号,126.6067669,45.75152351,1.0,28.0,,215,公寓住宅,民用,8.0,12,0.0,9937.0,Heilongjiang,Haerbin,Daoli,Heilongjiang-Haerbin
265218,新阳路小区(近安达街),哈尔滨,道里,新阳路,1995,多层,新阳路54号-168号(双号),126.6117,45.75955401,1.0,20.0,,604,公寓住宅,民用,8.4,12,0.0,8960.0,Heilongjiang,Haerbin,Daoli,Heilongjiang-Haerbin
265208,新阳胡同小区,哈尔滨,道里,新阳路,1984,小高层,新阳胡同,126.5957091,45.73835586,1.0,20.0,,757,公寓住宅,民用,8.1,12,0.0,9071.0,Heilongjiang,Haerbin,Daoli,Heilongjiang-Haerbin
265249,安发街102号院,哈尔滨,道里,新阳路,2004,多层,安发街102号,126.6052819,45.75493244,1.0,30.0,,120,公寓住宅,民用,8.4,12,0.0,8000.0,Heilongjiang,Haerbin,Daoli,Heilongjiang-Haerbin
265251,"安平街小区(安平街151号,安和街17号)",哈尔滨,道里,新阳路,1995,小高层,"安平街151号,安和街17号",126.6096937,45.75271116,1.0,20.0,,128,公寓住宅,民用,8.2,12,0.0,9225.0,Heilongjiang,Haerbin,Daoli,Heilongjiang-Haerbin
265274,安发街128号小区,哈尔滨,道里,新阳路,1993,多层,安发街128号,126.6027571,45.7559694,1.0,20.0,,48,公寓住宅,民用,8.1,12,0.0,9042.0,Heilongjiang,Haerbin,Daoli,Heilongjiang-Haerbin
265275,宏光大厦,哈尔滨,道里,新阳路,2000,高层,新阳路290号,126.6044413,45.75058118,1.0,32.0,,506,公寓住宅,民用,8.0,12,0.0,9670.0,Heilongjiang,Haerbin,Daoli,Heilongjiang-Haerbin
265276,"安和街小区(安化街119号-123号(单号),安固街130号,136号,安和街47号)",哈尔滨,道里,新阳路,1990,小高层,"安化街119号-123号(单号),安固街130号,136号,安和街47号",126.606865,45.7532192,1.0,20.0,,723,公寓住宅,民用,7.8,12,0.0,9636.0,Heilongjiang,Haerbin,Daoli,Heilongjiang-Haerbin
265277,新阳路小区(近安红街),哈尔滨,道里,新阳路,1993,多层|小高层,新阳路192号-254号(双号),126.6063386,45.75290666,1.0,20.0,,227,公寓住宅,民用,7.8,12,0.0,9130.0,Heilongjiang,Haerbin,Daoli,Heilongjiang-Haerbin
265278,安良社区,哈尔滨,道里,新阳路,1993,多层|小高层,安顺街115号,126.6092044,45.76338528,1.0,20.0,,184,公寓住宅,民用,8.2,12,0.0,8794.0,Heilongjiang,Haerbin,Daoli,Heilongjiang-Haerbin
265279,"安祥街小区(安祥街23号,安固街84-104号(双号))",哈尔滨,道里,新阳路,1993,小高层,"安祥街23号,安固街84-104号(双号)",126.6105306,45.75513085,1.0,26.0,,247,公寓住宅,民用,7.9,12,0.0,7776.0,Heilongjiang,Haerbin,Daoli,Heilongjiang-Haerbin
265280,铂宫,哈尔滨,道里,新阳路,2006,高层,新阳路附378号,126.6006443,45.74557862,1.0,36.0,,132,公寓住宅,民用,7.9,12,0.0,11176.0,Heilongjiang,Haerbin,Daoli,Heilongjiang-Haerbin
265281,806小区,哈尔滨,道里,新阳路,1982,多层,安平街28号,126.6140378,45.75936976,1.0,33.0,,525,公寓住宅,民用,8.1,12,0.0,8830.0,Heilongjiang,Haerbin,Daoli,Heilongjiang-Haerbin
265282,安平小区,哈尔滨,道里,新阳路,1987,多层,"安平街43,45,47号,安达街20号",126.6122574,45.75776269,1.0,36.0,,297,公寓住宅,民用,8.2,12,0.0,11481.0,Heilongjiang,Haerbin,Daoli,Heilongjiang-Haerbin
265283,天薇丽景园,哈尔滨,道里,工农大街,2012,多层|高层,丽江路1001号,126.5562529,45.71594915,1.0,49.0,,2169,公寓住宅,民用,8.1,12,0.12,10912.0,Heilongjiang,Haerbin,Daoli,Heilongjiang-Haerbin
265284,润园翡翠城,哈尔滨,道里,工农大街,2011,高层,工农大街114号,126.5650916,45.72215846,1.0,37.0,,4690,公寓住宅,民用,8.0,12,-0.1,11145.0,Heilongjiang,Haerbin,Daoli,Heilongjiang-Haerbin
265285,阳光印象,哈尔滨,道里,工农大街,2015,小高层|高层,工农大街144号,126.5628551,45.72033122,1.0,35.0,250000.0,2640,公寓住宅,民用,8.3,12,-0.38,11401.0,Heilongjiang,Haerbin,Daoli,Heilongjiang-Haerbin
265286,海富臻园,哈尔滨,道里,工农大街,1999,高层,"丽江路,近群力第七大道",126.5480264,45.71803494,1.0,35.0,,1791,公寓住宅,民用,8.2,12,0.41,14280.0,Heilongjiang,Haerbin,Daoli,Heilongjiang-Haerbin
265287,远大都市明珠(南区),哈尔滨,道里,工农大街,2011,小高层|高层,丽江路872号,126.5539726,45.71314812,1.0,31.0,,1163,公寓住宅,民用,8.0,12,0.41,11116.0,Heilongjiang,Haerbin,Daoli,Heilongjiang-Haerbin
265288,群力新苑(西区),哈尔滨,道里,工农大街,2010,高层,工农大街625号,126.557098,45.72182955,1.0,30.0,,1264,公寓住宅,民用,8.4,12,0.0,9652.0,Heilongjiang,Haerbin,Daoli,Heilongjiang-Haerbin
265289,江城国际,哈尔滨,道里,工农大街,2019,高层,群力大道1176号,126.5482109,45.73833305,1.0,35.0,,517,公寓住宅,民用,7.9,12,0.0,14528.0,Heilongjiang,Haerbin,Daoli,Heilongjiang-Haerbin
265290,乡里街143号小区,哈尔滨,道里,工农大街,1990,小高层,乡里街143号,126.5807701,45.73430621,1.0,20.0,,0,公寓住宅,民用,7.8,12,0.0,8833.0,Heilongjiang,Haerbin,Daoli,Heilongjiang-Haerbin
265273,"安达街小区(安达街26,30号,安固街27,37号,安升街25,27号)",哈尔滨,道里,新阳路,1986,小高层,"安达街26,30号,安固街27,37号,安升街25,27号",126.6116024,45.75885021,1.0,20.0,,509,公寓住宅,民用,7.9,12,0.0,8838.0,Heilongjiang,Haerbin,Daoli,Heilongjiang-Haerbin
265272,安和小区,哈尔滨,道里,新阳路,2000,小高层,安化街127号,126.6085042,45.75188497,1.0,38.0,,1370,公寓住宅,民用,8.4,12,0.0,9545.0,Heilongjiang,Haerbin,Daoli,Heilongjiang-Haerbin
265271,安良街7号小区,哈尔滨,道里,新阳路,1985,多层,安良街7号,126.610886,45.76049638,,20.0,,211,公寓住宅,民用,7.9,12,0.0,9645.0,Heilongjiang,Haerbin,Daoli,Heilongjiang-Haerbin
265270,"安德街小区(安德街67号,69号,安广街88号,90号)",哈尔滨,道里,新阳路,1995,小高层,"安德街67号,69号,安广街88号,90号",126.6051788,45.75670911,1.0,20.0,,78,公寓住宅,民用,7.9,12,0.0,8088.0,Heilongjiang,Haerbin,Daoli,Heilongjiang-Haerbin
265252,新阳路351号小区,哈尔滨,道里,新阳路,2002,小高层,新阳路351号,126.6009051,45.74793706,1.0,30.0,,128,公寓住宅,民用,8.3,12,0.0,10000.0,Heilongjiang,Haerbin,Daoli,Heilongjiang-Haerbin
265253,"抚顺街小区(抚顺街371号,373号,安心街172号,180号)",哈尔滨,道里,新阳路,2007,小高层,"抚顺街371号,373号,安心街172号,180号",126.6099877,45.74978026,1.0,30.0,,486,公寓住宅,民用,8.1,12,0.0,7149.0,Heilongjiang,Haerbin,Daoli,Heilongjiang-Haerbin
265254,宝宇凯旋城(二期),哈尔滨,道里,新阳路,2006,高层,建议街2号,126.5996719,45.74645444,1.0,31.0,,436,公寓住宅,民用,8.6,12,0.0,11347.0,Heilongjiang,Haerbin,Daoli,Heilongjiang-Haerbin
265250,抚顺街小区(抚顺街341号),哈尔滨,道里,新阳路,2000,多层,抚顺街341号,126.6109156,45.75077985,1.0,30.0,,160,公寓住宅,民用,8.2,12,-0.52,8256.0,Heilongjiang,Haerbin,Daoli,Heilongjiang-Haerbin
265262,建国街132号小区,哈尔滨,道里,新阳路,2000,多层,建国街132号,126.5976338,45.75047584,1.0,30.0,,286,公寓住宅,民用,7.8,12,0.0,8300.0,Heilongjiang,Haerbin,Daoli,Heilongjiang-Haerbin
265263,"安吉街小区(安吉街20号,28号,36号)",哈尔滨,道里,新阳路,2000,多层,"安吉街20号,28号,36号",126.6080926,45.75355531,1.0,30.0,,45,公寓住宅,民用,8.0,12,0.0,9000.0,Heilongjiang,Haerbin,Daoli,Heilongjiang-Haerbin
265264,建河头道街6号小区,哈尔滨,道里,新阳路,2001,多层,建河头道街6号,126.6021428,45.74971428,1.0,30.0,,163,公寓住宅,民用,7.8,12,0.0,8738.0,Heilongjiang,Haerbin,Daoli,Heilongjiang-Haerbin
265265,哈药路小区(哈药路118-132号(双号)),哈尔滨,道里,新阳路,1995,多层,哈药路118-132号(双号),126.5999358,45.74879449,1.0,20.0,,138,公寓住宅,民用,7.6,12,0.0,9967.0,Heilongjiang,Haerbin,Daoli,Heilongjiang-Haerbin
265266,银恒大厦,哈尔滨,道里,新阳路,2016,高层,通达街347号,126.5996723,45.74492509,1.0,30.0,,0,公寓住宅,民用,7.9,12,0.0,12100.0,Heilongjiang,Haerbin,Daoli,Heilongjiang-Haerbin
265267,新阳路319号小区,哈尔滨,道里,新阳路,2002,小高层,新阳路319号,126.6018369,45.74882573,1.0,30.0,,104,公寓住宅,民用,7.9,12,0.0,9000.0,Heilongjiang,Haerbin,Daoli,Heilongjiang-Haerbin
265268,大民兴街小区(大民兴街2号-30号(双号)),哈尔滨,道里,新阳路,1996,小高层,大民兴街2号-30号(双号),126.6125106,45.74834819,,20.0,,756,公寓住宅,民用,8.0,12,0.0,9576.0,Heilongjiang,Haerbin,Daoli,Heilongjiang-Haerbin
265269,民和街小区(民和街76号-92号(双号)),哈尔滨,道里,新阳路,1996,小高层,民和街76号-92号(双号),126.6070766,45.74675074,,20.0,,204,公寓住宅,民用,7.7,12,0.0,10242.0,Heilongjiang,Haerbin,Daoli,Heilongjiang-Haerbin
265291,埃德蒙顿路四街区,哈尔滨,道里,工农大街,1988,小高层,乡里街117号,126.5829131,45.73253358,1.0,20.0,,882,公寓住宅,民用,7.7,12,1.73,8955.0,Heilongjiang,Haerbin,Daoli,Heilongjiang-Haerbin
265207,"安平街小区(安祥街12号-34号(双号),安固街120号,安平街129号,137号)",哈尔滨,道里,新阳路,1990,多层,"安祥街12号-34号(双号),安固街120号,安平街129号,137号",126.6103289,45.75383558,1.0,20.0,,545,公寓住宅,民用,7.9,12,0.0,7503.0,Heilongjiang,Haerbin,Daoli,Heilongjiang-Haerbin
265205,新安小区,哈尔滨,道里,新阳路,1993,小高层,安吉街44号,126.6074236,45.7523998,1.0,20.0,,874,公寓住宅,民用,7.8,12,0.0,9087.0,Heilongjiang,Haerbin,Daoli,Heilongjiang-Haerbin
265145,"斜角街小区(斜角街13号,17号)",哈尔滨,道里,爱建,1990,小高层,"斜角街13号,17号",126.6201579,45.7648653,1.0,20.0,,154,公寓住宅,民用,8.0,12,0.0,12222.0,Heilongjiang,Haerbin,Daoli,Heilongjiang-Haerbin
265146,前进路7号小区,哈尔滨,道里,爱建,1991,小高层,前进路7号,126.5919183,45.75178175,1.0,20.0,,144,公寓住宅,民用,7.5,12,0.0,9069.0,Heilongjiang,Haerbin,Daoli,Heilongjiang-Haerbin
265147,安良街49号小区,哈尔滨,道里,爱建,1993,多层,安良街49号,126.6093743,45.75907543,,20.0,,126,公寓住宅,民用,8.1,12,0.0,9384.0,Heilongjiang,Haerbin,Daoli,Heilongjiang-Haerbin
265148,安德街小区(安德街50号-54号(双号)),哈尔滨,道里,爱建,1994,小高层,安德街50号-54号(双号),126.6073266,45.75939934,1.0,20.0,,42,公寓住宅,民用,8.3,12,0.0,8500.0,Heilongjiang,Haerbin,Daoli,Heilongjiang-Haerbin
265149,松源街小区(松源街4号-18号(双号)),哈尔滨,道里,爱建,1994,小高层,松源街4号-18号(双号),126.5913364,45.7458576,1.0,20.0,,176,公寓住宅,民用,7.7,12,0.0,8796.0,Heilongjiang,Haerbin,Daoli,Heilongjiang-Haerbin
265150,商业设计院家属楼,哈尔滨,道里,爱建,1991,小高层,民众街42号-64号(双号),126.6010619,45.73604414,1.0,20.0,,128,公寓住宅,民用,8.1,12,0.0,8500.0,Heilongjiang,Haerbin,Daoli,Heilongjiang-Haerbin
265151,"民众街小区(民众街146号-158号(双号),康安路47号)",哈尔滨,道里,爱建,1997,小高层,"民众街146号-158号(双号),康安路47号",126.5981775,45.73571407,1.0,20.0,,196,公寓住宅,民用,7.9,12,0.0,7740.0,Heilongjiang,Haerbin,Daoli,Heilongjiang-Haerbin
265152,"共和街小区(共和街2-6号(双号),哈药路4号,民安街25号)",哈尔滨,道里,爱建,2000,小高层,"共和街2-6号(双号),哈药路4号,民安街25号",126.6055458,45.74610138,,30.0,,193,公寓住宅,民用,7.8,12,0.0,8536.0,Heilongjiang,Haerbin,Daoli,Heilongjiang-Haerbin
265153,安定街101号小区,哈尔滨,道里,爱建,1994,小高层,安定街101号,126.6031374,45.75851269,1.0,20.0,,160,公寓住宅,民用,7.9,12,0.0,10123.0,Heilongjiang,Haerbin,Daoli,Heilongjiang-Haerbin
265154,正阳小区东一街区,哈尔滨,道里,爱建,1986,小高层,哈药路507号,126.5889353,45.75822787,1.0,20.0,,1100,公寓住宅,民用,7.7,12,0.0,9551.0,Heilongjiang,Haerbin,Daoli,Heilongjiang-Haerbin
265155,安发街73号小区,哈尔滨,道里,爱建,1993,小高层,安发街73号,126.6048979,45.75556076,1.0,20.0,,136,公寓住宅,民用,7.7,12,0.0,8875.0,Heilongjiang,Haerbin,Daoli,Heilongjiang-Haerbin
265156,中医街115号小区,哈尔滨,道里,爱建,1988,小高层,中医街115号,126.6023309,45.77082982,1.0,20.0,,70,公寓住宅,民用,7.5,12,0.0,10324.0,Heilongjiang,Haerbin,Daoli,Heilongjiang-Haerbin
265157,"安松胡同小区(安松胡同1号,安国街71号)",哈尔滨,道里,爱建,1992,小高层,"安松胡同1号,安国街71号",126.6063964,45.76113933,1.0,20.0,,146,公寓住宅,民用,8.2,12,0.0,9405.0,Heilongjiang,Haerbin,Daoli,Heilongjiang-Haerbin
265158,顾乡南二道街20号小区,哈尔滨,道里,爱建,1998,小高层,顾乡南二道街20号,126.5847082,45.73554685,1.0,20.0,,248,公寓住宅,民用,7.5,12,0.0,7859.0,Heilongjiang,Haerbin,Daoli,Heilongjiang-Haerbin
265159,买卖街45号小区,哈尔滨,道里,爱建,1992,多层,买卖街45号,126.6262326,45.76602872,1.0,20.0,,93,公寓住宅,民用,8.3,12,0.0,8875.0,Heilongjiang,Haerbin,Daoli,Heilongjiang-Haerbin
265160,"西七道街小区(西七道街3号,5号,29号,西六道街12号,18号,22号)",哈尔滨,道里,爱建,1980,小高层,"西七道街3号,5号,29号,西六道街12号,18号,22号",126.615905,45.77209014,1.0,20.0,,142,公寓住宅,民用,7.6,12,0.0,9975.0,Heilongjiang,Haerbin,Daoli,Heilongjiang-Haerbin
265161,红霞街53号小区,哈尔滨,道里,爱建,1985,小高层,红霞街53号,126.6099038,45.77189173,1.0,20.0,,110,公寓住宅,民用,7.7,12,0.0,9511.0,Heilongjiang,Haerbin,Daoli,Heilongjiang-Haerbin
265144,"安静二胡同小区(安静二胡同1号,2号)",哈尔滨,道里,爱建,1984,多层,"安静二胡同1号,2号",126.6091697,45.75933579,1.0,20.0,,184,公寓住宅,民用,7.9,12,0.0,9471.0,Heilongjiang,Haerbin,Daoli,Heilongjiang-Haerbin
265143,安化街小区(安化街130号-136号(双号)),哈尔滨,道里,爱建,1989,多层,安化街130号-136号(双号),126.6115355,45.75380808,1.0,20.0,,63,公寓住宅,民用,8.0,12,0.0,8877.0,Heilongjiang,Haerbin,Daoli,Heilongjiang-Haerbin
265142,中央尚座,哈尔滨,道里,爱建,2014,小高层,霞曼街37号,126.6119155,45.76830792,1.0,30.0,,175,公寓住宅,民用,8.2,12,0.0,13600.0,Heilongjiang,Haerbin,Daoli,Heilongjiang-Haerbin
265141,安松街111-1号小区,哈尔滨,道里,爱建,1990,小高层,安松街111号-1号,126.6034138,45.76182169,1.0,20.0,,135,公寓住宅,民用,7.8,12,0.0,8846.0,Heilongjiang,Haerbin,Daoli,Heilongjiang-Haerbin
265123,正义街小区(正义街32号-42号(双号)),哈尔滨,道里,爱建,2002,小高层,正义街32号-42号(双号),126.6043403,45.75853159,1.0,30.0,,80,公寓住宅,民用,8.0,12,0.0,8514.0,Heilongjiang,Haerbin,Daoli,Heilongjiang-Haerbin
265124,安德街77号小区,哈尔滨,道里,爱建,1991,小高层,安德街77号,126.6050813,45.75651702,1.0,20.0,,45,公寓住宅,民用,7.9,12,0.0,8400.0,Heilongjiang,Haerbin,Daoli,Heilongjiang-Haerbin
265125,安德街116号小区,哈尔滨,道里,爱建,1991,小高层,安德街116号,126.6054633,45.75598776,1.0,20.0,,56,公寓住宅,民用,7.8,12,0.0,8506.0,Heilongjiang,Haerbin,Daoli,Heilongjiang-Haerbin
265126,安德街小区(安德街126号-142号(双号)),哈尔滨,道里,爱建,1991,小高层,安德街126号-142号(双号),126.6050861,45.75598085,1.0,20.0,,224,公寓住宅,民用,7.8,12,0.0,8844.0,Heilongjiang,Haerbin,Daoli,Heilongjiang-Haerbin
265127,安德街91号小区,哈尔滨,道里,爱建,1991,小高层,安德街91号,126.6044391,45.75592539,1.0,20.0,,152,公寓住宅,民用,7.8,12,0.0,8400.0,Heilongjiang,Haerbin,Daoli,Heilongjiang-Haerbin
265128,安定街小区(安定街74号-78号(双号)),哈尔滨,道里,爱建,2010,小高层,安定街74号-78号(双号),126.6042799,45.75939041,1.0,30.0,,106,公寓住宅,民用,8.1,12,0.0,10145.0,Heilongjiang,Haerbin,Daoli,Heilongjiang-Haerbin
265129,安国街169号小区,哈尔滨,道里,爱建,2004,小高层,安国街169号,126.603592,45.75686992,1.0,30.0,,72,公寓住宅,民用,8.0,12,0.0,9000.0,Heilongjiang,Haerbin,Daoli,Heilongjiang-Haerbin
265130,"安国街小区(安国街168号,安广街91号,安国街182号)",哈尔滨,道里,爱建,2015,小高层,安国街168号,126.6049961,45.75790377,1.0,30.0,,344,公寓住宅,民用,8.4,12,0.0,9106.0,Heilongjiang,Haerbin,Daoli,Heilongjiang-Haerbin
265162,民庆商住综合楼,哈尔滨,道里,爱建,2006,小高层,新阳路472号,126.5977759,45.74339153,,30.0,,88,公寓住宅,民用,7.7,12,0.0,8448.0,Heilongjiang,Haerbin,Daoli,Heilongjiang-Haerbin
265131,安升街小区(安升街166号-170号(双号)),哈尔滨,道里,爱建,2001,小高层,安升街166号-170号(双号),126.6049032,45.7595636,1.0,30.0,,126,公寓住宅,民用,8.0,12,0.0,7160.0,Heilongjiang,Haerbin,Daoli,Heilongjiang-Haerbin
265133,安升街小区(安升街178号-184号(双号)),哈尔滨,道里,爱建,2002,小高层,安升街178号-184号(双号),126.6035892,45.76002435,1.0,30.0,,168,公寓住宅,民用,8.0,12,0.0,7942.0,Heilongjiang,Haerbin,Daoli,Heilongjiang-Haerbin
265134,"正义街小区(正义街48号,52号)",哈尔滨,道里,爱建,2000,小高层,"正义街48号,52号",126.6036912,45.75872564,1.0,30.0,,64,公寓住宅,民用,8.0,12,0.0,7709.0,Heilongjiang,Haerbin,Daoli,Heilongjiang-Haerbin
265135,"安松街小区(安松街97号,109号)",哈尔滨,道里,爱建,1991,小高层,"安松街97号,109号 ",126.6040699,45.76163253,1.0,20.0,,132,公寓住宅,民用,7.9,12,0.0,7916.0,Heilongjiang,Haerbin,Daoli,Heilongjiang-Haerbin
265136,安松街小区(安松街47号-55号(单号)),哈尔滨,道里,爱建,1991,小高层,安松街47号-55号(单号),126.6072944,45.76086766,1.0,20.0,,96,公寓住宅,民用,8.0,12,0.0,9135.0,Heilongjiang,Haerbin,Daoli,Heilongjiang-Haerbin
265137,安升街127号小区,哈尔滨,道里,爱建,2002,小高层,安升街127号,126.6032399,45.76060457,1.0,30.0,,168,公寓住宅,民用,8.0,12,0.0,8761.0,Heilongjiang,Haerbin,Daoli,Heilongjiang-Haerbin
265138,安定街小区(安定街147号-165号(单号)),哈尔滨,道里,爱建,1997,多层,安定街147号-165号(单号),126.6018345,45.75596225,1.0,20.0,,269,公寓住宅,民用,8.1,12,0.0,8666.0,Heilongjiang,Haerbin,Daoli,Heilongjiang-Haerbin
265139,爱尚经典,哈尔滨,道里,爱建,2020,小高层,安国街276号,126.6016338,45.75401501,1.0,30.0,,189,公寓住宅,民用,8.4,12,0.0,13888.0,Heilongjiang,Haerbin,Daoli,Heilongjiang-Haerbin
265140,原福胜街7号小区,哈尔滨,道里,爱建,1987,小高层,原福胜街7号,126.6108064,45.74851757,1.0,20.0,,30,公寓住宅,民用,8.2,12,0.0,8000.0,Heilongjiang,Haerbin,Daoli,Heilongjiang-Haerbin
265132,正义街小区(正义街16号-22号(双号)),哈尔滨,道里,爱建,2000,小高层,正义街16号-22号(双号),126.60566,45.75819382,1.0,30.0,,216,公寓住宅,民用,8.3,12,0.0,8263.0,Heilongjiang,Haerbin,Daoli,Heilongjiang-Haerbin
265206,福乐湾,哈尔滨,道里,新阳路,1996,小高层,新阳路453号,126.6071807,45.74959376,2.0,30.0,,1546,公寓住宅,民用,8.2,12,0.0,9914.0,Heilongjiang,Haerbin,Daoli,Heilongjiang-Haerbin
265163,田地街77号小区,哈尔滨,道里,爱建,1998,小高层,田地街77号,126.6228193,45.7667921,1.0,20.0,,308,公寓住宅,民用,7.9,12,0.0,7927.0,Heilongjiang,Haerbin,Daoli,Heilongjiang-Haerbin
265165,"通江街小区(通江街153号,159号)",哈尔滨,道里,爱建,1993,小高层,"通江街153号,159号",126.6076998,45.77379595,1.0,20.0,,122,公寓住宅,民用,7.7,12,0.0,9857.0,Heilongjiang,Haerbin,Daoli,Heilongjiang-Haerbin
265188,"安顺街小区(安顺街79号,安道街58号)",哈尔滨,道里,爱建,1993,小高层,"安顺街79号,安道街58号",126.611264,45.76361053,,20.0,,161,公寓住宅,民用,8.0,12,0.0,8409.0,Heilongjiang,Haerbin,Daoli,Heilongjiang-Haerbin
265189,海上银座,哈尔滨,道里,爱建,2009,高层,上海街6号,126.593252,45.76363324,1.0,30.0,,352,商住楼,商用,8.2,12,0.0,17015.0,Heilongjiang,Haerbin,Daoli,Heilongjiang-Haerbin
265190,欧洲新城,哈尔滨,道里,新阳路,2006,高层,新阳路510号,126.5978234,45.73997966,1.0,45.0,,6164,公寓住宅,民用,8.2,12,-0.39,11118.0,Heilongjiang,Haerbin,Daoli,Heilongjiang-Haerbin
265191,紫金城,哈尔滨,道里,新阳路,2012,高层,新阳路773号,126.5895049,45.74014368,1.0,37.0,,3146,公寓住宅,民用,8.2,12,0.08,11166.0,Heilongjiang,Haerbin,Daoli,Heilongjiang-Haerbin
265192,荣耀天地,哈尔滨,道里,新阳路,2009,小高层|高层,通顺街45号,126.5922953,45.73573671,1.0,37.0,,2382,公寓住宅,民用,8.3,12,0.16,12087.0,Heilongjiang,Haerbin,Daoli,Heilongjiang-Haerbin
265193,民安小区(道里),哈尔滨,道里,新阳路,1997,高层,大民兴街9号,126.607478,45.74454725,1.0,40.0,,6645,公寓住宅,民用,8.1,12,0.18,8748.0,Heilongjiang,Haerbin,Daoli,Heilongjiang-Haerbin
265194,光华小区,哈尔滨,道里,新阳路,2004,多层|小高层,民安三道街48号,126.6026571,45.74377083,1.0,30.0,,5215,公寓住宅,民用,8.1,12,0.01,9196.0,Heilongjiang,Haerbin,Daoli,Heilongjiang-Haerbin
265195,共乐小区,哈尔滨,道里,新阳路,2002,多层,福达街1号,126.6046889,45.74761128,1.0,32.0,,5575,公寓住宅,民用,8.1,12,2.45,9005.0,Heilongjiang,Haerbin,Daoli,Heilongjiang-Haerbin
265196,爱丁堡,哈尔滨,道里,新阳路,2012,小高层|超高层,"康安路,近建国街",126.5875735,45.74029166,1.0,25.0,,688,公寓住宅,民用,7.9,12,-1.09,9369.0,Heilongjiang,Haerbin,Daoli,Heilongjiang-Haerbin
265197,通顺小区,哈尔滨,道里,新阳路,2005,小高层,通顺街副4号,126.5926652,45.73403146,1.0,20.0,,1289,公寓住宅,民用,8.0,12,0.68,6864.0,Heilongjiang,Haerbin,Daoli,Heilongjiang-Haerbin
265198,通达世家,哈尔滨,道里,新阳路,2003,多层|小高层,光华街138号,126.6012357,45.74456333,1.0,30.0,,380,公寓住宅,民用,8.1,12,3.0,9533.0,Heilongjiang,Haerbin,Daoli,Heilongjiang-Haerbin
265199,峰尚福成小区,哈尔滨,道里,新阳路,2017,高层,新阳路540号,126.5940944,45.73917503,1.0,30.0,,596,公寓住宅,民用,8.1,12,-0.54,10630.0,Heilongjiang,Haerbin,Daoli,Heilongjiang-Haerbin
265200,宝宇凯旋城(一期),哈尔滨,道里,新阳路,2006,高层,建议街1号,126.5997116,45.74730186,1.0,31.0,,558,公寓住宅,民用,8.2,12,0.0,11670.0,Heilongjiang,Haerbin,Daoli,Heilongjiang-Haerbin
265201,恒祥家园,哈尔滨,道里,新阳路,2010,多层,哈药路91号,126.6032894,45.74912343,1.0,40.0,,656,公寓住宅,民用,8.4,12,-1.55,9874.0,Heilongjiang,Haerbin,Daoli,Heilongjiang-Haerbin
265202,"安广街小区(安广街27号,安平街79号,安固街78号)",哈尔滨,道里,新阳路,1994,多层,"安广街27号,安平街79号,安固街78号",126.6110147,45.75598034,1.0,20.0,,423,公寓住宅,民用,8.0,12,0.0,10142.0,Heilongjiang,Haerbin,Daoli,Heilongjiang-Haerbin
265203,"安化街小区(安升街4号,8号,10号,安心街43-49号(单号),安化街86号)",哈尔滨,道里,新阳路,1990,多层,"安升街4号,8号,10号,安心街47-49号(单号),安化街86号",126.613555,45.75624025,1.0,20.0,,426,公寓住宅,民用,8.3,12,-0.42,9161.0,Heilongjiang,Haerbin,Daoli,Heilongjiang-Haerbin
265204,"安吉街小区(安吉街9号-33号(单号),安祥街58号)",哈尔滨,道里,新阳路,1990,小高层,"安吉街9号-33号(单号),安祥街58号",126.6068615,45.75269549,1.0,20.0,,587,公寓住宅,民用,8.1,12,-3.31,9456.0,Heilongjiang,Haerbin,Daoli,Heilongjiang-Haerbin
265187,"友谊路小区(友谊路194号-200号(双号),高谊街100号,通江胡同11号,19号)",哈尔滨,道里,爱建,1988,小高层,"友谊路194号-200号(双号),高谊街100号,通江胡同11号,19号",126.6037289,45.77406156,1.0,20.0,,245,公寓住宅,民用,7.6,12,0.0,10425.0,Heilongjiang,Haerbin,Daoli,Heilongjiang-Haerbin
265186,霞曼街93号小区,哈尔滨,道里,爱建,1995,小高层,霞曼街93号,126.6092647,45.76762544,1.0,20.0,,25,公寓住宅,民用,8.3,12,0.0,10967.0,Heilongjiang,Haerbin,Daoli,Heilongjiang-Haerbin
265185,地工街54号小区,哈尔滨,道里,爱建,1994,小高层,地工街54号,126.6172365,45.75165235,1.0,20.0,,200,公寓住宅,民用,8.1,12,0.0,9956.0,Heilongjiang,Haerbin,Daoli,Heilongjiang-Haerbin
265184,安顺街小区(安顺街32号-44号(双号)),哈尔滨,道里,爱建,1995,小高层,安顺街32号-44号(双号),126.6146161,45.76116318,,20.0,,87,公寓住宅,民用,7.7,12,0.0,8177.0,Heilongjiang,Haerbin,Daoli,Heilongjiang-Haerbin
265166,前进路小区(前进路81号-85号(单号)),哈尔滨,道里,爱建,1997,小高层,前进路81号-85号(单号)),126.5844038,45.74282943,1.0,20.0,,232,公寓住宅,民用,7.5,12,0.0,7332.0,Heilongjiang,Haerbin,Daoli,Heilongjiang-Haerbin
265167,安良街小区(安良街24号-32号(双号)),哈尔滨,道里,爱建,1988,小高层,安良街24号-32号(双号),126.6103036,45.75989672,,20.0,,70,公寓住宅,民用,7.6,12,0.0,9352.0,Heilongjiang,Haerbin,Daoli,Heilongjiang-Haerbin
265168,工厂街21号小区,哈尔滨,道里,爱建,2002,小高层,工厂街21号,126.6255154,45.76471262,1.0,30.0,,113,公寓住宅,民用,8.3,12,0.0,8152.0,Heilongjiang,Haerbin,Daoli,Heilongjiang-Haerbin
265169,"经纬头道街小区(经纬头道街10号,16号,28号)",哈尔滨,道里,爱建,1993,小高层,"经纬头道街10号,16号,28号",126.6170668,45.76391574,1.0,20.0,,63,公寓住宅,民用,8.1,12,0.0,8966.0,Heilongjiang,Haerbin,Daoli,Heilongjiang-Haerbin
265170,"新阳路小区(新阳路236号,238号)",哈尔滨,道里,爱建,1988,小高层,"新阳路236号,238号",126.6062407,45.75249385,1.0,20.0,,96,公寓住宅,民用,7.9,12,0.0,9085.0,Heilongjiang,Haerbin,Daoli,Heilongjiang-Haerbin
265171,红专街163号小区,哈尔滨,道里,爱建,1993,小高层,红专街163号,126.6043226,45.76928416,1.0,20.0,,64,公寓住宅,民用,7.7,12,0.0,9241.0,Heilongjiang,Haerbin,Daoli,Heilongjiang-Haerbin
265172,斜角街小区(斜角街20号-24号(双号)),哈尔滨,道里,爱建,1990,小高层,斜角街20号-24号(双号),126.619334,45.76466701,1.0,20.0,,138,公寓住宅,民用,8.1,12,0.0,11465.0,Heilongjiang,Haerbin,Daoli,Heilongjiang-Haerbin
265173,新阳路小区(新阳路54号-74号(双号)),哈尔滨,道里,爱建,1988,小高层,新阳路54号-74号(双号),126.6109775,45.75843375,1.0,20.0,,233,公寓住宅,民用,7.9,12,0.0,9677.0,Heilongjiang,Haerbin,Daoli,Heilongjiang-Haerbin
265164,安宁街小区(安宁街120号-122号(双号)),哈尔滨,道里,爱建,1992,小高层,安宁街120号-122号(双号),126.6065691,45.76222984,1.0,20.0,,49,公寓住宅,民用,8.2,12,0.0,9372.0,Heilongjiang,Haerbin,Daoli,Heilongjiang-Haerbin
265174,建议街小区(建议街28号-34号(双号)),哈尔滨,道里,爱建,2000,小高层,建议街28号-34号(双号),126.5977848,45.74749748,1.0,20.0,,90,公寓住宅,民用,8.0,12,0.0,8800.0,Heilongjiang,Haerbin,Daoli,Heilongjiang-Haerbin
265176,康安路39号小区,哈尔滨,道里,爱建,1996,小高层,康安路39号,126.5992046,45.73530849,1.0,20.0,,96,公寓住宅,民用,7.8,12,0.0,7158.0,Heilongjiang,Haerbin,Daoli,Heilongjiang-Haerbin
265177,"通达街小区(通达街300号,310号)",哈尔滨,道里,爱建,1998,小高层,"通达街300号,310号",126.5948052,45.74702353,1.0,20.0,,36,公寓住宅,民用,8.1,12,0.0,9576.0,Heilongjiang,Haerbin,Daoli,Heilongjiang-Haerbin
265178,安达街小区(安达街40号-46号(双号)),哈尔滨,道里,爱建,1987,小高层,安达街40号-46号(双号),126.6099457,45.75919835,1.0,20.0,,154,公寓住宅,民用,8.1,12,0.0,7222.0,Heilongjiang,Haerbin,Daoli,Heilongjiang-Haerbin
265179,通江胡同11号小区,哈尔滨,道里,爱建,1998,小高层,通江胡同11号,126.6052908,45.77407074,1.0,20.0,,30,公寓住宅,民用,7.3,12,0.0,8600.0,Heilongjiang,Haerbin,Daoli,Heilongjiang-Haerbin
265180,南安街66号小区,哈尔滨,道里,爱建,1998,小高层,南安街66号,126.6265834,45.76446539,1.0,20.0,,90,公寓住宅,民用,8.3,12,0.0,7419.0,Heilongjiang,Haerbin,Daoli,Heilongjiang-Haerbin
265181,河曲街2号小区,哈尔滨,道里,爱建,1988,小高层,河曲街2号,126.5884781,45.75311226,1.0,20.0,,140,公寓住宅,民用,7.8,12,0.0,9114.0,Heilongjiang,Haerbin,Daoli,Heilongjiang-Haerbin
265182,"新开街小区(新开街2号-8号(双号),副2号)",哈尔滨,道里,爱建,1986,小高层,"新开街2号-8号(双号),副2号",126.6030009,45.77152666,1.0,20.0,,146,公寓住宅,民用,7.6,12,0.0,9843.0,Heilongjiang,Haerbin,Daoli,Heilongjiang-Haerbin
265183,东风街小区(东风街106号-128号(双号)),哈尔滨,道里,爱建,1981,小高层,东风街106号-128号(双号),126.6108032,45.76976124,1.0,20.0,,196,公寓住宅,民用,8.2,12,0.0,10250.0,Heilongjiang,Haerbin,Daoli,Heilongjiang-Haerbin
265175,西十五道街小区(西十五道街34号-56号(双号)),哈尔滨,道里,爱建,1985,小高层,西十五道街34号-56号(双号),126.6161,45.76597994,1.0,20.0,,192,公寓住宅,民用,7.9,12,0.0,11486.0,Heilongjiang,Haerbin,Daoli,Heilongjiang-Haerbin
265292,乡里街107号小区,哈尔滨,道里,工农大街,1996,小高层,乡里街107号,126.5833494,45.73208802,1.0,20.0,,294,公寓住宅,民用,7.7,12,0.0,8844.0,Heilongjiang,Haerbin,Daoli,Heilongjiang-Haerbin
265294,工农大街90号小区,哈尔滨,道里,工农大街,2009,多层,工农大街90号,126.5691068,45.72659749,1.0,30.0,,0,公寓住宅,民用,8.0,12,0.0,8000.0,Heilongjiang,Haerbin,Daoli,Heilongjiang-Haerbin
265404,顾乡大街77号小区,哈尔滨,道里,安阳街,2007,小高层,顾乡大街77号,126.581553,45.73579785,1.0,30.0,,273,公寓住宅,民用,7.7,12,0.0,6651.0,Heilongjiang,Haerbin,Daoli,Heilongjiang-Haerbin
265405,新华街42号小区,哈尔滨,道里,安阳街,2007,小高层,新华街42号,126.5847605,45.73411333,1.0,30.0,,255,公寓住宅,民用,7.8,12,0.0,8760.0,Heilongjiang,Haerbin,Daoli,Heilongjiang-Haerbin
265406,融创星美御,哈尔滨,道里,安阳街,Apr-22,高层,"埃德蒙顿路,近康安二道街",126.5894754,45.73614247,,30.0,,1,公寓住宅,民用,8.3,12,0.0,12000.0,Heilongjiang,Haerbin,Daoli,Heilongjiang-Haerbin
265407,中医院家属楼(道里),哈尔滨,道里,安阳街,1997,小高层,建国街副270号,126.5905769,45.74162934,1.0,20.0,,182,公寓住宅,民用,7.7,12,0.0,7217.0,Heilongjiang,Haerbin,Daoli,Heilongjiang-Haerbin
265408,乡政街149号小区,哈尔滨,道里,安阳街,1993,小高层,乡政街149号,126.5850729,45.73265152,1.0,20.0,,180,公寓住宅,民用,7.4,12,0.0,8846.0,Heilongjiang,Haerbin,Daoli,Heilongjiang-Haerbin
265409,城乡路148号小区,哈尔滨,道里,安阳街,2007,小高层,城乡路148号,126.5688169,45.7197055,1.0,30.0,,320,公寓住宅,民用,7.6,12,0.0,6243.0,Heilongjiang,Haerbin,Daoli,Heilongjiang-Haerbin
265410,民安小区(道里),哈尔滨,道里,民安街,1997,高层,大民兴街9号,126.607478,45.74454725,1.0,40.0,,6645,公寓住宅,民用,8.1,12,0.18,8748.0,Heilongjiang,Haerbin,Daoli,Heilongjiang-Haerbin
265411,光华小区,哈尔滨,道里,民安街,2004,多层|小高层,民安三道街48号,126.6026571,45.74377083,1.0,30.0,,5215,公寓住宅,民用,8.1,12,0.01,9196.0,Heilongjiang,Haerbin,Daoli,Heilongjiang-Haerbin
265412,聚贤花园,哈尔滨,道里,民安街,2007,多层,通达街186号,126.6011736,45.74280797,1.0,20.0,,343,公寓住宅,民用,8.2,12,0.0,10782.0,Heilongjiang,Haerbin,Daoli,Heilongjiang-Haerbin
265413,民茂社区,哈尔滨,道里,民安街,1996,低层,"民茂街,近哈药路",126.6075946,45.74743615,1.0,30.0,,37,公寓住宅,民用,8.4,12,0.0,9153.0,Heilongjiang,Haerbin,Daoli,Heilongjiang-Haerbin
265414,通达街383号小区,哈尔滨,道里,民安街,2000,小高层,通达街383号,126.597272,45.74578542,,30.0,,42,公寓住宅,民用,7.9,12,0.0,8571.0,Heilongjiang,Haerbin,Daoli,Heilongjiang-Haerbin
265415,通达街小区(通达街188号-228号(双号)),哈尔滨,道里,民安街,1998,小高层,通达街188号-228号(双号),126.6018922,45.74309379,1.0,35.0,,188,公寓住宅,民用,8.6,12,-0.08,9316.0,Heilongjiang,Haerbin,Daoli,Heilongjiang-Haerbin
265416,新阳路351号小区,哈尔滨,道里,民安街,2002,小高层,新阳路351号,126.6009051,45.74793706,1.0,30.0,,128,公寓住宅,民用,8.3,12,0.0,10000.0,Heilongjiang,Haerbin,Daoli,Heilongjiang-Haerbin
265417,"抚顺街小区(抚顺街371号,373号,安心街172号,180号)",哈尔滨,道里,民安街,2007,小高层,"抚顺街371号,373号,安心街172号,180号",126.6099877,45.74978026,1.0,30.0,,486,公寓住宅,民用,8.1,12,0.0,7149.0,Heilongjiang,Haerbin,Daoli,Heilongjiang-Haerbin
265418,建河头道街6号小区,哈尔滨,道里,民安街,2001,多层,建河头道街6号,126.6021428,45.74971428,1.0,30.0,,163,公寓住宅,民用,7.8,12,0.0,8738.0,Heilongjiang,Haerbin,Daoli,Heilongjiang-Haerbin
265419,"通达街小区(通达街230号,230-2号,256号,新阳路464号)",哈尔滨,道里,民安街,1999,多层,"通达街230号,230-2号,256号,新阳路464号",126.5997713,45.74403843,1.0,20.0,,151,公寓住宅,民用,7.7,12,0.0,7500.0,Heilongjiang,Haerbin,Daoli,Heilongjiang-Haerbin
265420,银恒大厦,哈尔滨,道里,民安街,2016,高层,通达街347号,126.5996723,45.74492509,1.0,30.0,,0,公寓住宅,民用,7.9,12,0.0,12100.0,Heilongjiang,Haerbin,Daoli,Heilongjiang-Haerbin
265402,恒盛豪庭(商住楼),哈尔滨,道里,安阳街,2011,高层,群力第四大道1479号,126.5504566,45.73523601,1.0,35.0,,360,商住楼,商用,8.7,12,0.0,10524.0,Heilongjiang,Haerbin,Daoli,Heilongjiang-Haerbin
265401,乡政街副92号小区,哈尔滨,道里,安阳街,1993,小高层,乡政街副92号,126.5872791,45.73032322,1.0,20.0,,0,公寓住宅,民用,8.0,12,0.0,8887.0,Heilongjiang,Haerbin,Daoli,Heilongjiang-Haerbin
265400,乡政街131号小区,哈尔滨,道里,安阳街,1993,小高层,乡政街131号,126.5863862,45.73172368,1.0,20.0,,196,公寓住宅,民用,7.8,12,0.0,9160.0,Heilongjiang,Haerbin,Daoli,Heilongjiang-Haerbin
265384,恒祥城(一期),哈尔滨,道里,恒祥城,2012,多层|小高层|高层,康安路2号,126.6008664,45.73279215,1.0,31.36,,6674,公寓住宅,民用,8.3,12,-0.6,10959.0,Heilongjiang,Haerbin,Daoli,Heilongjiang-Haerbin
265385,恒祥城(二期),哈尔滨,道里,恒祥城,2012,多层|小高层,康安路16号,126.5980513,45.73433814,1.0,31.0,,3334,公寓住宅,民用,8.5,12,-0.27,10897.0,Heilongjiang,Haerbin,Daoli,Heilongjiang-Haerbin
265386,"康安路小区(康安路37-1号,37-2号,37-3号,37-5号)",哈尔滨,道里,恒祥城,2008,小高层,"康安路37-1号,37-2号,37-3号,37-5号",126.5997981,45.73527951,1.0,30.0,,244,公寓住宅,民用,8.3,12,0.0,7857.0,Heilongjiang,Haerbin,Daoli,Heilongjiang-Haerbin
265387,"通顺街小区(通顺街1号,19号)",哈尔滨,道里,恒祥城,2002,小高层,"通顺街1号,19号",126.595254,45.73604916,1.0,30.0,,298,公寓住宅,民用,8.1,12,0.0,10000.0,Heilongjiang,Haerbin,Daoli,Heilongjiang-Haerbin
265388,中财公寓,哈尔滨,道里,田地街,2003,高层,田地街116号,126.6208377,45.76550787,1.0,20.0,,153,公寓住宅,民用,8.7,12,0.0,11368.0,Heilongjiang,Haerbin,Daoli,Heilongjiang-Haerbin
265389,田地大厦,哈尔滨,道里,田地街,2003,高层,田地街24-16号,126.6261172,45.76663601,1.0,44.31,,237,公寓住宅,民用,8.4,12,0.0,9932.0,Heilongjiang,Haerbin,Daoli,Heilongjiang-Haerbin
265421,通达街401号小区,哈尔滨,道里,民安街,1999,小高层,通达街401号,126.5965479,45.74611864,1.0,20.0,,88,公寓住宅,民用,7.8,12,0.0,8023.0,Heilongjiang,Haerbin,Daoli,Heilongjiang-Haerbin
265390,田地街126号小区,哈尔滨,道里,田地街,1989,小高层,田地街126号,126.6194196,45.76518586,1.0,20.0,,153,公寓住宅,民用,7.8,12,0.0,10123.0,Heilongjiang,Haerbin,Daoli,Heilongjiang-Haerbin
265392,田地街96号小区,哈尔滨,道里,田地街,1985,小高层,田地街96号,126.6227098,45.76598259,1.0,20.0,,231,公寓住宅,民用,8.3,12,0.0,9950.0,Heilongjiang,Haerbin,Daoli,Heilongjiang-Haerbin
265393,"田地街小区(田地街7号,田地街7号老楼)",哈尔滨,道里,田地街,2006,小高层,田地街7号,126.626487,45.76721011,1.0,30.0,,179,公寓住宅,民用,8.2,12,0.0,9247.0,Heilongjiang,Haerbin,Daoli,Heilongjiang-Haerbin
265394,君和大厦,哈尔滨,道里,田地街,2001,高层,田地街87号,126.622294,45.76630592,1.0,43.0,,95,商住楼,商用,8.4,12,0.0,8596.0,Heilongjiang,Haerbin,Daoli,Heilongjiang-Haerbin
265395,海富康城(东区),哈尔滨,道里,安阳街,2006,多层|高层,"安阳路61号,新康街2号",126.5779854,45.73953351,1.0,30.0,,3282,公寓住宅,民用,8.0,12,-1.15,9230.0,Heilongjiang,Haerbin,Daoli,Heilongjiang-Haerbin
265396,海富康城(西区),哈尔滨,道里,安阳街,2006,多层|高层,康安路222号,126.5762419,45.73841411,1.0,30.0,,2651,公寓住宅,民用,7.9,12,-0.96,8528.0,Heilongjiang,Haerbin,Daoli,Heilongjiang-Haerbin
265397,乡里街143号小区,哈尔滨,道里,安阳街,1990,小高层,乡里街143号,126.5807701,45.73430621,1.0,20.0,,0,公寓住宅,民用,7.8,12,0.0,8833.0,Heilongjiang,Haerbin,Daoli,Heilongjiang-Haerbin
265398,海富康城(C区),哈尔滨,道里,安阳街,2006,多层,"康安路,近华兴街",126.5733445,45.73964057,1.0,30.0,,732,公寓住宅,民用,8.1,12,0.0,9060.0,Heilongjiang,Haerbin,Daoli,Heilongjiang-Haerbin
265399,哈理工住宅楼北区,哈尔滨,道里,安阳街,1993,小高层,建国街副272号,126.5914475,45.74048731,1.0,20.0,,321,公寓住宅,民用,7.9,12,0.0,9620.0,Heilongjiang,Haerbin,Daoli,Heilongjiang-Haerbin
265391,田地街小区(田地街26-68号(双号)),哈尔滨,道里,田地街,1992,小高层,田地街26-68号(双号),126.6245582,45.76635357,1.0,20.0,,489,公寓住宅,民用,8.4,12,-3.19,8773.0,Heilongjiang,Haerbin,Daoli,Heilongjiang-Haerbin
265422,大民兴街小区(大民兴街2号-30号(双号)),哈尔滨,道里,民安街,1996,小高层,大民兴街2号-30号(双号),126.6125106,45.74834819,,20.0,,756,公寓住宅,民用,8.0,12,0.0,9576.0,Heilongjiang,Haerbin,Daoli,Heilongjiang-Haerbin
265424,民和街小区(民和街76号-92号(双号)),哈尔滨,道里,民安街,1996,小高层,民和街76号-92号(双号),126.6070766,45.74675074,,20.0,,204,公寓住宅,民用,7.7,12,0.0,10242.0,Heilongjiang,Haerbin,Daoli,Heilongjiang-Haerbin
265448,"安平街小区(安平街102号,104号,安广街26号,34号)",哈尔滨,道里,抚顺,1991,小高层,"安平街102号,104号,安广街26号,34号",126.6115486,45.75491571,1.0,20.0,,273,公寓住宅,民用,8.0,12,0.0,8514.0,Heilongjiang,Haerbin,Daoli,Heilongjiang-Haerbin
265449,"安固街小区(安固街93号,103号,安吉街2号)",哈尔滨,道里,抚顺,1991,多层,"安固街93号,103号,安吉街2号",126.6092497,45.75454079,1.0,20.0,,0,公寓住宅,民用,8.1,12,0.0,7735.0,Heilongjiang,Haerbin,Daoli,Heilongjiang-Haerbin
265450,"抚顺街小区(抚顺街65-127号(单号),安心街46号)",哈尔滨,道里,抚顺,2007,小高层,"抚顺街65-127号(单号),安心街46号",126.6153659,45.75791928,1.0,30.0,,368,公寓住宅,民用,8.4,12,0.0,9461.0,Heilongjiang,Haerbin,Daoli,Heilongjiang-Haerbin
265451,安化街小区(安化街52-78号(双号)),哈尔滨,道里,抚顺,2000,小高层,安化街52-78号(双号),126.6141662,45.75787618,1.0,30.0,,670,公寓住宅,民用,8.5,12,-1.01,8097.0,Heilongjiang,Haerbin,Daoli,Heilongjiang-Haerbin
265452,"安固街小区(安固街66-76号(双号),安平街59号,75号)",哈尔滨,道里,抚顺,2000,多层,"安固街66-76号(双号),安平街59号,75号",126.6110902,45.75653657,1.0,30.0,,331,公寓住宅,民用,8.3,12,0.0,8061.0,Heilongjiang,Haerbin,Daoli,Heilongjiang-Haerbin
265453,地工街小区(地工街2-40号(双号)),哈尔滨,道里,抚顺,2002,多层,地工街2-40号(双号),126.6190969,45.75368561,1.0,30.0,,353,公寓住宅,民用,8.4,12,0.0,9793.0,Heilongjiang,Haerbin,Daoli,Heilongjiang-Haerbin
265454,抚顺街小区(抚顺街341号),哈尔滨,道里,抚顺,2000,多层,抚顺街341号,126.6109156,45.75077985,1.0,30.0,,160,公寓住宅,民用,8.2,12,-0.52,8256.0,Heilongjiang,Haerbin,Daoli,Heilongjiang-Haerbin
265455,"安平街小区(安平街151号,安和街17号)",哈尔滨,道里,抚顺,1995,小高层,"安平街151号,安和街17号",126.6096937,45.75271116,1.0,20.0,,128,公寓住宅,民用,8.2,12,0.0,9225.0,Heilongjiang,Haerbin,Daoli,Heilongjiang-Haerbin
265456,"安升街小区(安升街7,9号)",哈尔滨,道里,抚顺,1999,小高层,"安升街7,9号",126.6139674,45.75658936,1.0,20.0,,126,公寓住宅,民用,8.5,12,0.0,5797.0,Heilongjiang,Haerbin,Daoli,Heilongjiang-Haerbin
265457,"抚顺街小区(抚顺街371号,373号,安心街172号,180号)",哈尔滨,道里,抚顺,2007,小高层,"抚顺街371号,373号,安心街172号,180号",126.6099877,45.74978026,1.0,30.0,,486,公寓住宅,民用,8.1,12,0.0,7149.0,Heilongjiang,Haerbin,Daoli,Heilongjiang-Haerbin
265458,安固街小区(安固街46-50号(双号)),哈尔滨,道里,抚顺,1991,小高层,安固街46-50号(双号),126.6120757,45.75789996,1.0,20.0,,273,公寓住宅,民用,8.2,12,0.0,8471.0,Heilongjiang,Haerbin,Daoli,Heilongjiang-Haerbin
265459,地工街小区(地工街52号-64号(双号)),哈尔滨,道里,抚顺,1990,小高层,地工街52号-64号(双号),126.6182123,45.7524841,1.0,20.0,,326,公寓住宅,民用,8.3,12,0.0,8615.0,Heilongjiang,Haerbin,Daoli,Heilongjiang-Haerbin
265446,"安心街小区(安心街100号,102号,112-118号(双号),安祥街副2号)",哈尔滨,道里,抚顺,1994,小高层,"安心街100号,102号,112-118号(双号),安祥街副2号",126.6130556,45.75371652,,20.0,,521,公寓住宅,民用,8.1,12,0.0,9483.0,Heilongjiang,Haerbin,Daoli,Heilongjiang-Haerbin
265445,工厂街小区(工厂街140-160号(双号)),哈尔滨,道里,抚顺,1984,小高层,工厂街140-160号(双号),126.6175791,45.76303738,1.0,20.0,,224,公寓住宅,民用,8.2,12,0.0,8000.0,Heilongjiang,Haerbin,Daoli,Heilongjiang-Haerbin
265444,霁虹街小区(霁虹街28号-34-3号),哈尔滨,道里,抚顺,1996,多层,霁虹街28号-34-3号(双号),126.620138,45.76098093,1.0,30.0,,462,公寓住宅,民用,8.4,12,0.0,10222.0,Heilongjiang,Haerbin,Daoli,Heilongjiang-Haerbin
265443,安升街小区(安升街36-46号(双号)),哈尔滨,道里,抚顺,1993,小高层,安升街36-46号(双号),126.611715,45.7570581,1.0,20.0,,63,公寓住宅,民用,8.0,12,0.0,10327.0,Heilongjiang,Haerbin,Daoli,Heilongjiang-Haerbin
265425,通达家园(道里),哈尔滨,道里,民安街,2012,高层,通达街197号,126.6078623,45.74079312,1.0,30.0,,483,公寓住宅,民用,8.4,12,0.0,14814.0,Heilongjiang,Haerbin,Daoli,Heilongjiang-Haerbin
265426,商业大学小区,哈尔滨,道里,民安街,1990,高层,河润街82号,126.5916125,45.75507777,,20.0,,269,公寓住宅,民用,7.8,12,0.0,9404.0,Heilongjiang,Haerbin,Daoli,Heilongjiang-Haerbin
265427,锦江绿色家园,哈尔滨,道里,河松,2012,多层,河松街2号,126.5843037,45.74525084,,40.0,,2986,公寓住宅,民用,8.5,12,0.31,8822.0,Heilongjiang,Haerbin,Daoli,Heilongjiang-Haerbin
265428,财智公馆,哈尔滨,道里,河松,2013,多层|超高层,河松街29号,126.5782444,45.74814727,1.0,25.0,164468.0,2814,公寓住宅,民用,8.3,12,-2.12,10590.0,Heilongjiang,Haerbin,Daoli,Heilongjiang-Haerbin
265429,运华广场,哈尔滨,道里,河松,2007,小高层,"康安路,近前进路",126.5811185,45.74349266,1.0,30.0,,2406,公寓住宅,民用,8.2,12,0.28,8774.0,Heilongjiang,Haerbin,Daoli,Heilongjiang-Haerbin
265430,河松小区(一期),哈尔滨,道里,河松,1999,多层,河松街187号,126.5747631,45.74765231,1.0,30.0,,3835,公寓住宅,民用,8.2,12,0.4,8212.0,Heilongjiang,Haerbin,Daoli,Heilongjiang-Haerbin
265431,河柏小区,哈尔滨,道里,河松,2002,小高层,河山街138号,126.5767638,45.74365492,1.0,26.0,,3683,公寓住宅,民用,8.2,12,-0.55,7743.0,Heilongjiang,Haerbin,Daoli,Heilongjiang-Haerbin
265432,提拉米苏,哈尔滨,道里,河松,2012,高层,前进路56号,126.5877467,45.74452493,1.0,31.28,,666,公寓住宅,民用,8.2,12,-0.86,10706.0,Heilongjiang,Haerbin,Daoli,Heilongjiang-Haerbin
265423,建议街26号小区,哈尔滨,道里,民安街,1988,小高层,建议街26号,126.5983477,45.74727551,1.0,20.0,,56,公寓住宅,民用,7.5,12,0.0,8769.0,Heilongjiang,Haerbin,Daoli,Heilongjiang-Haerbin
265433,河源小区,哈尔滨,道里,河松,2008,多层|高层,河源街18-9号,126.5802954,45.75015146,1.0,20.0,,932,公寓住宅,民用,8.1,12,-1.07,10099.0,Heilongjiang,Haerbin,Daoli,Heilongjiang-Haerbin
265435,河松小区(三期),哈尔滨,道里,河松,2003,小高层,河山街43号,126.5793023,45.74603805,1.0,30.0,,1669,公寓住宅,民用,8.2,12,0.48,8265.0,Heilongjiang,Haerbin,Daoli,Heilongjiang-Haerbin
265436,黑龙江水产研究所家属楼,哈尔滨,道里,河松,2015,小高层,松发街43号,126.5739043,45.74514816,1.0,30.0,,0,公寓住宅,民用,8.1,12,0.0,7000.0,Heilongjiang,Haerbin,Daoli,Heilongjiang-Haerbin
265437,河松小区(一期别墅),哈尔滨,道里,河松,2003,低层,河心街4号,126.5740209,45.74834352,,30.0,,0,别墅,民用,7.8,12,0.0,11443.0,Heilongjiang,Haerbin,Daoli,Heilongjiang-Haerbin
265438,河山小区,哈尔滨,道里,河松,2012,高层,河松街29号,126.5774444,45.74836306,1.0,30.0,,1754,公寓住宅,民用,7.5,12,0.0,11830.0,Heilongjiang,Haerbin,Daoli,Heilongjiang-Haerbin
265439,地德里小区,哈尔滨,道里,抚顺,1995,多层,抚顺街48号,126.618304,45.75542087,1.0,30.0,,9828,公寓住宅,民用,8.6,12,-0.4,9551.0,Heilongjiang,Haerbin,Daoli,Heilongjiang-Haerbin
265440,"安平街小区(安平街36-64号(双号),安化街47号,47-1号,安达街12号,14号)",哈尔滨,道里,抚顺,1988,小高层,"安平街36-64号(双号),安化街47号,47-1号,安达街12号,14号",126.6133275,45.75770349,,20.0,,782,公寓住宅,民用,7.9,12,0.0,8633.0,Heilongjiang,Haerbin,Daoli,Heilongjiang-Haerbin
265441,"安广街小区(新阳路187-1号,安广街78号)",哈尔滨,道里,抚顺,2004,小高层,"新阳路187-1号,安广街78号",126.6083864,45.75617709,1.0,30.0,,510,公寓住宅,民用,8.1,12,-0.27,9984.0,Heilongjiang,Haerbin,Daoli,Heilongjiang-Haerbin
265442,"安化街小区(安化街140号,146号,150号,154号)",哈尔滨,道里,抚顺,1995,小高层,"安化街140号,146号,150号,154号",126.6112326,45.75343743,1.0,20.0,,133,公寓住宅,民用,8.6,12,0.0,9639.0,Heilongjiang,Haerbin,Daoli,Heilongjiang-Haerbin
265434,河松小区(二期),哈尔滨,道里,河松,1999,小高层,河柏街231号,126.5749417,45.74537642,1.0,30.0,,1910,公寓住宅,民用,8.1,12,-0.38,7263.0,Heilongjiang,Haerbin,Daoli,Heilongjiang-Haerbin
265317,新大发国际住宅(B区),哈尔滨,道里,顾乡,2012,多层,顾新街65号,126.5939187,45.73449476,1.0,28.0,,211,公寓住宅,民用,8.1,12,0.0,10108.0,Heilongjiang,Haerbin,Daoli,Heilongjiang-Haerbin
265318,"利民街小区(乡里街121号-125号(单号),利民街48号,52号-54号(双号))",哈尔滨,道里,顾乡,1999,多层,"乡里街121号-125号(单号),利民街48号,52号-54号(双号)",126.5825288,45.73312073,1.0,20.0,,190,公寓住宅,民用,7.8,12,0.0,12560.0,Heilongjiang,Haerbin,Daoli,Heilongjiang-Haerbin
265319,新华安居,哈尔滨,道里,顾乡,1988,多层|小高层,顾乡南二道街65号,126.5853448,45.73663666,1.0,26.0,,614,公寓住宅,民用,7.8,12,0.0,9600.0,Heilongjiang,Haerbin,Daoli,Heilongjiang-Haerbin
265320,清河湾福园,哈尔滨,道里,顾乡,2015,高层,"顾新街,近乡政街",126.5881931,45.72758846,1.0,30.0,,922,公寓住宅,民用,8.0,12,0.0,9243.0,Heilongjiang,Haerbin,Daoli,Heilongjiang-Haerbin
265321,健康乐园,哈尔滨,道里,顾乡,2000,多层|小高层,"乡政街,近埃德蒙顿路",126.5859435,45.73084018,1.0,35.0,,1413,公寓住宅,民用,8.0,12,0.0,8951.0,Heilongjiang,Haerbin,Daoli,Heilongjiang-Haerbin
265322,康健小区,哈尔滨,道里,顾乡,2002,小高层,康安路123号,126.5866796,45.74092499,1.0,35.0,,391,公寓住宅,民用,8.2,12,0.0,7050.0,Heilongjiang,Haerbin,Daoli,Heilongjiang-Haerbin
265323,埃德蒙顿路四街区,哈尔滨,道里,顾乡,1988,小高层,乡里街117号,126.5829131,45.73253358,1.0,20.0,,882,公寓住宅,民用,7.7,12,1.73,8955.0,Heilongjiang,Haerbin,Daoli,Heilongjiang-Haerbin
265324,通顺街小区(通顺街47号-49(单号)),哈尔滨,道里,顾乡,2002,小高层,通顺街47号-49(单号),126.5897041,45.73446333,1.0,30.0,,273,公寓住宅,民用,7.9,12,0.0,7800.0,Heilongjiang,Haerbin,Daoli,Heilongjiang-Haerbin
265325,"乡政街小区(乡政街134号,215号,顾乡大街104号,新华街128号)",哈尔滨,道里,顾乡,1993,小高层,"乡政街134号,215号,顾乡大街104号,新华街128号",126.5820803,45.73491075,1.0,20.0,,892,公寓住宅,民用,7.9,12,0.0,9492.0,Heilongjiang,Haerbin,Daoli,Heilongjiang-Haerbin
265326,小职工街小区(小职工街18-22号(双号)),哈尔滨,道里,顾乡,1990,多层,小职工街18-22号(双号),126.5752687,45.72620634,1.0,20.0,,584,公寓住宅,民用,7.6,12,0.0,9082.0,Heilongjiang,Haerbin,Daoli,Heilongjiang-Haerbin
265327,乡里街107号小区,哈尔滨,道里,顾乡,1996,小高层,乡里街107号,126.5833494,45.73208802,1.0,20.0,,294,公寓住宅,民用,7.7,12,0.0,8844.0,Heilongjiang,Haerbin,Daoli,Heilongjiang-Haerbin
265329,利民街1号小区,哈尔滨,道里,顾乡,2006,小高层,利民街1号,126.5861336,45.73499967,1.0,30.0,,0,公寓住宅,民用,8.1,12,0.0,9306.0,Heilongjiang,Haerbin,Daoli,Heilongjiang-Haerbin
265333,顾乡大街77号小区,哈尔滨,道里,顾乡,2007,小高层,顾乡大街77号,126.581553,45.73579785,1.0,30.0,,273,公寓住宅,民用,7.7,12,0.0,6651.0,Heilongjiang,Haerbin,Daoli,Heilongjiang-Haerbin
265316,武警小区,哈尔滨,道里,顾乡,2014,多层,康安路85-9号,126.5934863,45.73773022,1.0,30.0,,503,公寓住宅,民用,8.2,12,0.0,8169.0,Heilongjiang,Haerbin,Daoli,Heilongjiang-Haerbin
265315,电炉小区,哈尔滨,道里,顾乡,2000,多层,埃德蒙顿路31号,126.5855866,45.73280709,1.0,20.0,,556,公寓住宅,民用,8.0,12,0.0,8860.0,Heilongjiang,Haerbin,Daoli,Heilongjiang-Haerbin
265314,达江小区,哈尔滨,道里,顾乡,2002,高层,达江街10号,126.5810238,45.73647719,1.0,30.0,,1372,公寓住宅,民用,7.9,12,-1.59,7766.0,Heilongjiang,Haerbin,Daoli,Heilongjiang-Haerbin
265313,三精家园,哈尔滨,道里,顾乡,2005,多层,埃德蒙顿路207-1号,126.579299,45.72870422,1.0,32.0,,843,公寓住宅,民用,8.0,12,-7.4,8445.0,Heilongjiang,Haerbin,Daoli,Heilongjiang-Haerbin
265295,溪岸艺墅(商住楼),哈尔滨,道里,工农大街,2018,高层,群力第五大道2146号,126.5462763,45.73119578,1.0,35.0,,517,商住楼,商用,7.9,12,0.0,16638.0,Heilongjiang,Haerbin,Daoli,Heilongjiang-Haerbin
265296,群力财富中心,哈尔滨,道里,工农大街,2013,高层,"兴江路,近群力大道",126.5466724,45.73559575,1.0,30.0,,840,商住楼,商用,7.8,12,0.0,24880.0,Heilongjiang,Haerbin,Daoli,Heilongjiang-Haerbin
265297,金中环商业广场,哈尔滨,道里,工农大街,2015,多层,群力第四大道1167号,126.5580067,45.73567619,,30.0,,188,商住楼,商用,7.8,12,0.0,15764.0,Heilongjiang,Haerbin,Daoli,Heilongjiang-Haerbin
265298,汇智广场,哈尔滨,道里,工农大街,2014,高层,群力第四大道399号,126.5637386,45.73784203,1.0,30.0,,940,商住楼,商用,8.4,12,0.0,11764.0,Heilongjiang,Haerbin,Daoli,Heilongjiang-Haerbin
265299,恒大国际中心,哈尔滨,道里,工农大街,2012,高层,"景江东路,近群力大道",126.5601196,45.73737665,1.0,30.0,47400.0,3035,商住楼,商用,7.9,12,0.0,12929.0,Heilongjiang,Haerbin,Daoli,Heilongjiang-Haerbin
265300,恒大悦府,哈尔滨,道里,顾乡,2020,高层,顾新路396号,126.5873198,45.72476028,1.0,32.0,,5522,公寓住宅,民用,8.1,12,-0.83,11139.0,Heilongjiang,Haerbin,Daoli,Heilongjiang-Haerbin
265301,新城小区,哈尔滨,道里,顾乡,1998,小高层,安居街75号,126.555577,45.72060915,1.0,35.0,,3688,公寓住宅,民用,8.4,12,0.01,8681.0,Heilongjiang,Haerbin,Daoli,Heilongjiang-Haerbin
265302,南方花园,哈尔滨,道里,顾乡,2003,多层,通顺街34号,126.5909672,45.7324508,1.0,35.0,,2675,公寓住宅,民用,8.1,12,-0.37,9025.0,Heilongjiang,Haerbin,Daoli,Heilongjiang-Haerbin
265334,康安二道街3号小区,哈尔滨,道里,顾乡,2007,小高层,康安二道街3号,126.5882856,45.73804097,1.0,30.0,,0,公寓住宅,民用,7.8,12,0.0,6615.0,Heilongjiang,Haerbin,Daoli,Heilongjiang-Haerbin
265303,康安小区,哈尔滨,道里,顾乡,2000,多层|小高层,康安路90号,126.5845217,45.73977189,1.0,20.0,,5000,公寓住宅,民用,7.8,12,-0.48,8189.0,Heilongjiang,Haerbin,Daoli,Heilongjiang-Haerbin
265305,新天地家园,哈尔滨,道里,顾乡,2008,多层,安阳街256号,126.5771474,45.73535646,1.0,40.0,,2653,公寓住宅,民用,8.0,12,-0.91,8659.0,Heilongjiang,Haerbin,Daoli,Heilongjiang-Haerbin
265306,溪畔嘉园小区,哈尔滨,道里,顾乡,2003,小高层,埃德蒙顿路75号,126.581388,45.73147556,1.0,32.0,,1404,公寓住宅,民用,7.9,12,0.31,8131.0,Heilongjiang,Haerbin,Daoli,Heilongjiang-Haerbin
265307,新华小区(道里顾乡南二道街),哈尔滨,道里,顾乡,1988,多层,顾乡南二道街105号,126.5865892,45.73762531,1.0,39.0,,3777,公寓住宅,民用,7.9,12,-1.84,8170.0,Heilongjiang,Haerbin,Daoli,Heilongjiang-Haerbin
265308,郁金台,哈尔滨,道里,顾乡,2012,高层,埃德蒙顿路23号,126.588286,45.73466078,1.0,30.0,145000.0,1226,公寓住宅,民用,8.2,12,-0.36,11176.0,Heilongjiang,Haerbin,Daoli,Heilongjiang-Haerbin
265309,湖景春晓,哈尔滨,道里,顾乡,2012,高层,埃德蒙顿路126号,126.5796675,45.72680457,1.0,33.0,,893,公寓住宅,民用,8.1,12,-0.13,10129.0,Heilongjiang,Haerbin,Daoli,Heilongjiang-Haerbin
265310,鑫都丽水雅居,哈尔滨,道里,顾乡,2012,高层|超高层,工农大街68号,126.5721394,45.72833084,1.0,30.0,,2066,公寓住宅,民用,8.0,12,-0.24,9570.0,Heilongjiang,Haerbin,Daoli,Heilongjiang-Haerbin
265311,都市秀景,哈尔滨,道里,顾乡,2002,多层,通顺街74号,126.5798062,45.7329985,1.0,32.0,,934,公寓住宅,民用,8.0,12,-0.19,7667.0,Heilongjiang,Haerbin,Daoli,Heilongjiang-Haerbin
265312,观江首府,哈尔滨,道里,顾乡,2012,超高层,河山街2-1号,126.5773986,45.74958198,1.0,25.0,85424.0,736,公寓住宅,民用,7.9,12,0.0,17787.0,Heilongjiang,Haerbin,Daoli,Heilongjiang-Haerbin
265304,祥泰人家,哈尔滨,道里,顾乡,2008,多层|高层,埃德蒙顿路80号,126.5835105,45.72976003,1.0,26.0,,1747,公寓住宅,民用,8.0,12,0.14,8332.0,Heilongjiang,Haerbin,Daoli,Heilongjiang-Haerbin
265335,新华街42号小区,哈尔滨,道里,顾乡,2007,小高层,新华街42号,126.5847605,45.73411333,1.0,30.0,,255,公寓住宅,民用,7.8,12,0.0,8760.0,Heilongjiang,Haerbin,Daoli,Heilongjiang-Haerbin
265336,金安绿泽苑,哈尔滨,道里,顾乡,2001,多层,埃德蒙顿路207号,126.5783092,45.72966611,1.0,30.0,,1079,公寓住宅,民用,7.5,12,0.0,10481.0,Heilongjiang,Haerbin,Daoli,Heilongjiang-Haerbin
265337,民生尚都祥园,哈尔滨,道里,融江路,2011,多层|小高层|高层,"群力第六大道,近三环路",126.5160396,45.72148678,1.0,35.0,,6546,公寓住宅,民用,7.3,12,-0.67,8486.0,Heilongjiang,Haerbin,Daoli,Heilongjiang-Haerbin
265360,招商贝肯山(七期),哈尔滨,道里,融江路,2022,高层,"融江路,近群力第一大道",126.5272638,45.74243747,,35.0,,0,公寓住宅,民用,7.7,12,0.0,17171.0,Heilongjiang,Haerbin,Daoli,Heilongjiang-Haerbin
265361,万科滨江大都会,哈尔滨,道里,融江路,2022,高层,朗江路,126.5216748,45.74204986,1.0,35.0,,1496,公寓住宅,民用,7.0,12,0.0,13495.0,Heilongjiang,Haerbin,Daoli,Heilongjiang-Haerbin
265362,金地名悦,哈尔滨,道里,融江路,2021,高层,群力第六大道,126.4938712,45.71344802,1.0,35.0,,1082,公寓住宅,民用,7.5,12,0.0,12222.0,Heilongjiang,Haerbin,Daoli,Heilongjiang-Haerbin
265363,宏润翠湖天地文园(文翠华府),哈尔滨,道里,融江路,2000,多层|高层,融江路,126.5336678,45.73020257,1.0,30.0,,416,公寓住宅,民用,7.7,12,0.0,20784.0,Heilongjiang,Haerbin,Daoli,Heilongjiang-Haerbin
265364,保利外滩7号,哈尔滨,道里,融江路,2020,低层,"朗江路,近友谊西路",126.5230918,45.74284861,,50.0,,0,别墅,民用,7.6,12,0.0,20703.0,Heilongjiang,Haerbin,Daoli,Heilongjiang-Haerbin
265365,保利天珺,哈尔滨,道里,融江路,2020,高层,友谊西路,126.5250563,45.74328787,,30.0,,364,公寓住宅,民用,6.9,12,-3.28,20290.0,Heilongjiang,Haerbin,Daoli,Heilongjiang-Haerbin
265359,和悦府,哈尔滨,道里,融江路,2002,多层|高层|超高层,阳明滩大道,126.5128467,45.73422204,1.0,30.0,,1261,公寓住宅,民用,6.8,12,-0.18,13867.0,Heilongjiang,Haerbin,Daoli,Heilongjiang-Haerbin
265370,汇智外滩金邸,哈尔滨,道里,融江路,2018,高层,群力第二大道2167号,126.5273273,45.73410231,1.0,30.0,,617,商住楼,商用,8.1,12,0.0,10816.0,Heilongjiang,Haerbin,Daoli,Heilongjiang-Haerbin
265371,边防嘉园,哈尔滨,道里,融江路,2018,多层|小高层,三环路,126.5274135,45.71338446,,30.0,,30,公寓住宅,民用,7.2,12,0.0,10600.0,Heilongjiang,Haerbin,Daoli,Heilongjiang-Haerbin
265372,恒祥枫丹郡,哈尔滨,道里,融江路,2019,高层,朗江路,126.526563,45.72228232,1.0,40.0,,620,公寓住宅,民用,7.9,12,0.0,14468.0,Heilongjiang,Haerbin,Daoli,Heilongjiang-Haerbin
265373,汇龙澜湾九里,哈尔滨,道里,融江路,Aug-21,多层|小高层|高层,"群力第五大道,近青山路",126.4909765,45.71876047,,30.0,,842,公寓住宅,民用,7.1,12,0.0,10909.0,Heilongjiang,Haerbin,Daoli,Heilongjiang-Haerbin
265374,君康大厦,哈尔滨,道里,融江路,2018,高层,"群力第六大道,近朗江路",126.5246401,45.72028079,1.0,45.0,100000.0,598,商住楼,商用,7.7,12,0.0,15463.0,Heilongjiang,Haerbin,Daoli,Heilongjiang-Haerbin
265376,恒大雅苑(一期),哈尔滨,道里,道里周边,2018,超高层,"崂山路,近四方台大道",126.5172353,45.71121572,1.0,33.0,164035.0,4508,公寓住宅,民用,7.8,12,-0.71,10136.0,Heilongjiang,Haerbin,Daoli,Heilongjiang-Haerbin
265369,星光耀(二期商住楼),哈尔滨,道里,融江路,1991,高层,群力大道,126.5233885,45.72973867,1.0,20.0,,1250,商住楼,商用,7.2,12,0.0,11436.0,Heilongjiang,Haerbin,Daoli,Heilongjiang-Haerbin
265122,"安康街小区(安康街80号,92号)",哈尔滨,道里,爱建,2005,小高层,"安康街80号,92号",126.6039701,45.7631794,1.0,30.0,,167,公寓住宅,民用,8.1,12,0.0,9115.0,Heilongjiang,Haerbin,Daoli,Heilongjiang-Haerbin
265358,招商贝肯山(六期),哈尔滨,道里,融江路,2022,高层,"融江路,近群力第一大道",126.5281828,45.7393831,1.0,35.0,,585,公寓住宅,民用,7.6,12,0.0,18108.0,Heilongjiang,Haerbin,Daoli,Heilongjiang-Haerbin
265356,保利城(一二期),哈尔滨,道里,融江路,2000,高层,"朗江路,近友谊西路",126.5237235,45.74087618,,30.0,,1598,公寓住宅,民用,7.4,12,-0.2,15342.0,Heilongjiang,Haerbin,Daoli,Heilongjiang-Haerbin
265338,恒大帝景,哈尔滨,道里,融江路,2016,高层,"群力第六大道,近阳明滩大道",126.5231871,45.71903508,1.0,48.0,,1975,公寓住宅,民用,7.8,12,-0.25,12706.0,Heilongjiang,Haerbin,Daoli,Heilongjiang-Haerbin
265339,恒大雅苑(一期),哈尔滨,道里,融江路,2018,超高层,"崂山路,近四方台大道",126.5172353,45.71121572,1.0,33.0,164035.0,4508,公寓住宅,民用,7.8,12,-0.71,10136.0,Heilongjiang,Haerbin,Daoli,Heilongjiang-Haerbin
265340,民生尚都福园,哈尔滨,道里,融江路,2016,多层,群力第六大道,126.4966029,45.71849557,1.0,35.0,,7911,公寓住宅,民用,7.3,12,-1.11,6955.0,Heilongjiang,Haerbin,Daoli,Heilongjiang-Haerbin
265341,宜居家园(B区),哈尔滨,道里,融江路,2007,多层,"阳明滩大道,近四方台大道",126.5167966,45.71407604,1.0,30.0,,2891,公寓住宅,民用,7.4,12,0.71,8179.0,Heilongjiang,Haerbin,Daoli,Heilongjiang-Haerbin
265342,宏润翠湖天地澜园,哈尔滨,道里,融江路,2020,高层,群力大道,126.5274494,45.72876448,1.0,50.0,,508,公寓住宅,民用,8.0,12,0.09,18586.0,Heilongjiang,Haerbin,Daoli,Heilongjiang-Haerbin
265343,银泰城(二期),哈尔滨,道里,融江路,2016,高层,"群力第二大道,近融江路",126.5324851,45.73581086,1.0,30.0,,1396,公寓住宅,民用,7.8,12,0.28,12573.0,Heilongjiang,Haerbin,Daoli,Heilongjiang-Haerbin
265344,民生尚都瑞园,哈尔滨,道里,融江路,2012,多层|小高层|高层,"崂山路309号,群力第六大道3562号",126.5169767,45.717742,1.0,35.0,,4582,公寓住宅,民用,7.4,12,0.0,8699.0,Heilongjiang,Haerbin,Daoli,Heilongjiang-Haerbin
265345,瑾翠华府,哈尔滨,道里,融江路,2017,多层,融江路2772号,126.5325923,45.72723338,1.0,30.0,,220,公寓住宅,民用,8.0,12,-0.2,26337.0,Heilongjiang,Haerbin,Daoli,Heilongjiang-Haerbin
265357,熙郡印象馨园(西区),哈尔滨,道里,融江路,2012,高层,群力第六大道4416号,126.5039613,45.71571097,1.0,35.0,,1356,公寓住宅,民用,7.5,12,-0.12,8160.0,Heilongjiang,Haerbin,Daoli,Heilongjiang-Haerbin
265346,民生尚都和园,哈尔滨,道里,融江路,2011,多层|小高层|高层,"群力第六大道,近崂山路",126.5102006,45.72085647,1.0,35.0,,7099,公寓住宅,民用,7.4,12,0.17,8379.0,Heilongjiang,Haerbin,Daoli,Heilongjiang-Haerbin
265348,宜居家园(一期),哈尔滨,道里,融江路,2007,多层,"崂山路,近四方台大道",126.5126912,45.71336692,1.0,30.0,,1386,公寓住宅,民用,7.5,12,-0.19,7636.0,Heilongjiang,Haerbin,Daoli,Heilongjiang-Haerbin
265349,民生尚都雅园,哈尔滨,道里,融江路,2012,多层|小高层|高层,群力第六大道4395号,126.5057619,45.71984648,1.0,35.0,,2171,公寓住宅,民用,7.3,12,-1.48,7646.0,Heilongjiang,Haerbin,Daoli,Heilongjiang-Haerbin
265351,招商贝肯山(五期),哈尔滨,道里,融江路,2022,高层,群力第二大道,126.5292531,45.73579711,1.0,35.0,,0,公寓住宅,民用,8.0,12,-0.73,17811.0,Heilongjiang,Haerbin,Daoli,Heilongjiang-Haerbin
265352,保利天悦二期,哈尔滨,道里,融江路,Mar-21,高层,群力第六大道,126.4945591,45.71555636,1.0,30.0,,1242,公寓住宅,民用,7.3,12,0.0,11057.0,Heilongjiang,Haerbin,Daoli,Heilongjiang-Haerbin
265353,保利城(三期),哈尔滨,道里,融江路,2000,高层,"群力第一大道,近朗江路",126.5221635,45.73667624,,30.0,,1993,公寓住宅,民用,7.4,12,-0.68,14236.0,Heilongjiang,Haerbin,Daoli,Heilongjiang-Haerbin
265354,保利城(五期),哈尔滨,道里,融江路,2000,高层,"群力第一大道,近朗江路",126.5245515,45.7389929,,30.0,,1042,公寓住宅,民用,7.6,12,-0.22,14792.0,Heilongjiang,Haerbin,Daoli,Heilongjiang-Haerbin
265355,恒大雅苑(二期),哈尔滨,道里,融江路,2018,高层,崂山路188号,126.5112867,45.71050165,,35.0,,1759,公寓住宅,民用,7.9,12,0.0,11616.0,Heilongjiang,Haerbin,Daoli,Heilongjiang-Haerbin
265347,民生尚都怡园,哈尔滨,道里,融江路,2012,多层|小高层|高层,"岷山路,近群力第六大道",126.5110792,45.71658605,1.0,35.0,,4524,公寓住宅,民用,7.5,12,-0.39,8801.0,Heilongjiang,Haerbin,Daoli,Heilongjiang-Haerbin
265121,河润街79号小区,哈尔滨,道里,爱建,2002,多层,河润街79号,126.5904189,45.75817204,1.0,30.0,,138,公寓住宅,民用,7.7,12,0.0,9400.0,Heilongjiang,Haerbin,Daoli,Heilongjiang-Haerbin
265120,宝宇凯旋城(二期),哈尔滨,道里,爱建,2006,高层,建议街2号,126.5996719,45.74645444,1.0,31.0,,436,公寓住宅,民用,8.6,12,0.0,11347.0,Heilongjiang,Haerbin,Daoli,Heilongjiang-Haerbin
265119,安定街小区(安定街217号-219号(单号)),哈尔滨,道里,爱建,1997,小高层,安定街217号-219号(单号),126.6008367,45.75569029,1.0,20.0,,283,公寓住宅,民用,8.4,12,0.0,9103.0,Heilongjiang,Haerbin,Daoli,Heilongjiang-Haerbin
265484,"松树街小区(松树街24号,34号)",哈尔滨,道里,建国公园,1993,小高层,"松树街24号,34号",126.5913742,45.74662368,,20.0,,284,公寓住宅,民用,8.2,12,0.09,8400.0,Heilongjiang,Haerbin,Daoli,Heilongjiang-Haerbin
265483,建国街239号小区,哈尔滨,道里,建国公园,1996,小高层,建国街239号,126.5929558,45.74486886,1.0,20.0,,144,公寓住宅,民用,8.2,12,0.0,8904.0,Heilongjiang,Haerbin,Daoli,Heilongjiang-Haerbin
265482,建国南二道街小区(建国南二道街11-15号(单号)),哈尔滨,道里,建国公园,2003,小高层,建国南二道街11-15号(单号),126.5987218,45.74814831,1.0,20.0,,356,公寓住宅,民用,8.1,12,0.0,9308.0,Heilongjiang,Haerbin,Daoli,Heilongjiang-Haerbin
265481,建国城市花园小区,哈尔滨,道里,建国公园,2001,小高层,松源街66号,126.5895759,45.74260971,1.0,30.0,,740,公寓住宅,民用,8.2,12,0.0,7773.0,Heilongjiang,Haerbin,Daoli,Heilongjiang-Haerbin
265480,钢铁小区,哈尔滨,道里,建国公园,2001,多层,钢铁街副118-8号,126.5856467,45.74204628,1.0,26.0,,1365,公寓住宅,民用,8.0,12,0.0,7755.0,Heilongjiang,Haerbin,Daoli,Heilongjiang-Haerbin
265479,正阳花园丁香名苑,哈尔滨,道里,建国公园,1990,多层,前进路64号,126.5868102,45.74332381,1.0,40.0,,879,公寓住宅,民用,8.0,12,0.0,9200.0,Heilongjiang,Haerbin,Daoli,Heilongjiang-Haerbin
265478,通达街铁路小区,哈尔滨,道里,建国公园,2000,多层|高层,通达街535号,126.5911886,45.74882943,,20.0,,485,公寓住宅,民用,7.9,12,3.25,10322.0,Heilongjiang,Haerbin,Daoli,Heilongjiang-Haerbin
265477,正基嘉苑,哈尔滨,道里,建国公园,2013,多层|高层,前进路附63-1号,126.5925738,45.75165135,1.0,25.0,,226,公寓住宅,民用,8.3,12,0.0,11709.0,Heilongjiang,Haerbin,Daoli,Heilongjiang-Haerbin
265476,松滨里小区,哈尔滨,道里,建国公园,2000,小高层,建国街246号,126.5941335,45.74268501,1.0,32.0,,1811,公寓住宅,民用,8.2,12,0.0,7781.0,Heilongjiang,Haerbin,Daoli,Heilongjiang-Haerbin
265475,品阁,哈尔滨,道里,建国公园,2009,多层|小高层,建国北六道街54号,126.593078,45.74899074,1.0,25.0,,576,公寓住宅,民用,8.3,12,-0.03,10889.0,Heilongjiang,Haerbin,Daoli,Heilongjiang-Haerbin
265474,正阳花园,哈尔滨,道里,建国公园,2006,多层,通达街442号,126.5898348,45.74691623,1.0,30.0,,1029,公寓住宅,民用,8.3,12,-0.66,7631.0,Heilongjiang,Haerbin,Daoli,Heilongjiang-Haerbin
265473,河政花园住宅小区,哈尔滨,道里,建国公园,2004,多层,河松街219号,126.5855293,45.74899511,1.0,25.0,,1702,公寓住宅,民用,8.2,12,-0.87,10347.0,Heilongjiang,Haerbin,Daoli,Heilongjiang-Haerbin
265472,地节街63号小区,哈尔滨,道里,抚顺,1993,多层|高层,地节街63号,126.615495,45.75448605,1.0,20.0,,618,公寓住宅,民用,8.0,12,0.0,9054.0,Heilongjiang,Haerbin,Daoli,Heilongjiang-Haerbin
265471,抚顺街小区(抚顺街143-173号(单号)),哈尔滨,道里,抚顺,2007,小高层,抚顺街143-173号,126.614107,45.75529411,1.0,30.0,,240,公寓住宅,民用,8.1,12,0.0,9476.0,Heilongjiang,Haerbin,Daoli,Heilongjiang-Haerbin
265470,"安化街小区(安发街2-6号(双号),安心街95号,安化街162号)",哈尔滨,道里,抚顺,1995,小高层,"安发街2-6号(双号),安心街95号,安化街162号",126.6096519,45.75173424,,20.0,,451,公寓住宅,民用,7.9,12,0.0,9275.0,Heilongjiang,Haerbin,Daoli,Heilongjiang-Haerbin
265469,安心街79号小区,哈尔滨,道里,抚顺,1987,小高层,安心街79号,126.6119565,45.75326724,1.0,20.0,,0,公寓住宅,民用,7.9,12,0.0,9503.0,Heilongjiang,Haerbin,Daoli,Heilongjiang-Haerbin
265468,"地正街小区(地正街2-12号(双号),地节街162号,168号,抚北七道街11号)",哈尔滨,道里,抚顺,2000,小高层,"地正街2-12号(双号),地节街162号,168号,抚北七道街11号",126.6178544,45.75345901,1.0,30.0,,300,公寓住宅,民用,8.1,12,0.0,6074.0,Heilongjiang,Haerbin,Daoli,Heilongjiang-Haerbin
265485,"松林街小区(松源街26号-30号(双号),松林街5号)",哈尔滨,道里,建国公园,1999,小高层,"松源街26号-30号(双号),松林街5号",126.5914028,45.74460613,1.0,20.0,,343,公寓住宅,民用,7.9,12,0.0,8133.0,Heilongjiang,Haerbin,Daoli,Heilongjiang-Haerbin
265486,通达街小区(通达街300号-336号(双号)),哈尔滨,道里,建国公园,1990,小高层,通达街300号-336号(双号),126.5967908,45.74541405,1.0,20.0,,422,公寓住宅,民用,8.4,12,0.0,8516.0,Heilongjiang,Haerbin,Daoli,Heilongjiang-Haerbin
265487,"建化街小区(建化街9号,16号-74号(双号))",哈尔滨,道里,建国公园,1998,多层,"建化街9号,16号-74号(双号)",126.6008364,45.75400362,1.0,20.0,,946,公寓住宅,民用,8.2,12,0.0,9971.0,Heilongjiang,Haerbin,Daoli,Heilongjiang-Haerbin
265488,"建国南头道街小区(建国南头道街22号-80号(双号),建国南头道街3号,建国街102,110号)",哈尔滨,道里,建国公园,2001,多层,"建国南头道街22号-80号(双号),建国南头道街3号,建国街102,110号",126.5981898,45.74885133,1.0,20.0,,860,公寓住宅,民用,7.9,12,-1.7,9173.0,Heilongjiang,Haerbin,Daoli,Heilongjiang-Haerbin
265502,"建国北头道街小区(建国北头道街3-15号(单号),建国北二道街18,20号)",哈尔滨,道里,建国公园,2015,多层,"建国北头道街3-15号(单号),建国北二道街18,20号",126.5956509,45.74861047,1.0,30.0,,414,公寓住宅,民用,8.1,12,-0.71,8413.0,Heilongjiang,Haerbin,Daoli,Heilongjiang-Haerbin
265501,北五家园,哈尔滨,道里,建国公园,2002,多层,建国北四道街5号,126.5952136,45.75072188,1.0,30.0,,281,公寓住宅,民用,8.0,12,0.0,8533.0,Heilongjiang,Haerbin,Daoli,Heilongjiang-Haerbin
265500,"建国南三道街小区(建国南三道街1,3,10号)",哈尔滨,道里,建国公园,1996,小高层,"建国南三道街1,3,10号",126.6002061,45.74820485,1.0,20.0,,195,公寓住宅,民用,8.0,12,0.0,10126.0,Heilongjiang,Haerbin,Daoli,Heilongjiang-Haerbin
265499,"建国街小区(建国街146-184号(双号),建国南头道街39号)",哈尔滨,道里,建国公园,1991,小高层,"建国街146-184号(双号),建国南头道街39号",126.5960442,45.74738697,1.0,20.0,,265,公寓住宅,民用,8.2,12,0.0,9305.0,Heilongjiang,Haerbin,Daoli,Heilongjiang-Haerbin
265467,地工街22号小区,哈尔滨,道里,抚顺,2002,多层,地工街22号,126.6188758,45.75440664,,30.0,,21,公寓住宅,民用,8.1,12,0.0,7900.0,Heilongjiang,Haerbin,Daoli,Heilongjiang-Haerbin
265498,通达街166号小区,哈尔滨,道里,建国公园,2005,小高层,通达街166号,126.60252,45.74274254,1.0,30.0,,98,公寓住宅,民用,8.2,12,0.0,6833.0,Heilongjiang,Haerbin,Daoli,Heilongjiang-Haerbin
265496,金荷怡园,哈尔滨,道里,建国公园,2007,多层,松源街68号,126.6089144,45.75679924,1.0,30.0,,143,公寓住宅,民用,8.7,12,0.0,9669.0,Heilongjiang,Haerbin,Daoli,Heilongjiang-Haerbin
265495,"松树街小区(松树街46号,松森街14号)",哈尔滨,道里,建国公园,1993,小高层,"松树街46号,松森街14号",126.5919857,45.74709618,1.0,20.0,,308,公寓住宅,民用,7.6,12,0.0,9346.0,Heilongjiang,Haerbin,Daoli,Heilongjiang-Haerbin
265494,通达街小区(通达街188号-228号(双号)),哈尔滨,道里,建国公园,1998,小高层,通达街188号-228号(双号),126.6018922,45.74309379,1.0,35.0,,188,公寓住宅,民用,8.6,12,-0.08,9316.0,Heilongjiang,Haerbin,Daoli,Heilongjiang-Haerbin
265493,"共乐西头道街小区(建国北四道街18号-34号(双号),共乐西头道街12号-16号(双号))",哈尔滨,道里,建国公园,1993,小高层,"建国北四道街18号-34号(双号),共乐西头道街12号-16号(双号)",126.5949558,45.74952831,1.0,20.0,,356,公寓住宅,民用,7.6,12,-9.41,7022.0,Heilongjiang,Haerbin,Daoli,Heilongjiang-Haerbin
265492,通达街383号小区,哈尔滨,道里,建国公园,2000,小高层,通达街383号,126.597272,45.74578542,,30.0,,42,公寓住宅,民用,7.9,12,0.0,8571.0,Heilongjiang,Haerbin,Daoli,Heilongjiang-Haerbin
265491,松森街2号小区,哈尔滨,道里,建国公园,1999,小高层,松森街2号,126.591299,45.74737409,1.0,20.0,,0,公寓住宅,民用,8.5,12,0.0,8440.0,Heilongjiang,Haerbin,Daoli,Heilongjiang-Haerbin
265490,河江小区,哈尔滨,道里,建国公园,1994,多层|小高层,河江街17号,126.5982872,45.75353027,1.0,20.0,,1512,公寓住宅,民用,8.0,12,0.0,9838.0,Heilongjiang,Haerbin,Daoli,Heilongjiang-Haerbin
265489,恒兴花园,哈尔滨,道里,建国公园,2001,多层,康安路22号,126.5950288,45.73282538,1.0,39.0,,780,公寓住宅,民用,8.2,12,0.0,7425.0,Heilongjiang,Haerbin,Daoli,Heilongjiang-Haerbin
265497,松苍小区,哈尔滨,道里,建国公园,2001,小高层,松源街39号,126.5890433,45.74411761,1.0,20.0,,1033,公寓住宅,民用,8.1,12,0.0,8099.0,Heilongjiang,Haerbin,Daoli,Heilongjiang-Haerbin
264906,汇锦香槟湾,哈尔滨,道里,群力,2015,高层|超高层,"群力第二大道,近朗江路",126.5260034,45.7348868,1.0,30.0,255000.0,1648,公寓住宅,民用,7.8,12,-0.29,15921.0,Heilongjiang,Haerbin,Daoli,Heilongjiang-Haerbin
264929,群力新城(南区),哈尔滨,道里,群力,2012,多层,"群力第二大道,近兴江路",126.5402794,45.73716534,1.0,30.0,,3303,公寓住宅,民用,8.0,12,-0.14,14808.0,Heilongjiang,Haerbin,Daoli,Heilongjiang-Haerbin
264930,招商贝肯山(二期),哈尔滨,道里,群力,2022,小高层|高层,"群力第一大道,近融江路",126.5309661,45.74005722,1.0,35.0,,1056,公寓住宅,民用,8.0,12,0.0,18611.0,Heilongjiang,Haerbin,Daoli,Heilongjiang-Haerbin
264931,群力新城(北区),哈尔滨,道里,群力,2012,高层,友谊西路3666号,126.5364895,45.74352641,1.0,30.0,,2669,公寓住宅,民用,7.7,12,-0.48,19799.0,Heilongjiang,Haerbin,Daoli,Heilongjiang-Haerbin
264932,玫瑰湾(东区),哈尔滨,道里,群力,2015,高层,兴江路696号,126.5563122,45.72548533,1.0,43.2,,1432,公寓住宅,民用,8.2,12,-1.55,13257.0,Heilongjiang,Haerbin,Daoli,Heilongjiang-Haerbin
264933,民生尚都瑞园,哈尔滨,道里,群力,2012,多层|小高层|高层,"崂山路309号,群力第六大道3562号",126.5169767,45.717742,1.0,35.0,,4582,公寓住宅,民用,7.4,12,0.0,8699.0,Heilongjiang,Haerbin,Daoli,Heilongjiang-Haerbin
264934,瑾翠华府,哈尔滨,道里,群力,2017,多层,融江路2772号,126.5325923,45.72723338,1.0,30.0,,220,公寓住宅,民用,8.0,12,-0.2,26337.0,Heilongjiang,Haerbin,Daoli,Heilongjiang-Haerbin
264935,宝石花园,哈尔滨,道里,群力,2013,多层|高层,群力第六大道188号,126.5559402,45.72826494,1.0,35.0,,1089,公寓住宅,民用,8.6,12,0.57,11759.0,Heilongjiang,Haerbin,Daoli,Heilongjiang-Haerbin
264936,天昊百年俪景,哈尔滨,道里,群力,2013,多层|高层,丽江路1333号,126.5511125,45.71879634,1.0,48.0,186410.0,928,公寓住宅,民用,8.8,12,-0.38,13347.0,Heilongjiang,Haerbin,Daoli,Heilongjiang-Haerbin
264937,群力家园(D区),哈尔滨,道里,群力,2012,小高层,融汇路225号,126.5432196,45.70924624,1.0,30.0,2100000.0,1301,公寓住宅,民用,7.9,12,-1.32,10151.0,Heilongjiang,Haerbin,Daoli,Heilongjiang-Haerbin
264938,招商贝肯山(四期),哈尔滨,道里,群力,2022,高层,元江路955号,126.5330771,45.74185848,1.0,35.0,,414,公寓住宅,民用,7.9,12,-0.2,18534.0,Heilongjiang,Haerbin,Daoli,Heilongjiang-Haerbin
264939,群力家园(C区),哈尔滨,道里,群力,2012,小高层,"融江路,近滇池东路",126.5385258,45.70931443,1.0,30.0,,2862,公寓住宅,民用,7.8,12,-0.67,10975.0,Heilongjiang,Haerbin,Daoli,Heilongjiang-Haerbin
264940,熙郡印象馨园(东区),哈尔滨,道里,群力,2012,高层,"岷山路,近群力第六大道",126.5068458,45.71730427,1.0,35.0,,1175,公寓住宅,民用,7.5,12,0.48,8468.0,Heilongjiang,Haerbin,Daoli,Heilongjiang-Haerbin
264941,阳光颐养花园,哈尔滨,道里,群力,2000,多层,"哈双路,近三环路",126.5302956,45.71528022,1.0,25.0,,1846,公寓住宅,民用,7.4,12,0.0,8360.0,Heilongjiang,Haerbin,Daoli,Heilongjiang-Haerbin
264942,群力家园(A区),哈尔滨,道里,群力,2012,小高层,"阳明滩大道,近龙湖路",126.5287025,45.70578485,1.0,30.0,,2013,公寓住宅,民用,7.7,12,-1.28,9196.0,Heilongjiang,Haerbin,Daoli,Heilongjiang-Haerbin
264943,银泰城(一期),哈尔滨,道里,群力,2016,多层|小高层|高层|超高层,"丽江路,近群力第一大道",126.5340854,45.73857173,1.0,30.0,,1822,公寓住宅,民用,7.7,12,1.19,11963.0,Heilongjiang,Haerbin,Daoli,Heilongjiang-Haerbin
264944,天然家园,哈尔滨,道里,群力,2007,多层,哈双北路5号,126.5436507,45.71565488,1.0,35.0,,816,公寓住宅,民用,7.9,12,0.51,8236.0,Heilongjiang,Haerbin,Daoli,Heilongjiang-Haerbin
264945,翠湖天地璞园,哈尔滨,道里,群力,2015,多层,丽江路2702号,126.5360581,45.72888965,,50.0,,792,公寓住宅,民用,8.0,12,-3.86,25580.0,Heilongjiang,Haerbin,Daoli,Heilongjiang-Haerbin
264928,招商贝肯山(三期),哈尔滨,道里,群力,2022,多层|高层,群力第一大道1872号,126.5314922,45.73725166,1.0,35.0,,1372,公寓住宅,民用,8.1,12,-0.31,18227.0,Heilongjiang,Haerbin,Daoli,Heilongjiang-Haerbin
264927,银泰城(二期),哈尔滨,道里,群力,2016,高层,"群力第二大道,近融江路",126.5324851,45.73581086,1.0,30.0,,1396,公寓住宅,民用,7.8,12,0.28,12573.0,Heilongjiang,Haerbin,Daoli,Heilongjiang-Haerbin
264926,新城花园,哈尔滨,道里,群力,2015,多层,"丽江路1269号,工农大街651号",126.5544019,45.71816812,1.0,32.0,,1345,公寓住宅,民用,8.5,12,0.14,9758.0,Heilongjiang,Haerbin,Daoli,Heilongjiang-Haerbin
264925,雨阳名居,哈尔滨,道里,群力,2011,多层|小高层|高层,丽江路1958号,126.5456789,45.72143147,1.0,33.0,,372,公寓住宅,民用,8.6,12,0.0,13356.0,Heilongjiang,Haerbin,Daoli,Heilongjiang-Haerbin
264907,海富绣园,哈尔滨,道里,群力,2015,小高层,"群力第七大道,近阳江路",126.5431608,45.71716853,1.0,36.45,,2568,公寓住宅,民用,8.2,12,0.2,13305.0,Heilongjiang,Haerbin,Daoli,Heilongjiang-Haerbin
264908,玫瑰湾(西区),哈尔滨,道里,群力,2013,多层|小高层|高层,"群力第七大道,近兴江路",126.5531092,45.72358526,1.0,43.2,268451.0,2589,公寓住宅,民用,8.5,12,-0.23,14552.0,Heilongjiang,Haerbin,Daoli,Heilongjiang-Haerbin
264909,汇锦庄园(别墅),哈尔滨,道里,群力,2015,低层,丽江路,126.5383825,45.72443903,,30.0,,318,别墅,民用,8.3,12,-0.36,28181.0,Heilongjiang,Haerbin,Daoli,Heilongjiang-Haerbin
264910,海富禧园,哈尔滨,道里,群力,2016,高层,"丽江路,近四方台大道",126.549974,45.71697959,1.0,30.0,,1486,公寓住宅,民用,8.2,12,-0.06,14097.0,Heilongjiang,Haerbin,Daoli,Heilongjiang-Haerbin
264911,海富臻园,哈尔滨,道里,群力,1999,高层,"丽江路,近群力第七大道",126.5480264,45.71803494,1.0,35.0,,1791,公寓住宅,民用,8.2,12,0.41,14280.0,Heilongjiang,Haerbin,Daoli,Heilongjiang-Haerbin
264912,群力新苑(东区),哈尔滨,道里,群力,2010,多层,工农大街64号,126.5597878,45.7237645,1.0,30.0,,5543,公寓住宅,民用,8.0,12,-0.09,10196.0,Heilongjiang,Haerbin,Daoli,Heilongjiang-Haerbin
264913,星光耀(二期),哈尔滨,道里,群力,2016,高层,朗江路1218号,126.5222406,45.73064518,1.0,35.0,,2213,公寓住宅,民用,7.6,12,-1.38,14402.0,Heilongjiang,Haerbin,Daoli,Heilongjiang-Haerbin
264914,天鹅湾赫郡,哈尔滨,道里,群力,2013,多层|高层,"群力第五大道,近上江街",126.5677538,45.73288178,1.0,32.0,,807,公寓住宅,民用,8.5,12,-0.6,13918.0,Heilongjiang,Haerbin,Daoli,Heilongjiang-Haerbin
264905,恒盛皇家花园,哈尔滨,道里,群力,2012,高层,"群力第四大道788号,金江路1066号",126.5603136,45.73538649,1.0,35.0,,1873,公寓住宅,民用,8.4,12,-1.06,14830.0,Heilongjiang,Haerbin,Daoli,Heilongjiang-Haerbin
264915,中兴城,哈尔滨,道里,群力,2014,多层|小高层,工农大街242号,126.5515164,45.71437941,1.0,40.0,,1746,公寓住宅,民用,8.1,12,-0.04,10408.0,Heilongjiang,Haerbin,Daoli,Heilongjiang-Haerbin
264917,星光耀广场,哈尔滨,道里,群力,2016,高层,"群力大道,近朗江路",126.5266785,45.73232304,1.0,30.0,1481500.0,1113,公寓住宅,民用,7.8,12,-0.23,14464.0,Heilongjiang,Haerbin,Daoli,Heilongjiang-Haerbin
264918,溪岸艺墅(别墅),哈尔滨,道里,群力,2018,低层,群力第五大道,126.5455077,45.72926458,,35.0,180000.0,79,别墅,民用,8.3,12,2.85,39185.0,Heilongjiang,Haerbin,Daoli,Heilongjiang-Haerbin
264919,招商贝肯山(一期),哈尔滨,道里,群力,2022,多层|高层,融江路4333号,126.5301807,45.74258461,1.0,35.0,1300000.0,1499,公寓住宅,民用,7.7,12,0.03,16818.0,Heilongjiang,Haerbin,Daoli,Heilongjiang-Haerbin
264920,理想0451,哈尔滨,道里,群力,2014,高层,工农大街154号,126.5595476,45.71950829,1.0,25.0,,2229,公寓住宅,民用,8.2,12,-0.8,10842.0,Heilongjiang,Haerbin,Daoli,Heilongjiang-Haerbin
264921,宏润翠湖天地澜园,哈尔滨,道里,群力,2020,高层,群力大道,126.5274494,45.72876448,1.0,50.0,,508,公寓住宅,民用,8.0,12,0.09,18586.0,Heilongjiang,Haerbin,Daoli,Heilongjiang-Haerbin
264922,溪岸艺墅(公寓住宅),哈尔滨,道里,群力,2019,多层|高层,"群力第五大道,近兴江路",126.5437974,45.73021666,1.0,35.0,,852,公寓住宅,民用,8.2,12,-1.84,22886.0,Heilongjiang,Haerbin,Daoli,Heilongjiang-Haerbin
264923,海富御园,哈尔滨,道里,群力,2015,多层,四方台大道421号,126.5466355,45.71566572,1.0,30.0,,784,公寓住宅,民用,8.0,12,-0.93,16086.0,Heilongjiang,Haerbin,Daoli,Heilongjiang-Haerbin
264924,玫瑰湾二期珑岸,哈尔滨,道里,群力,2017,小高层,第六大道,126.5440364,45.71837605,1.0,32.0,,1499,公寓住宅,民用,8.5,12,-0.45,13522.0,Heilongjiang,Haerbin,Daoli,Heilongjiang-Haerbin
264916,报达文化嘉园,哈尔滨,道里,群力,2005,多层,工农大街46号,126.5701968,45.72610429,1.0,30.0,,2428,公寓住宅,民用,7.6,12,0.67,9146.0,Heilongjiang,Haerbin,Daoli,Heilongjiang-Haerbin
265571,"安顺街小区(安顺街122-134号(双号),130-1号,安丰街29号,安定街120号)",哈尔滨,道里,安国街,1998,小高层,"安顺街122-134号(双号),130-1号,安丰街29号,安定街120号",126.6076697,45.76361064,1.0,20.0,,526,公寓住宅,民用,8.3,12,0.0,9407.0,Heilongjiang,Haerbin,Daoli,Heilongjiang-Haerbin
265570,"安松街小区(安松街35号,37号)",哈尔滨,道里,安国街,1989,小高层,"安松街35号,37号",126.6082945,45.76063695,1.0,20.0,,232,公寓住宅,民用,8.4,12,0.0,10211.0,Heilongjiang,Haerbin,Daoli,Heilongjiang-Haerbin
265569,"工厂街小区(工厂街127号,127-1号,131号,131-1号,经纬头道街3号,11号,25-4号)",哈尔滨,道里,安国街,1988,小高层,"工厂街127号,127-1号,131号,131-1号,经纬头道街3号,11号,25-4号",126.6158681,45.76302335,1.0,20.0,,458,公寓住宅,民用,8.1,12,0.0,8904.0,Heilongjiang,Haerbin,Daoli,Heilongjiang-Haerbin
265568,"安丰街小区(安丰街72号-80号(双号),安康街60号-68号(双号),安宁街157号,安宁街167号))",哈尔滨,道里,安国街,1987,小高层,"安丰街72号-80号(双号),安康街60号-68号(双号),安宁街157号,安宁街167号)",126.6052662,45.7631421,1.0,20.0,,424,公寓住宅,民用,8.0,12,0.0,8287.0,Heilongjiang,Haerbin,Daoli,Heilongjiang-Haerbin
265567,安定街124号小区,哈尔滨,道里,安国街,1997,小高层,安定街124号,126.6042954,45.7544134,1.0,20.0,,156,公寓住宅,民用,8.1,12,0.0,10562.0,Heilongjiang,Haerbin,Daoli,Heilongjiang-Haerbin
265566,安升街小区(安升街36-46号(双号)),哈尔滨,道里,安国街,1993,小高层,安升街36-46号(双号),126.611715,45.7570581,1.0,20.0,,63,公寓住宅,民用,8.0,12,0.0,10327.0,Heilongjiang,Haerbin,Daoli,Heilongjiang-Haerbin
265565,经纬五道街44号小区,哈尔滨,道里,安国街,1990,小高层,经纬五道街44号,126.6094128,45.76449569,2.0,20.0,,205,公寓住宅,民用,8.6,12,0.0,17000.0,Heilongjiang,Haerbin,Daoli,Heilongjiang-Haerbin
265564,经纬五道街22号小区,哈尔滨,道里,安国街,1991,小高层,经纬五道街22号,126.6102886,45.76536533,1.0,20.0,,318,公寓住宅,民用,8.7,12,-4.77,17515.0,Heilongjiang,Haerbin,Daoli,Heilongjiang-Haerbin
265563,"安松街小区(安松街40号,42号)",哈尔滨,道里,安国街,1991,小高层,"安松街40号,42号",126.6071879,45.76057924,1.0,20.0,,63,公寓住宅,民用,8.4,12,0.0,9785.0,Heilongjiang,Haerbin,Daoli,Heilongjiang-Haerbin
265562,"安广街小区(新阳路187-1号,安广街78号)",哈尔滨,道里,安国街,2004,小高层,"新阳路187-1号,安广街78号",126.6083864,45.75617709,1.0,30.0,,510,公寓住宅,民用,8.1,12,-0.27,9984.0,Heilongjiang,Haerbin,Daoli,Heilongjiang-Haerbin
265561,安静街78号小区,哈尔滨,道里,安国街,2015,小高层,安静街78号,126.607837,45.75738967,1.0,30.0,,152,公寓住宅,民用,8.3,12,-2.5,7587.0,Heilongjiang,Haerbin,Daoli,Heilongjiang-Haerbin
265560,安丰街45号小区,哈尔滨,道里,安国街,1991,小高层,安丰街45号,126.6060107,45.76354727,1.0,20.0,,105,公寓住宅,民用,8.2,12,0.0,8807.0,Heilongjiang,Haerbin,Daoli,Heilongjiang-Haerbin
265559,安丰街55号小区,哈尔滨,道里,安国街,1991,小高层,安丰街55号,126.6057929,45.76379903,1.0,20.0,,151,公寓住宅,民用,8.2,12,0.0,8057.0,Heilongjiang,Haerbin,Daoli,Heilongjiang-Haerbin
265558,北安街小区(北安街144号-164号(双号)),哈尔滨,道里,安国街,1991,小高层,北安街144号-164号(双号),126.607327,45.76584568,1.0,20.0,,104,公寓住宅,民用,8.3,12,0.0,15625.0,Heilongjiang,Haerbin,Daoli,Heilongjiang-Haerbin
265557,"安定街小区(安定街123号,133号,141号)",哈尔滨,道里,安国街,1989,小高层,"安定街123号,133号,141号",126.6022098,45.75798695,1.0,20.0,,392,公寓住宅,民用,8.0,12,0.0,9085.0,Heilongjiang,Haerbin,Daoli,Heilongjiang-Haerbin
265556,安隆小区,哈尔滨,道里,安国街,1988,多层,安宁街186号,126.6027167,45.76397093,1.0,20.0,,1436,公寓住宅,民用,8.3,12,-0.04,9061.0,Heilongjiang,Haerbin,Daoli,Heilongjiang-Haerbin
265555,"安正街小区(安正街29号,31号,安丰街85号,87号,安隆街18号,安顺街188-204号(双号))",哈尔滨,道里,安国街,1992,小高层,"安正街29号,31号,安丰街85号,87号,安隆街18号,安顺街188-204号(双号)",126.60332,45.76501857,1.0,20.0,,599,公寓住宅,民用,8.4,12,0.0,9793.0,Heilongjiang,Haerbin,Daoli,Heilongjiang-Haerbin
265572,"安定街小区(安升街174号,安定街91号-93号(单号))",哈尔滨,道里,安国街,1997,小高层,"安升街174号,安定街91号-93号(单号)",126.6040444,45.76040168,1.0,20.0,,287,公寓住宅,民用,8.3,12,0.0,9160.0,Heilongjiang,Haerbin,Daoli,Heilongjiang-Haerbin
265573,"安定街小区(安定街113号,120号,122号,安广街116号-138号(双号))",哈尔滨,道里,安国街,1989,小高层,"安定街113号,120号,122号,安广街116号-138号(双号)",126.6022654,45.75732908,1.0,20.0,,489,公寓住宅,民用,8.2,12,0.0,7975.0,Heilongjiang,Haerbin,Daoli,Heilongjiang-Haerbin
265574,"安定街小区(安定街23号,39号,副39号,41号)",哈尔滨,道里,安国街,1989,小高层,"安定街23号,39号,副39号,41号",126.6046187,45.76219107,1.0,20.0,,301,公寓住宅,民用,8.5,12,0.0,9555.0,Heilongjiang,Haerbin,Daoli,Heilongjiang-Haerbin
265575,"安国街小区(安国街171号,安定街144号-146号(双号))",哈尔滨,道里,安国街,1997,小高层,"安国街171号,安定街144号-146号(双号)",126.6035172,45.75644207,1.0,20.0,,356,公寓住宅,民用,8.2,12,0.0,8434.0,Heilongjiang,Haerbin,Daoli,Heilongjiang-Haerbin
265593,安广街61号小区,哈尔滨,道里,安国街,2004,小高层,安广街61号,126.6086917,45.75654921,1.0,30.0,,168,公寓住宅,民用,8.2,12,0.0,7681.0,Heilongjiang,Haerbin,Daoli,Heilongjiang-Haerbin
265592,"安静街小区(安静街70号,安静街82号-104号(双号))",哈尔滨,道里,安国街,2015,小高层,"安静街70号,安静街82号-104号(双号)",126.6077655,45.75783598,1.0,30.0,,153,公寓住宅,民用,8.3,12,-0.71,8194.0,Heilongjiang,Haerbin,Daoli,Heilongjiang-Haerbin
265591,"安顺街小区(安顺街142号,144号,安定街18号)",哈尔滨,道里,安国街,2006,小高层,"安顺街142号,144号,安定街18号",126.6068445,45.7638969,1.0,30.0,,127,公寓住宅,民用,8.4,12,0.0,9428.0,Heilongjiang,Haerbin,Daoli,Heilongjiang-Haerbin
265590,安道街小区(安道街42号-56号(双号)),哈尔滨,道里,安国街,2002,小高层,安道街42号-56号(双号),126.6106123,45.7634049,1.0,30.0,,224,公寓住宅,民用,8.4,12,0.0,9371.0,Heilongjiang,Haerbin,Daoli,Heilongjiang-Haerbin
265589,"经纬二道街小区(经纬二道街45号,57号)",哈尔滨,道里,安国街,2000,小高层,"经纬二道街45号,57号",126.614593,45.76428741,1.0,30.0,,292,公寓住宅,民用,8.4,12,0.0,9076.0,Heilongjiang,Haerbin,Daoli,Heilongjiang-Haerbin
265588,安静街44号小区,哈尔滨,道里,安国街,2015,小高层,安静街44号,126.6088707,45.75970999,1.0,30.0,,36,公寓住宅,民用,8.5,12,0.0,7692.0,Heilongjiang,Haerbin,Daoli,Heilongjiang-Haerbin
265587,"经纬三道街小区(经纬三道街20号,22号)",哈尔滨,道里,安国街,1991,小高层,"经纬三道街20号,22号",126.6137071,45.76489418,1.0,20.0,,194,公寓住宅,民用,8.7,12,0.0,9157.0,Heilongjiang,Haerbin,Daoli,Heilongjiang-Haerbin
265586,安平街小区(安平街4-12号(双号)),哈尔滨,道里,安国街,1991,小高层,安平街4-12号(双号),126.614639,45.76121959,1.0,20.0,,232,公寓住宅,民用,8.1,12,-0.8,8400.0,Heilongjiang,Haerbin,Daoli,Heilongjiang-Haerbin
265554,安固街51-65号小区,哈尔滨,道里,安国街,1990,小高层,安固街51-65号,126.610681,45.75671468,1.0,20.0,,473,公寓住宅,民用,8.3,12,-0.86,9708.0,Heilongjiang,Haerbin,Daoli,Heilongjiang-Haerbin
265585,"经纬八道街小区(经纬九道街2-28号(双号),经纬八道街5-19号(单号))",哈尔滨,道里,安国街,1993,小高层,"经纬九道街2-28号(双号),经纬八道街5-19号(单号)",126.6055952,45.76734088,1.0,20.0,,435,公寓住宅,民用,8.5,12,-0.02,8265.0,Heilongjiang,Haerbin,Daoli,Heilongjiang-Haerbin
265583,"安国街小区(安国街57号,59号,安松胡同7号)",哈尔滨,道里,安国街,1988,小高层,"安国街57号,59号,安松胡同7号",126.6067856,45.76166005,1.0,20.0,,256,公寓住宅,民用,8.1,12,0.0,7837.0,Heilongjiang,Haerbin,Daoli,Heilongjiang-Haerbin
265582,北安街小区(北安街66号-96号(双号)),哈尔滨,道里,安国街,1991,小高层,北安街66号-96号(双号),126.6122559,45.76329436,,20.0,,189,公寓住宅,民用,8.5,12,6.9,8548.0,Heilongjiang,Haerbin,Daoli,Heilongjiang-Haerbin
265581,北安小区,哈尔滨,道里,安国街,2001,多层,安道街11号,126.6149102,45.7619555,1.0,31.0,,698,公寓住宅,民用,8.4,12,0.0,9944.0,Heilongjiang,Haerbin,Daoli,Heilongjiang-Haerbin
265580,先锋庭院,哈尔滨,道里,安国街,1997,小高层,安定街123号,126.6022116,45.75730465,1.0,20.0,,643,公寓住宅,民用,7.9,12,0.0,10612.0,Heilongjiang,Haerbin,Daoli,Heilongjiang-Haerbin
265579,民政厅干休所家属楼,哈尔滨,道里,安国街,1998,小高层,"经纬十道街21号,经纬十一道街36号,36-1号,38号",126.6019906,45.76734216,1.0,20.0,,200,公寓住宅,民用,7.8,12,0.0,10690.0,Heilongjiang,Haerbin,Daoli,Heilongjiang-Haerbin
265578,安康街小区(安康街92号-118号(双号)),哈尔滨,道里,安国街,1994,小高层,安康街92号-118号(双号),126.6033305,45.76261937,1.0,20.0,,290,公寓住宅,民用,8.4,12,0.0,8844.0,Heilongjiang,Haerbin,Daoli,Heilongjiang-Haerbin
265577,安国小区,哈尔滨,道里,安国街,1995,小高层,安国街28号,126.6079018,45.76431389,1.0,20.0,,649,公寓住宅,民用,8.8,12,0.0,9676.0,Heilongjiang,Haerbin,Daoli,Heilongjiang-Haerbin
265576,"安升街小区(安德街68号,70号,80号,安静街47号,安升街140号,134号,142号,正义街3号)",哈尔滨,道里,安国街,1990,小高层,"安德街68号,70号,80号,安静街47号,安升街140号,134号,142号,正义街3号",126.6071721,45.75837201,1.0,20.0,,1773,公寓住宅,民用,8.5,12,0.0,8834.0,Heilongjiang,Haerbin,Daoli,Heilongjiang-Haerbin
265584,经纬八道街20号小区,哈尔滨,道里,安国街,1995,小高层,经纬八道街20号,126.6064088,45.76702663,1.0,20.0,,272,公寓住宅,民用,8.2,12,0.0,9425.0,Heilongjiang,Haerbin,Daoli,Heilongjiang-Haerbin
265553,安道小区,哈尔滨,道里,安国街,1992,小高层,安正街3号,126.6032966,45.76580581,1.0,35.0,,1120,公寓住宅,民用,8.5,12,0.0,8571.0,Heilongjiang,Haerbin,Daoli,Heilongjiang-Haerbin
265552,"抚顺街小区(抚顺街副1号,安新街6号)",哈尔滨,道里,安国街,1990,小高层,"抚顺街副1号,安新街6号",126.6168759,45.76111093,1.0,20.0,,247,公寓住宅,民用,8.2,12,0.0,8297.0,Heilongjiang,Haerbin,Daoli,Heilongjiang-Haerbin
265551,安德街小区,哈尔滨,道里,安国街,1990,小高层,安德街19号,126.6060098,45.75978535,1.0,20.0,,467,公寓住宅,民用,8.4,12,0.0,10210.0,Heilongjiang,Haerbin,Daoli,Heilongjiang-Haerbin
265528,经北小区,哈尔滨,道里,经纬街,1995,多层|小高层,"经纬四道街6号-30号(双号),经纬三道街5号-29号(单号),经纬街100号",126.6124494,45.76485418,1.0,30.0,,1359,公寓住宅,民用,9.0,12,-1.24,15087.0,Heilongjiang,Haerbin,Daoli,Heilongjiang-Haerbin
265527,经纬街小区(经纬街168号-170号(双号)),哈尔滨,道里,经纬街,1999,多层,经纬街168号-170号(双号),126.6095741,45.76670311,1.0,20.0,,433,公寓住宅,民用,8.9,12,1.0,17927.0,Heilongjiang,Haerbin,Daoli,Heilongjiang-Haerbin
265526,"经纬十二道街小区(经纬十二道街59号,59-2号,59-4号,67号,71号)",哈尔滨,道里,经纬街,1995,小高层,"经纬十二道街59号,59-2号,59-4号,67号,71号",126.5996191,45.76918319,1.0,20.0,,429,公寓住宅,民用,8.0,12,0.0,8844.0,Heilongjiang,Haerbin,Daoli,Heilongjiang-Haerbin
265525,经纬校小区,哈尔滨,道里,经纬街,1988,多层,经纬四道街11号,126.6110048,45.76530362,1.0,20.0,,106,公寓住宅,民用,8.8,12,-0.49,19152.0,Heilongjiang,Haerbin,Daoli,Heilongjiang-Haerbin
265524,"经纬十道街小区(经纬十道街3-2号,4号-18号(双号),经纬九道街7号,11号,经纬街258号-274号(双号),工部街21号)",哈尔滨,道里,经纬街,1989,小高层,"经纬十道街3-2号,4号-18号(双号),经纬九道街7号,11号,经纬街258号-274号(双号),工部街21号",126.6039228,45.76854798,1.0,20.0,,1230,公寓住宅,民用,8.1,12,1.16,9014.0,Heilongjiang,Haerbin,Daoli,Heilongjiang-Haerbin
265523,工程小区,哈尔滨,道里,经纬街,1999,多层,经纬十二道街68-1号,126.5973331,45.76666733,1.0,25.0,,1296,公寓住宅,民用,8.0,12,0.15,10761.0,Heilongjiang,Haerbin,Daoli,Heilongjiang-Haerbin
265522,"共乐西头道街小区(共乐西头道街4号,建国北头道街8-14号(双号),建国街169号)",哈尔滨,道里,建国公园,1990,多层,"共乐西头道街4号,建国北头道街8-14号(双号),建国街169号",126.5963387,45.74890194,1.0,20.0,,322,公寓住宅,民用,7.8,12,0.0,9086.0,Heilongjiang,Haerbin,Daoli,Heilongjiang-Haerbin
265521,胜利嘉园,哈尔滨,道里,建国公园,2012,多层,机场路245号,126.5147156,45.68379435,1.0,30.0,,711,公寓住宅,民用,6.6,12,0.0,7373.0,Heilongjiang,Haerbin,Daoli,Heilongjiang-Haerbin
265529,经纬十道街小区(经纬十道街38号-68号(双号)),哈尔滨,道里,经纬街,1998,小高层,经纬十道街38号-68号(双号),126.6023102,45.7670174,1.0,20.0,,433,公寓住宅,民用,7.7,12,-0.1,7673.0,Heilongjiang,Haerbin,Daoli,Heilongjiang-Haerbin
265520,松源街小区(松源街20号-24号(双号)),哈尔滨,道里,建国公园,1994,小高层,松源街20号-24号(双号),126.5910001,45.74556159,1.0,20.0,,126,公寓住宅,民用,8.0,12,0.0,8552.0,Heilongjiang,Haerbin,Daoli,Heilongjiang-Haerbin
265518,建议街26号小区,哈尔滨,道里,建国公园,1988,小高层,建议街26号,126.5983477,45.74727551,1.0,20.0,,56,公寓住宅,民用,7.5,12,0.0,8769.0,Heilongjiang,Haerbin,Daoli,Heilongjiang-Haerbin
265517,建国街212号小区,哈尔滨,道里,建国公园,1995,多层,建国街212号,126.5936688,45.7451622,1.0,20.0,,126,公寓住宅,民用,7.7,12,0.0,8060.0,Heilongjiang,Haerbin,Daoli,Heilongjiang-Haerbin
265516,通达街401号小区,哈尔滨,道里,建国公园,1999,小高层,通达街401号,126.5965479,45.74611864,1.0,20.0,,88,公寓住宅,民用,7.8,12,0.0,8023.0,Heilongjiang,Haerbin,Daoli,Heilongjiang-Haerbin
265515,新阳路319号小区,哈尔滨,道里,建国公园,2002,小高层,新阳路319号,126.6018369,45.74882573,1.0,30.0,,104,公寓住宅,民用,7.9,12,0.0,9000.0,Heilongjiang,Haerbin,Daoli,Heilongjiang-Haerbin
265514,"建国街小区(建国街265号,269号,281号)",哈尔滨,道里,建国公园,1991,多层,"建国街265号,269号,281号",126.5917545,45.74360597,1.0,20.0,,523,公寓住宅,民用,7.7,12,0.0,9160.0,Heilongjiang,Haerbin,Daoli,Heilongjiang-Haerbin
265513,银恒大厦,哈尔滨,道里,建国公园,2016,高层,通达街347号,126.5996723,45.74492509,1.0,30.0,,0,公寓住宅,民用,7.9,12,0.0,12100.0,Heilongjiang,Haerbin,Daoli,Heilongjiang-Haerbin
265512,哈药路小区(哈药路118-132号(双号)),哈尔滨,道里,建国公园,1995,多层,哈药路118-132号(双号),126.5999358,45.74879449,1.0,20.0,,138,公寓住宅,民用,7.6,12,0.0,9967.0,Heilongjiang,Haerbin,Daoli,Heilongjiang-Haerbin
265511,"通达街小区(通达街230号,230-2号,256号,新阳路464号)",哈尔滨,道里,建国公园,1999,多层,"通达街230号,230-2号,256号,新阳路464号",126.5997713,45.74403843,1.0,20.0,,151,公寓住宅,民用,7.7,12,0.0,7500.0,Heilongjiang,Haerbin,Daoli,Heilongjiang-Haerbin
265519,"建议街小区(建议街38号,44号,建国街126号,132号,建国南头道街21号)",哈尔滨,道里,建国公园,1993,小高层,"建议街38号,44号,建国街126号,132号,建国南头道街21号",126.5966704,45.7476083,1.0,20.0,,288,公寓住宅,民用,7.9,12,0.0,9333.0,Heilongjiang,Haerbin,Daoli,Heilongjiang-Haerbin
264946,山水家园(道里),哈尔滨,道里,群力,2005,多层|小高层,"融江路,近群力第七大道",126.5370887,45.71908185,1.0,20.0,,438,公寓住宅,民用,7.7,12,0.0,10173.0,Heilongjiang,Haerbin,Daoli,Heilongjiang-Haerbin
265530,"经纬街小区(经纬街290号-316号(双号),经纬十一道街7号,9号,15号,经纬十二道街10号)",哈尔滨,道里,经纬街,1990,多层,"经纬街290号-316号(双号),经纬十一道街7号,9号,15号,经纬十二道街10号",126.6019733,45.7696714,1.0,20.0,,711,公寓住宅,民用,8.0,12,-0.05,8812.0,Heilongjiang,Haerbin,Daoli,Heilongjiang-Haerbin
265532,"安宁街小区(安宁街150-154号(双号),安定街21号)",哈尔滨,道里,经纬街,1991,小高层,"安宁街150-154号(双号),安定街21号",126.6046192,45.76308254,1.0,20.0,,248,公寓住宅,民用,8.1,12,0.0,10327.0,Heilongjiang,Haerbin,Daoli,Heilongjiang-Haerbin
265550,四安小区,哈尔滨,道里,安国街,1992,多层|小高层,安定街68号,126.6053944,45.76101335,1.0,30.0,,823,公寓住宅,民用,8.5,12,0.0,9416.0,Heilongjiang,Haerbin,Daoli,Heilongjiang-Haerbin
265549,"安定街小区(安定街38号,副40号,安宁街148号)",哈尔滨,道里,经纬街,2010,小高层,"安定街38号,副40号,安宁街148号",126.6055793,45.76260011,1.0,30.0,,189,公寓住宅,民用,8.1,12,0.0,7633.0,Heilongjiang,Haerbin,Daoli,Heilongjiang-Haerbin
265548,安康街小区(安康街76号-88号(双号)),哈尔滨,道里,经纬街,2002,小高层,安康街76号-88号(双号),126.6039403,45.76315311,1.0,30.0,,84,公寓住宅,民用,8.1,12,0.0,7384.0,Heilongjiang,Haerbin,Daoli,Heilongjiang-Haerbin
265547,"安康街小区(安康街40号-50号(双号),安顺街166号)",哈尔滨,道里,经纬街,2000,小高层,"安康街40号-50号(双号),安顺街166号",126.6051933,45.76449908,1.0,30.0,,90,公寓住宅,民用,8.1,12,0.0,9815.0,Heilongjiang,Haerbin,Daoli,Heilongjiang-Haerbin
265546,安康街56号小区,哈尔滨,道里,经纬街,2002,小高层,安康街56号,126.6051453,45.76401832,1.0,30.0,,66,公寓住宅,民用,8.2,12,0.0,9800.0,Heilongjiang,Haerbin,Daoli,Heilongjiang-Haerbin
265545,"安康街小区(安康街80号,92号)",哈尔滨,道里,经纬街,2005,小高层,"安康街80号,92号",126.6039701,45.7631794,1.0,30.0,,167,公寓住宅,民用,8.1,12,0.0,9115.0,Heilongjiang,Haerbin,Daoli,Heilongjiang-Haerbin
265544,安顺街小区(安顺街154-162号(双号)),哈尔滨,道里,经纬街,2006,小高层,安顺街154-162号(双号),126.6058261,45.76440371,1.0,30.0,,137,公寓住宅,民用,8.1,12,0.0,6660.0,Heilongjiang,Haerbin,Daoli,Heilongjiang-Haerbin
265543,工部街18号小区,哈尔滨,道里,经纬街,2002,多层,工部街18号,126.6032081,45.76758806,1.0,30.0,,178,公寓住宅,民用,8.0,12,0.0,9411.0,Heilongjiang,Haerbin,Daoli,Heilongjiang-Haerbin
265531,"安丰街小区(安丰街82-90号(双号),安宁街171号,安正街26-30号(双号))",哈尔滨,道里,经纬街,1991,小高层|高层,"安丰街82-90号(双号),安宁街171号,安正街26-30号(双号)",126.6037,45.76431154,1.0,20.0,,436,公寓住宅,民用,8.2,12,0.0,9744.0,Heilongjiang,Haerbin,Daoli,Heilongjiang-Haerbin
265542,安丰街5号小区,哈尔滨,道里,经纬街,2005,多层,安丰街5号,126.6084647,45.76303235,1.0,30.0,,126,公寓住宅,民用,8.2,12,0.0,7781.0,Heilongjiang,Haerbin,Daoli,Heilongjiang-Haerbin
265536,经纬四道街1号小区,哈尔滨,道里,经纬街,1991,小高层,经纬四道街1号,126.6118147,45.76613916,1.0,20.0,,64,公寓住宅,民用,8.6,12,0.0,17187.0,Heilongjiang,Haerbin,Daoli,Heilongjiang-Haerbin
265535,安宁街小区(安宁街130号-146号(双号)),哈尔滨,道里,经纬街,1991,小高层,安宁街130号-146号(双号),126.6060449,45.76245107,1.0,20.0,,91,公寓住宅,民用,7.9,12,0.0,9161.0,Heilongjiang,Haerbin,Daoli,Heilongjiang-Haerbin
265534,安顺街164号小区,哈尔滨,道里,经纬街,2006,小高层,安顺街164号,126.6054471,45.76460078,1.0,30.0,,96,公寓住宅,民用,8.3,12,0.0,9047.0,Heilongjiang,Haerbin,Daoli,Heilongjiang-Haerbin
265533,经纬六道街15号小区,哈尔滨,道里,经纬街,1991,小高层,经纬六道街15号,126.6083337,45.7665806,1.0,20.0,,142,公寓住宅,民用,8.7,12,0.0,12748.0,Heilongjiang,Haerbin,Daoli,Heilongjiang-Haerbin
265541,安康街20号院,哈尔滨,道里,经纬街,2003,多层,安康街20号,126.6059642,45.7656349,1.0,30.0,,453,公寓住宅,民用,8.1,12,0.0,9600.0,Heilongjiang,Haerbin,Daoli,Heilongjiang-Haerbin
265595,安静街小区(安静街12号-20号(双号)),哈尔滨,道里,安国街,2015,小高层,安静街12号-20号(双号),126.6103166,45.76203796,1.0,30.0,,156,公寓住宅,民用,8.6,12,-4.62,7397.0,Heilongjiang,Haerbin,Daoli,Heilongjiang-Haerbin
264947,群力家园(K区),哈尔滨,道里,群力,2012,小高层,"融江路,近东湖路",126.5349,45.70800844,1.0,30.0,,2592,公寓住宅,民用,7.7,12,0.43,10783.0,Heilongjiang,Haerbin,Daoli,Heilongjiang-Haerbin
264949,保利城(五期),哈尔滨,道里,群力,2000,高层,"群力第一大道,近朗江路",126.5245515,45.7389929,,30.0,,1042,公寓住宅,民用,7.6,12,-0.22,14792.0,Heilongjiang,Haerbin,Daoli,Heilongjiang-Haerbin
265059,"安道街小区(安道街152号-164号(双号),安正街2号-8号(双号))",哈尔滨,道里,爱建,1988,小高层,"安道街152号-164号(双号),安正街2号-8号(双号)",126.6059505,45.76596493,1.0,20.0,,238,公寓住宅,民用,7.9,12,-4.15,8046.0,Heilongjiang,Haerbin,Daoli,Heilongjiang-Haerbin
265060,"通江街小区(通江街94号-116号(双号),中医街104号-108号(双号),红霞街91号)",哈尔滨,道里,爱建,1998,小高层,"通江街94号-116号(双号),中医街104号-108号(双号),红霞街91号",126.6077112,45.77190492,1.0,20.0,,392,公寓住宅,民用,7.9,12,0.0,9714.0,Heilongjiang,Haerbin,Daoli,Heilongjiang-Haerbin
265061,"红专街小区(红专街104号-138号(双号),经纬街253号)",哈尔滨,道里,爱建,1981,小高层,"红专街104号-138号(双号),经纬街253号",126.6063838,45.76959585,1.0,20.0,,620,公寓住宅,民用,8.0,12,0.0,8601.0,Heilongjiang,Haerbin,Daoli,Heilongjiang-Haerbin
265062,"友谊路小区(友谊路150号,150-1号,上游街17号,17-1号,17-2号,17-3号)",哈尔滨,道里,爱建,1988,小高层,"友谊路150号,150-1号,上游街17号,17-1号,17-2号,17-3号",126.6094091,45.77578033,1.0,20.0,,300,公寓住宅,民用,8.0,12,0.0,8032.0,Heilongjiang,Haerbin,Daoli,Heilongjiang-Haerbin
265063,"安静街小区(安静街70号,安静街82号-104号(双号))",哈尔滨,道里,爱建,2015,小高层,"安静街70号,安静街82号-104号(双号)",126.6077655,45.75783598,1.0,30.0,,153,公寓住宅,民用,8.3,12,-0.71,8194.0,Heilongjiang,Haerbin,Daoli,Heilongjiang-Haerbin
265064,安国街210号小区,哈尔滨,道里,爱建,2006,小高层,安国街210号,126.6040131,45.75624149,1.0,30.0,,126,公寓住宅,民用,8.3,12,0.0,8064.0,Heilongjiang,Haerbin,Daoli,Heilongjiang-Haerbin
265065,正义街小区(正义街8号-14号(双号)),哈尔滨,道里,爱建,2000,小高层,正义街8号-14号(双号),126.6060599,45.75811813,1.0,30.0,,136,公寓住宅,民用,8.5,12,0.0,9418.0,Heilongjiang,Haerbin,Daoli,Heilongjiang-Haerbin
265066,"安定街小区(安定街132号,140号)",哈尔滨,道里,爱建,2010,小高层,"安定街132号,140号",126.6027724,45.75702398,1.0,30.0,,42,公寓住宅,民用,8.2,12,0.0,9085.0,Heilongjiang,Haerbin,Daoli,Heilongjiang-Haerbin
265067,安升街93号小区,哈尔滨,道里,爱建,1999,小高层,安升街93号,126.6058436,45.75958144,1.0,20.0,,0,公寓住宅,民用,8.5,12,0.0,8352.0,Heilongjiang,Haerbin,Daoli,Heilongjiang-Haerbin
265068,安定街158号小区,哈尔滨,道里,爱建,1996,小高层,安定街158号,126.602253,45.75591337,1.0,20.0,,249,公寓住宅,民用,8.0,12,-0.43,8486.0,Heilongjiang,Haerbin,Daoli,Heilongjiang-Haerbin
265069,安国街247号小区,哈尔滨,道里,爱建,1992,小高层,安国街247号,126.6020155,45.7542669,1.0,20.0,,168,公寓住宅,民用,8.0,12,-2.8,9125.0,Heilongjiang,Haerbin,Daoli,Heilongjiang-Haerbin
265070,"河梁街小区(河梁街4号-12号(双号),哈药路381号)",哈尔滨,道里,爱建,1987,小高层,"河梁街4号-12号(双号),哈药路381号",126.5912622,45.75548495,1.0,20.0,,308,公寓住宅,民用,8.1,12,0.0,8891.0,Heilongjiang,Haerbin,Daoli,Heilongjiang-Haerbin
265071,经纬三道街44号小区,哈尔滨,道里,爱建,1997,小高层,经纬三道街44号,126.6128756,45.76369323,1.0,20.0,,242,公寓住宅,民用,8.8,12,0.0,9666.0,Heilongjiang,Haerbin,Daoli,Heilongjiang-Haerbin
265072,达道街小区(达道街42号-74号(双号)),哈尔滨,道里,爱建,1995,小高层,达道街42号-74号(双号),126.5895162,45.75302179,1.0,20.0,,409,公寓住宅,民用,7.7,12,0.0,9054.0,Heilongjiang,Haerbin,Daoli,Heilongjiang-Haerbin
265073,"安静街小区(安静街17号,安丰街2号-4号(双号),安丰街30号,安宁街105号,113号)",哈尔滨,道里,爱建,1995,多层,"安静街17号,安丰街2号-4号(双号),安丰街30号,安宁街105号,113号",126.6089394,45.76226516,1.0,20.0,,547,公寓住宅,民用,8.0,12,0.0,8652.0,Heilongjiang,Haerbin,Daoli,Heilongjiang-Haerbin
265074,共乐西二道街小区(共乐西二道街16-30号(双号)),哈尔滨,道里,爱建,1994,多层,共乐西二道街16-30号(双号),126.5941831,45.7483998,1.0,20.0,,454,公寓住宅,民用,7.7,12,0.0,8518.0,Heilongjiang,Haerbin,Daoli,Heilongjiang-Haerbin
265075,九江街小区(九江街4号-26号(双号)),哈尔滨,道里,爱建,1985,小高层,九江街4号-26号(双号),126.5994414,45.77283651,1.0,20.0,,210,公寓住宅,民用,7.6,12,0.0,10888.0,Heilongjiang,Haerbin,Daoli,Heilongjiang-Haerbin
265058,河江街小区(河江街48号-52号(双号)),哈尔滨,道里,爱建,1998,小高层,河江街48号-52号(双号),126.594608,45.75304234,1.0,23.0,,114,公寓住宅,民用,7.9,12,0.0,8738.0,Heilongjiang,Haerbin,Daoli,Heilongjiang-Haerbin
265057,红霞街80-82号小区,哈尔滨,道里,爱建,1998,小高层,"红霞街80号,82号",126.6075844,45.77124496,1.0,20.0,,111,公寓住宅,民用,8.0,12,0.0,10097.0,Heilongjiang,Haerbin,Daoli,Heilongjiang-Haerbin
265056,地税家园(道里),哈尔滨,道里,爱建,2008,高层,友谊路501-1号,126.5914627,45.76522616,1.0,30.0,,83,公寓住宅,民用,8.3,12,0.0,18932.0,Heilongjiang,Haerbin,Daoli,Heilongjiang-Haerbin
265055,"红霞街小区(红霞街107号,107-5号,副107号,117号,119号)",哈尔滨,道里,爱建,1994,小高层,"红霞街107号,107-5号,副107号,117号,119号",126.6054075,45.77070489,1.0,20.0,,304,公寓住宅,民用,8.0,12,-0.78,8038.0,Heilongjiang,Haerbin,Daoli,Heilongjiang-Haerbin
265037,"安国街小区(安国街193号-245号(单号),安发街128号)",哈尔滨,道里,爱建,1992,小高层,"安国街193号-245号(单号),安发街128号",126.6028616,45.75545104,1.0,20.0,,498,公寓住宅,民用,8.3,12,0.0,8395.0,Heilongjiang,Haerbin,Daoli,Heilongjiang-Haerbin
265038,九站街2号-8号,哈尔滨,道里,爱建,1990,小高层,九站街2号-8号,126.6026702,45.77414956,1.0,20.0,,0,公寓住宅,民用,7.6,12,0.0,10340.0,Heilongjiang,Haerbin,Daoli,Heilongjiang-Haerbin
265039,建河头道街小区(建河头道街12-28号(双号)),哈尔滨,道里,爱建,1999,多层,建河头道街12-28号(双号),126.6013186,45.74944124,1.0,20.0,,376,公寓住宅,民用,7.9,12,0.0,9960.0,Heilongjiang,Haerbin,Daoli,Heilongjiang-Haerbin
265040,拖拉机厂小区,哈尔滨,道里,爱建,1986,小高层,民庆街21-1号,126.6006945,45.74197243,,20.0,,1174,公寓住宅,民用,7.9,12,0.0,9263.0,Heilongjiang,Haerbin,Daoli,Heilongjiang-Haerbin
265041,"安道街小区(安道街60号-64号(双号),安静街1号)",哈尔滨,道里,爱建,1987,小高层,"安道街60号-64号(双号),安静街1号",126.6106908,45.76337001,1.0,20.0,,203,公寓住宅,民用,8.2,12,0.0,8121.0,Heilongjiang,Haerbin,Daoli,Heilongjiang-Haerbin
265042,木器厂家属楼,哈尔滨,道里,爱建,1986,小高层,"河鼓街62号,河鼓街60号",126.5847839,45.75422112,1.0,20.0,,840,公寓住宅,民用,7.4,12,0.0,8123.0,Heilongjiang,Haerbin,Daoli,Heilongjiang-Haerbin
265043,河广街小区(河广街62号-90号(双号)),哈尔滨,道里,爱建,1994,小高层,河广街62号-90号(双号),126.5965973,45.7514693,1.0,20.0,,320,公寓住宅,民用,7.8,12,0.0,7742.0,Heilongjiang,Haerbin,Daoli,Heilongjiang-Haerbin
265044,尚志大街38号小区,哈尔滨,道里,爱建,1995,小高层,尚志大街38号,126.618558,45.76356727,1.0,20.0,,638,公寓住宅,民用,8.1,12,0.0,7608.0,Heilongjiang,Haerbin,Daoli,Heilongjiang-Haerbin
265076,"霁虹街小区(霁虹街77号,79-1号,电车街70-80号(双号))",哈尔滨,道里,爱建,1998,小高层,"霁虹街77号,79-1号,电车街70-80号(双号)",126.6180774,45.76222689,1.0,20.0,,293,公寓住宅,民用,8.1,12,0.0,10560.0,Heilongjiang,Haerbin,Daoli,Heilongjiang-Haerbin
265045,"建河街24,26号小区",哈尔滨,道里,爱建,1996,小高层,建河街24号,126.6012927,45.75068945,1.0,20.0,,586,公寓住宅,民用,7.9,12,0.0,6862.0,Heilongjiang,Haerbin,Daoli,Heilongjiang-Haerbin
265047,爱建泽园,哈尔滨,道里,爱建,2005,高层,泽园路7号,126.5961424,45.76284947,1.0,20.0,,36,公寓住宅,民用,8.1,12,0.0,22033.0,Heilongjiang,Haerbin,Daoli,Heilongjiang-Haerbin
265048,安康街小区(安康街92号-118号(双号)),哈尔滨,道里,爱建,1994,小高层,安康街92号-118号(双号),126.6033305,45.76261937,1.0,20.0,,290,公寓住宅,民用,8.4,12,0.0,8844.0,Heilongjiang,Haerbin,Daoli,Heilongjiang-Haerbin
265049,高谊街小区(高谊街92号-114号(双号)),哈尔滨,道里,爱建,1979,小高层,高谊街92号-114号(双号),126.6046732,45.77338706,1.0,20.0,,274,公寓住宅,民用,7.7,12,0.0,10188.0,Heilongjiang,Haerbin,Daoli,Heilongjiang-Haerbin
265050,侨联商住公寓,哈尔滨,道里,爱建,2012,高层,斜角街6号,126.6210308,45.76422918,1.0,30.0,,168,公寓住宅,民用,8.6,12,0.0,10949.0,Heilongjiang,Haerbin,Daoli,Heilongjiang-Haerbin
265051,先锋庭院,哈尔滨,道里,爱建,1997,小高层,安定街123号,126.6022116,45.75730465,1.0,20.0,,643,公寓住宅,民用,7.9,12,0.0,10612.0,Heilongjiang,Haerbin,Daoli,Heilongjiang-Haerbin
265052,"经纬八道街小区(经纬八道街6号-12号(双号),经纬街230号,232号)",哈尔滨,道里,爱建,1994,小高层,"经纬八道街6号-12号(双号),经纬街230号,232号",126.6064025,45.76798811,1.0,20.0,,237,公寓住宅,民用,8.4,12,-2.67,8330.0,Heilongjiang,Haerbin,Daoli,Heilongjiang-Haerbin
265053,经纬八道街31号小区,哈尔滨,道里,爱建,1993,小高层,经纬八道街31号,126.6051562,45.76711016,1.0,20.0,,256,公寓住宅,民用,8.0,12,0.0,7647.0,Heilongjiang,Haerbin,Daoli,Heilongjiang-Haerbin
265054,"友谊路小区(友谊路290号-312号(双号),280-1号,314-2号)",哈尔滨,道里,爱建,1989,小高层,"友谊路290号-312号(双号),280-1号,314-2号",126.596599,45.76943604,1.0,20.0,,304,公寓住宅,民用,7.6,12,0.45,9005.0,Heilongjiang,Haerbin,Daoli,Heilongjiang-Haerbin
265046,艺品格调,哈尔滨,道里,爱建,2013,小高层,友谊路488号,126.5926175,45.75922739,1.0,20.0,,0,公寓住宅,民用,8.6,12,0.0,12671.0,Heilongjiang,Haerbin,Daoli,Heilongjiang-Haerbin
265036,"安康街小区(安康街9号,11号,安顺街169号,175号)",哈尔滨,道里,爱建,1986,小高层,"安康街9号,11号,安顺街169号,175号",126.6056197,45.76535602,1.0,20.0,,506,公寓住宅,民用,8.0,12,-1.48,8792.0,Heilongjiang,Haerbin,Daoli,Heilongjiang-Haerbin
265077,"买卖街小区(买卖街23-1号,23-2号,27-1号,27-2号)",哈尔滨,道里,爱建,1998,小高层,"买卖街23-1号,23-2号,27-1号,27-2号",126.6264888,45.76537213,1.0,20.0,,431,公寓住宅,民用,8.4,12,0.0,8200.0,Heilongjiang,Haerbin,Daoli,Heilongjiang-Haerbin
265079,"安发街小区(安发街24号,安固街124号)",哈尔滨,道里,爱建,1994,小高层,"安发街24号,安固街124号",126.6094513,45.75297093,1.0,20.0,,144,公寓住宅,民用,8.0,12,0.0,7142.0,Heilongjiang,Haerbin,Daoli,Heilongjiang-Haerbin
265102,康安路83-24号小区,哈尔滨,道里,爱建,1998,小高层,康安路83-24号,126.5952276,45.7369393,1.0,20.0,,231,公寓住宅,民用,7.7,12,0.0,8070.0,Heilongjiang,Haerbin,Daoli,Heilongjiang-Haerbin
265103,上游街37号小区,哈尔滨,道里,爱建,1996,小高层,上游街37号,126.6078118,45.7734261,1.0,20.0,,84,公寓住宅,民用,8.8,12,0.0,8319.0,Heilongjiang,Haerbin,Daoli,Heilongjiang-Haerbin
265104,安心街小区(安心街21-39号(单号)),哈尔滨,道里,爱建,1985,小高层,安心街21-39号(单号),126.6146217,45.75775067,,20.0,,174,公寓住宅,民用,8.5,12,0.05,8000.0,Heilongjiang,Haerbin,Daoli,Heilongjiang-Haerbin
265105,安顺街103号小区,哈尔滨,道里,爱建,1987,小高层,安顺街103号,126.609603,45.76349175,,20.0,,126,公寓住宅,民用,8.2,12,0.0,10000.0,Heilongjiang,Haerbin,Daoli,Heilongjiang-Haerbin
265106,"河阳街小区(河阳街34号-河阳街60号(双号),达道街20号-26号(双号))",哈尔滨,道里,爱建,2000,小高层,"河阳街34号-河阳街60号(双号),达道街20号-26号(双号)",126.5941773,45.75426878,1.0,30.0,,567,公寓住宅,民用,7.9,12,0.0,9507.0,Heilongjiang,Haerbin,Daoli,Heilongjiang-Haerbin
265107,"安心街小区(安心街100号,102号,112-118号(双号),安祥街副2号)",哈尔滨,道里,爱建,1994,小高层,"安心街100号,102号,112-118号(双号),安祥街副2号",126.6130556,45.75371652,,20.0,,521,公寓住宅,民用,8.1,12,0.0,9483.0,Heilongjiang,Haerbin,Daoli,Heilongjiang-Haerbin
265108,安定街107号小区,哈尔滨,道里,爱建,2010,小高层,安定街107号,126.6026254,45.75826734,1.0,30.0,,144,公寓住宅,民用,8.3,12,0.0,9138.0,Heilongjiang,Haerbin,Daoli,Heilongjiang-Haerbin
265109,安国街小区(安国街198号-200号(双号)),哈尔滨,道里,爱建,1992,小高层,安国街198号-200号(双号),126.6040938,45.75659439,1.0,20.0,,297,公寓住宅,民用,8.1,12,0.0,8863.0,Heilongjiang,Haerbin,Daoli,Heilongjiang-Haerbin
265110,"河广街小区(河广街16号-58号(双号),阳明街13号,建国街55号)",哈尔滨,道里,爱建,1993,多层,"河广街16号-58号(双号),阳明街13号,建国街55号",126.5973962,45.75219867,1.0,20.0,,1086,公寓住宅,民用,7.7,12,-2.91,7359.0,Heilongjiang,Haerbin,Daoli,Heilongjiang-Haerbin
265111,安信街小区(安信街58号-86号(双号)),哈尔滨,道里,爱建,1993,小高层,安信街58号-86号(双号),126.6035903,45.75346653,1.0,20.0,,671,公寓住宅,民用,8.2,12,-4.9,8675.0,Heilongjiang,Haerbin,Daoli,Heilongjiang-Haerbin
265112,"安顺街小区(安顺街170-182号(双号),安正街20号,22号,安丰街69号,71号)",哈尔滨,道里,爱建,2006,小高层,"安顺街170-182号(双号),安正街20号,22号,安丰街69号,71号",126.6046232,45.7647995,1.0,30.0,,415,公寓住宅,民用,8.2,12,-1.72,8311.0,Heilongjiang,Haerbin,Daoli,Heilongjiang-Haerbin
265114,安松街小区(安松街90号-106号(双号)),哈尔滨,道里,爱建,1991,小高层,安松街90号-106号(双号),126.6028828,45.76163507,1.0,20.0,,311,公寓住宅,民用,8.1,12,0.0,7960.0,Heilongjiang,Haerbin,Daoli,Heilongjiang-Haerbin
265115,正阳小区西四街区,哈尔滨,道里,爱建,1991,多层,"河清街50号,52号,河曲街47号,47-1号,河洲街21号,23号",126.5876978,45.75650538,1.0,20.0,,539,公寓住宅,民用,8.1,12,0.0,8035.0,Heilongjiang,Haerbin,Daoli,Heilongjiang-Haerbin
265116,"河阳街小区(河阳街15号,河江街42号-46号(双号),阳明街5号,20号-24号(双号))",哈尔滨,道里,爱建,2000,小高层,"河阳街15号,河江街42号-46号(双号),阳明街5号,20号-24号(双号)",126.5954586,45.75332203,1.0,30.0,,337,公寓住宅,民用,8.1,12,0.0,8062.0,Heilongjiang,Haerbin,Daoli,Heilongjiang-Haerbin
265117,安道街小区(安道街100号-116号(双号)),哈尔滨,道里,爱建,1986,小高层,安道街100号-116号(双号),126.6077748,45.76479357,1.0,20.0,,161,公寓住宅,民用,7.8,12,0.0,9800.0,Heilongjiang,Haerbin,Daoli,Heilongjiang-Haerbin
265118,安和街十街区,哈尔滨,道里,爱建,1991,小高层,安和街,126.6057644,45.75434631,,20.0,,0,公寓住宅,民用,7.6,12,0.0,8916.0,Heilongjiang,Haerbin,Daoli,Heilongjiang-Haerbin
265101,"友谊路小区(友谊路30号-42号(双号),地段街225号,233号,239号)",哈尔滨,道里,爱建,1988,小高层,"友谊路30号-42号(双号),地段街225号,233号,239号",126.6206073,45.77732703,1.0,20.0,,510,公寓住宅,民用,7.9,12,0.0,10666.0,Heilongjiang,Haerbin,Daoli,Heilongjiang-Haerbin
265100,"经纬街小区(经纬街201号-207号(单号),225号)",哈尔滨,道里,爱建,1989,小高层,"经纬街201号-207号(单号),225号",126.6092906,45.7676478,1.0,20.0,,256,公寓住宅,民用,8.1,12,0.0,7323.0,Heilongjiang,Haerbin,Daoli,Heilongjiang-Haerbin
265099,正阳小区西二街区,哈尔滨,道里,爱建,1986,小高层,河曲街26号,126.5865713,45.75505663,1.0,20.0,,623,公寓住宅,民用,7.6,12,0.0,10145.0,Heilongjiang,Haerbin,Daoli,Heilongjiang-Haerbin
265098,"工厂街小区(工厂街174号,176-2号)",哈尔滨,道里,爱建,1994,小高层,"工厂街174号,176-2号",126.6152568,45.76261169,1.0,20.0,,156,公寓住宅,民用,8.3,12,0.0,8513.0,Heilongjiang,Haerbin,Daoli,Heilongjiang-Haerbin
265080,"工部街小区(工部街35-1号,41-1号,43号,经纬街336号,工程街106号)",哈尔滨,道里,爱建,1997,小高层,"工部街35-1号,41-1号,43号,经纬街336号,工程街106号",126.5999367,45.76977525,1.0,20.0,,525,公寓住宅,民用,7.6,12,0.0,9411.0,Heilongjiang,Haerbin,Daoli,Heilongjiang-Haerbin
265081,"红霞街小区(红霞街120-1号,114-1号,102号-134号(双号))",哈尔滨,道里,爱建,1983,小高层,"红霞街120-1号,114-1号,102号-134号(双号)",126.6077791,45.77091216,1.0,20.0,,303,公寓住宅,民用,8.0,12,-3.07,7731.0,Heilongjiang,Haerbin,Daoli,Heilongjiang-Haerbin
265082,"工程街小区(工程街18号-44号(双号),新开街17号)",哈尔滨,道里,爱建,1985,小高层,"工程街18号-44号(双号),新开街17号",126.6026485,45.77319379,1.0,20.0,,273,公寓住宅,民用,7.8,12,0.0,8176.0,Heilongjiang,Haerbin,Daoli,Heilongjiang-Haerbin
265083,"乡政街小区(乡政街134号,215号,顾乡大街104号,新华街128号)",哈尔滨,道里,爱建,1993,小高层,"乡政街134号,215号,顾乡大街104号,新华街128号",126.5820803,45.73491075,1.0,20.0,,892,公寓住宅,民用,7.9,12,0.0,9492.0,Heilongjiang,Haerbin,Daoli,Heilongjiang-Haerbin
265084,"安信街小区(安信街11号-13号(单号),安和街74号-152号(双号))",哈尔滨,道里,爱建,1993,小高层,"安信街11号-13号(单号),安和街74号-152号(双号)",126.6054996,45.75373225,1.0,20.0,,902,公寓住宅,民用,8.0,12,0.0,9866.0,Heilongjiang,Haerbin,Daoli,Heilongjiang-Haerbin
265085,工程街53号小区,哈尔滨,道里,爱建,1990,小高层,工程街53号,126.5978162,45.76949655,1.0,20.0,,121,公寓住宅,民用,7.5,12,0.0,14647.0,Heilongjiang,Haerbin,Daoli,Heilongjiang-Haerbin
265086,民安街211号小区,哈尔滨,道里,爱建,1996,小高层,民安街211号,126.6030939,45.74259623,,20.0,,175,公寓住宅,民用,7.7,12,0.0,9676.0,Heilongjiang,Haerbin,Daoli,Heilongjiang-Haerbin
265087,"通江胡同小区(通江胡同1号,友谊路186号)",哈尔滨,道里,爱建,1998,小高层,"通江胡同1号,友谊路186号",126.6061188,45.77433578,1.0,20.0,,135,公寓住宅,民用,8.3,12,0.0,9533.0,Heilongjiang,Haerbin,Daoli,Heilongjiang-Haerbin
265078,"兴安街小区(兴安街2号,北安街1-7号(单号))",哈尔滨,道里,爱建,1986,小高层,"兴安街2号,北安街1-7号(单号)",126.616929,45.76221742,1.0,20.0,,245,公寓住宅,民用,8.3,12,0.0,5769.0,Heilongjiang,Haerbin,Daoli,Heilongjiang-Haerbin
265088,"通江街小区(通江街93号,103号)",哈尔滨,道里,爱建,1993,多层,"通江街93号,103号",126.6090368,45.77118649,1.0,20.0,,119,公寓住宅,民用,7.8,12,0.0,7615.0,Heilongjiang,Haerbin,Daoli,Heilongjiang-Haerbin
265090,安定街95号小区,哈尔滨,道里,爱建,1993,小高层,安定街95号,126.6032292,45.75890566,1.0,20.0,,189,公寓住宅,民用,8.6,12,0.0,9558.0,Heilongjiang,Haerbin,Daoli,Heilongjiang-Haerbin
265091,经纬七道街小区(经纬七道街2号-56号(双号)),哈尔滨,道里,爱建,1985,小高层,经纬七道街2号-56号(双号),126.6073279,45.76718245,1.0,20.0,,311,公寓住宅,民用,8.5,12,0.0,9000.0,Heilongjiang,Haerbin,Daoli,Heilongjiang-Haerbin
265092,北安街小区(北安街176号-198号(双号)),哈尔滨,道里,爱建,1990,小高层,北安街176号-198号(双号),126.6070097,45.76574985,1.0,20.0,,161,公寓住宅,民用,8.5,12,0.0,17250.0,Heilongjiang,Haerbin,Daoli,Heilongjiang-Haerbin
265093,"阳明街26号,49号小区",哈尔滨,道里,爱建,1996,小高层,"阳明街26,49号",126.5961841,45.75427047,1.0,20.0,,213,公寓住宅,民用,8.4,12,0.0,8750.0,Heilongjiang,Haerbin,Daoli,Heilongjiang-Haerbin
265094,"河清街小区(河清街60号,62号,69号)",哈尔滨,道里,爱建,1988,小高层,"河清街60号,62号,69号",126.5877932,45.75678489,1.0,20.0,,321,公寓住宅,民用,7.3,12,0.0,9192.0,Heilongjiang,Haerbin,Daoli,Heilongjiang-Haerbin
265095,"兆麟街小区(兆麟街23号,25-1号,25-2号)",哈尔滨,道里,爱建,1990,多层,"兆麟街23号,25-1号,25-2号",126.6216706,45.76507559,1.0,20.0,,189,公寓住宅,民用,8.3,12,0.0,8858.0,Heilongjiang,Haerbin,Daoli,Heilongjiang-Haerbin
265096,钢铁街90号小区,哈尔滨,道里,爱建,2001,小高层,钢铁街90号,126.5874373,45.74201681,1.0,30.0,,352,公寓住宅,民用,7.8,12,0.0,9046.0,Heilongjiang,Haerbin,Daoli,Heilongjiang-Haerbin
265097,霁虹街60号小区,哈尔滨,道里,爱建,1994,小高层,霁虹街60号,126.6177099,45.76099768,1.0,20.0,,312,公寓住宅,民用,8.7,12,0.0,7394.0,Heilongjiang,Haerbin,Daoli,Heilongjiang-Haerbin
265089,河清家园,哈尔滨,道里,爱建,1984,小高层,河清街8号,126.5895295,45.75459333,1.0,20.0,,407,公寓住宅,民用,7.5,12,0.0,10145.0,Heilongjiang,Haerbin,Daoli,Heilongjiang-Haerbin
265035,"松林街小区(松源街26号-30号(双号),松林街5号)",哈尔滨,道里,爱建,1999,小高层,"松源街26号-30号(双号),松林街5号",126.5914028,45.74460613,1.0,20.0,,343,公寓住宅,民用,7.9,12,0.0,8133.0,Heilongjiang,Haerbin,Daoli,Heilongjiang-Haerbin
265034,"安静街小区(安静街28号,28-1号)",哈尔滨,道里,爱建,1995,小高层,"安静街28号,28-1号",126.6096641,45.76067615,1.0,20.0,,176,公寓住宅,民用,8.2,12,0.0,9511.0,Heilongjiang,Haerbin,Daoli,Heilongjiang-Haerbin
265033,"松树街小区(松树街24号,34号)",哈尔滨,道里,爱建,1993,小高层,"松树街24号,34号",126.5913742,45.74662368,,20.0,,284,公寓住宅,民用,8.2,12,0.09,8400.0,Heilongjiang,Haerbin,Daoli,Heilongjiang-Haerbin
264972,上江头道街2号小区,哈尔滨,道里,群力,1999,小高层,上江头道街2号,126.5656021,45.73372941,1.0,20.0,,258,公寓住宅,民用,7.5,12,0.0,11200.0,Heilongjiang,Haerbin,Daoli,Heilongjiang-Haerbin
264973,小职工街小区(小职工街18-22号(双号)),哈尔滨,道里,群力,1990,多层,小职工街18-22号(双号),126.5752687,45.72620634,1.0,20.0,,584,公寓住宅,民用,7.6,12,0.0,9082.0,Heilongjiang,Haerbin,Daoli,Heilongjiang-Haerbin
264974,玫瑰湾二期珑岸(别墅),哈尔滨,道里,群力,2017,低层,"第六大道,近丽江路",126.5420781,45.71924239,,32.0,268000.0,131,别墅,民用,8.2,12,0.0,18000.0,Heilongjiang,Haerbin,Daoli,Heilongjiang-Haerbin
264975,星光耀广场(商住楼),哈尔滨,道里,群力,2014,超高层,"群力大道,近朗江路",126.5285058,45.73115639,1.0,35.0,,2389,商住楼,商用,7.8,12,-1.71,11702.0,Heilongjiang,Haerbin,Daoli,Heilongjiang-Haerbin
264976,翡翠城回迁楼,哈尔滨,道里,群力,2011,高层,工农大街,126.5669127,45.72239398,1.0,30.0,,0,公寓住宅,民用,7.9,12,0.0,11000.0,Heilongjiang,Haerbin,Daoli,Heilongjiang-Haerbin
264977,外滩1898(商住楼),哈尔滨,道里,群力,2019,高层,阳明滩大道,126.5177307,45.73448871,1.0,36.0,,1708,商住楼,商用,7.4,12,0.0,7924.0,Heilongjiang,Haerbin,Daoli,Heilongjiang-Haerbin
264978,中海时代公馆,哈尔滨,道里,群力,2022,高层,"青山路,近群力第六大道",126.4889258,45.71495875,,30.0,,1000,公寓住宅,民用,7.1,12,0.0,11833.0,Heilongjiang,Haerbin,Daoli,Heilongjiang-Haerbin
264980,工农大街90号小区,哈尔滨,道里,群力,2009,多层,工农大街90号,126.5691068,45.72659749,1.0,30.0,,0,公寓住宅,民用,8.0,12,0.0,8000.0,Heilongjiang,Haerbin,Daoli,Heilongjiang-Haerbin
264981,工农大街98号小区,哈尔滨,道里,群力,1996,小高层,工农大街98号,126.5659932,45.72467969,,20.0,,96,公寓住宅,民用,7.3,12,0.0,8408.0,Heilongjiang,Haerbin,Daoli,Heilongjiang-Haerbin
264982,松源街小区(松源街4号-18号(双号)),哈尔滨,道里,群力,1994,小高层,松源街4号-18号(双号),126.5913364,45.7458576,1.0,20.0,,176,公寓住宅,民用,7.7,12,0.0,8796.0,Heilongjiang,Haerbin,Daoli,Heilongjiang-Haerbin
264983,"民众街小区(民众街146号-158号(双号),康安路47号)",哈尔滨,道里,群力,1997,小高层,"民众街146号-158号(双号),康安路47号",126.5981775,45.73571407,1.0,20.0,,196,公寓住宅,民用,7.9,12,0.0,7740.0,Heilongjiang,Haerbin,Daoli,Heilongjiang-Haerbin
264984,顾乡南二道街20号小区,哈尔滨,道里,群力,1998,小高层,顾乡南二道街20号,126.5847082,45.73554685,1.0,20.0,,248,公寓住宅,民用,7.5,12,0.0,7859.0,Heilongjiang,Haerbin,Daoli,Heilongjiang-Haerbin
264985,恒祥荣府,哈尔滨,道里,群力,2020,小高层|高层|超高层,群力第五大道,126.5336588,45.72533883,,30.0,,544,公寓住宅,民用,7.7,12,0.0,13399.0,Heilongjiang,Haerbin,Daoli,Heilongjiang-Haerbin
264986,前进路小区(前进路81号-85号(单号)),哈尔滨,道里,群力,1997,小高层,前进路81号-85号(单号)),126.5844038,45.74282943,1.0,20.0,,232,公寓住宅,民用,7.5,12,0.0,7332.0,Heilongjiang,Haerbin,Daoli,Heilongjiang-Haerbin
264987,恒祥枫丹郡,哈尔滨,道里,群力,2019,高层,朗江路,126.526563,45.72228232,1.0,40.0,,620,公寓住宅,民用,7.9,12,0.0,14468.0,Heilongjiang,Haerbin,Daoli,Heilongjiang-Haerbin
264988,乡政街149号小区,哈尔滨,道里,群力,1993,小高层,乡政街149号,126.5850729,45.73265152,1.0,20.0,,180,公寓住宅,民用,7.4,12,0.0,8846.0,Heilongjiang,Haerbin,Daoli,Heilongjiang-Haerbin
264971,银泰城(商住楼),哈尔滨,道里,群力,2016,高层,丽江路,126.5338495,45.73872623,1.0,30.0,,3410,商住楼,商用,8.0,12,0.0,11774.0,Heilongjiang,Haerbin,Daoli,Heilongjiang-Haerbin
264970,天鹅湾赫郡(别墅),哈尔滨,道里,群力,2014,低层,"群力第五大道,近上江街",126.5687686,45.73263069,,50.0,,169,别墅,民用,8.1,12,-0.73,27639.0,Heilongjiang,Haerbin,Daoli,Heilongjiang-Haerbin
264969,恒盛豪庭(商住楼),哈尔滨,道里,群力,2011,高层,群力第四大道1479号,126.5504566,45.73523601,1.0,35.0,,360,商住楼,商用,8.7,12,0.0,10524.0,Heilongjiang,Haerbin,Daoli,Heilongjiang-Haerbin
264968,宏润翠湖天地(别墅),哈尔滨,道里,群力,2020,低层,"群力大道,近丽江路",126.5354616,45.73208336,,50.0,,234,别墅,民用,8.0,12,-0.71,32336.0,Heilongjiang,Haerbin,Daoli,Heilongjiang-Haerbin
264950,群力家园(F区),哈尔滨,道里,群力,2012,小高层,"融江路,近龙湖路",126.5389901,45.70538648,1.0,30.0,,721,公寓住宅,民用,7.7,12,0.0,10964.0,Heilongjiang,Haerbin,Daoli,Heilongjiang-Haerbin
264951,"松树街小区(松树街8号-10号(双号),松森街1号,松林街1号)",哈尔滨,道里,群力,1995,小高层,"松树街8号-10号(双号),松森街1号,松林街1号",126.591933,45.74563896,1.0,20.0,,397,公寓住宅,民用,7.7,12,-0.13,8275.0,Heilongjiang,Haerbin,Daoli,Heilongjiang-Haerbin
264952,群力家园(G区),哈尔滨,道里,群力,2012,小高层,融江路,126.5407688,45.70588895,1.0,30.0,,616,公寓住宅,民用,7.7,12,-1.15,10000.0,Heilongjiang,Haerbin,Daoli,Heilongjiang-Haerbin
264953,群力家园(ES区),哈尔滨,道里,群力,2012,小高层,融江路1191号,126.5373671,45.71234344,1.0,30.0,,2718,公寓住宅,民用,7.8,12,-1.31,10590.0,Heilongjiang,Haerbin,Daoli,Heilongjiang-Haerbin
264954,阳光育博苑,哈尔滨,道里,群力,2005,多层,三环路,126.5276314,45.71469429,1.0,34.0,,873,公寓住宅,民用,7.3,12,0.0,8959.0,Heilongjiang,Haerbin,Daoli,Heilongjiang-Haerbin
264955,群力家园(BQ区),哈尔滨,道里,群力,2012,小高层,融江路942-7号,126.533212,45.70997457,1.0,30.0,,2278,公寓住宅,民用,7.7,12,-0.72,10438.0,Heilongjiang,Haerbin,Daoli,Heilongjiang-Haerbin
264956,城安小区,哈尔滨,道里,群力,2000,多层|高层,城乡路405号,126.5569657,45.71320887,1.0,20.0,,897,公寓住宅,民用,7.7,12,0.0,9067.0,Heilongjiang,Haerbin,Daoli,Heilongjiang-Haerbin
264957,泰和盛世,哈尔滨,道里,群力,2014,高层,城乡路395-3号,126.5587908,45.71571733,1.0,36.0,50000.0,563,公寓住宅,民用,8.0,12,-0.49,10087.0,Heilongjiang,Haerbin,Daoli,Heilongjiang-Haerbin
264989,城乡路148号小区,哈尔滨,道里,群力,2007,小高层,城乡路148号,126.5688169,45.7197055,1.0,30.0,,320,公寓住宅,民用,7.6,12,0.0,6243.0,Heilongjiang,Haerbin,Daoli,Heilongjiang-Haerbin
264960,迎宾小区二区(道里),哈尔滨,道里,群力,2009,多层,工农大街90号,126.5765062,45.72613622,1.0,20.0,,513,公寓住宅,民用,7.4,12,0.0,9535.0,Heilongjiang,Haerbin,Daoli,Heilongjiang-Haerbin
264961,乡政街131号小区,哈尔滨,道里,群力,1993,小高层,乡政街131号,126.5863862,45.73172368,1.0,20.0,,196,公寓住宅,民用,7.8,12,0.0,9160.0,Heilongjiang,Haerbin,Daoli,Heilongjiang-Haerbin
264962,"乡政街小区(乡政街134号,215号,顾乡大街104号,新华街128号)",哈尔滨,道里,群力,1993,小高层,"乡政街134号,215号,顾乡大街104号,新华街128号",126.5820803,45.73491075,1.0,20.0,,892,公寓住宅,民用,7.9,12,0.0,9492.0,Heilongjiang,Haerbin,Daoli,Heilongjiang-Haerbin
264963,康安路83-24号小区,哈尔滨,道里,群力,1998,小高层,康安路83-24号,126.5952276,45.7369393,1.0,20.0,,231,公寓住宅,民用,7.7,12,0.0,8070.0,Heilongjiang,Haerbin,Daoli,Heilongjiang-Haerbin
264964,乡政街副92号小区,哈尔滨,道里,群力,1993,小高层,乡政街副92号,126.5872791,45.73032322,1.0,20.0,,0,公寓住宅,民用,8.0,12,0.0,8887.0,Heilongjiang,Haerbin,Daoli,Heilongjiang-Haerbin
264965,汇龙湾公馆,哈尔滨,道里,群力,2011,高层,"景江西路,近群力第七大道",126.5595604,45.72709623,1.0,31.0,,113,公寓住宅,民用,8.3,12,0.0,14404.0,Heilongjiang,Haerbin,Daoli,Heilongjiang-Haerbin
264966,观复国际(别墅),哈尔滨,道里,群力,2016,低层,金江路628号,126.5635241,45.73050923,,50.0,,48,别墅,民用,8.2,12,-0.26,30507.0,Heilongjiang,Haerbin,Daoli,Heilongjiang-Haerbin
264967,外滩首府(别墅),哈尔滨,道里,群力,2018,低层,"兴江路,近群力第一大道",126.5458962,45.74121185,,35.0,,0,别墅,民用,8.2,12,-1.7,33905.0,Heilongjiang,Haerbin,Daoli,Heilongjiang-Haerbin
264959,中海时代,哈尔滨,道里,群力,2021,高层,群力第六大道,126.4997562,45.71631089,1.0,30.0,,1108,公寓住宅,民用,7.5,12,0.0,11979.0,Heilongjiang,Haerbin,Daoli,Heilongjiang-Haerbin
264990,环卫汽车对家属楼,哈尔滨,道里,群力,2014,多层,工农大街160号,126.5570523,45.71865972,1.0,30.0,,16,公寓住宅,民用,7.0,12,0.0,7900.0,Heilongjiang,Haerbin,Daoli,Heilongjiang-Haerbin
264991,群力财富中心,哈尔滨,道里,群力,2013,高层,"兴江路,近群力大道",126.5466724,45.73559575,1.0,30.0,,840,商住楼,商用,7.8,12,0.0,24880.0,Heilongjiang,Haerbin,Daoli,Heilongjiang-Haerbin
264992,里普利广场,哈尔滨,道里,群力,2018,高层,四方台大道,126.5169919,45.73193246,1.0,25.0,,2301,商住楼,商用,7.5,12,0.0,12093.0,Heilongjiang,Haerbin,Daoli,Heilongjiang-Haerbin
264883,上和园著,哈尔滨,道里,群力,2012,多层|小高层|高层,"跃进街9-21号,工农大街111号",126.5712884,45.72863755,1.0,30.0,,3942,公寓住宅,民用,8.2,12,2.24,17884.0,Heilongjiang,Haerbin,Daoli,Heilongjiang-Haerbin
265016,新湖明珠小区,哈尔滨,道里,爱建,2011,高层,安正街10号,126.6010522,45.76576607,1.0,50.0,,582,公寓住宅,民用,8.4,12,-0.39,18840.0,Heilongjiang,Haerbin,Daoli,Heilongjiang-Haerbin
265017,尚志小区,哈尔滨,道里,爱建,1985,小高层,尚志胡同15号,126.6153168,45.77827491,1.0,20.0,,419,公寓住宅,民用,8.0,12,0.0,10327.0,Heilongjiang,Haerbin,Daoli,Heilongjiang-Haerbin
265018,"共乐西头道街小区(共乐西头道街13号,哈药路192号,建国北二道街8-16号(双号))",哈尔滨,道里,爱建,1999,多层,"共乐西头道街13号,哈药路192号,建国北二道街8-16号(双号)",126.594297,45.75009829,1.0,20.0,,464,公寓住宅,民用,7.6,12,0.0,8787.0,Heilongjiang,Haerbin,Daoli,Heilongjiang-Haerbin
265019,正阳小区西五街区,哈尔滨,道里,爱建,1986,小高层,"河梁街15号,河清街22号,河曲街23号,35号,河洲街22号,26号",126.5878038,45.75543325,1.0,20.0,,729,公寓住宅,民用,7.5,12,-0.44,8232.0,Heilongjiang,Haerbin,Daoli,Heilongjiang-Haerbin
265020,安德街31号小区,哈尔滨,道里,爱建,1991,小高层,安德街31号,126.6062939,45.75859895,1.0,20.0,,133,公寓住宅,民用,8.3,12,-0.02,8900.0,Heilongjiang,Haerbin,Daoli,Heilongjiang-Haerbin
265021,"安国街小区(安国街104号,安德街19号,安德街26号)",哈尔滨,道里,爱建,1992,小高层,"安国街104号,安德街19号,安德街26号",126.6064617,45.76024662,1.0,20.0,,765,公寓住宅,民用,7.9,12,0.0,9045.0,Heilongjiang,Haerbin,Daoli,Heilongjiang-Haerbin
265022,"建河二街道小区(建河二街道11号,13号,哈药路207号,小建河街28,36号,建国街50-64号(双号))",哈尔滨,道里,爱建,1995,小高层,"建河二街道11号,13号,哈药路207号,小建河街28,36号,建国街50-64号(双号)",126.5994649,45.75047451,1.0,20.0,,814,公寓住宅,民用,7.6,12,0.0,8230.0,Heilongjiang,Haerbin,Daoli,Heilongjiang-Haerbin
265014,安德街110号小区,哈尔滨,道里,爱建,1996,小高层,安德街110号,126.6062914,45.75717328,1.0,20.0,,441,公寓住宅,民用,8.0,12,-0.22,8863.0,Heilongjiang,Haerbin,Daoli,Heilongjiang-Haerbin
265023,艺品枫景,哈尔滨,道里,爱建,2014,小高层,爱建路47号,126.5926197,45.75854416,,40.0,,1024,公寓住宅,民用,8.4,12,-0.06,12821.0,Heilongjiang,Haerbin,Daoli,Heilongjiang-Haerbin
265025,"安升街小区(正义街39号,安升街158号-162号(双号))",哈尔滨,道里,爱建,2000,小高层,"正义街39号,安升街158号-162号(双号)",126.6055368,45.75876777,1.0,30.0,,323,公寓住宅,民用,8.1,12,5.13,8806.0,Heilongjiang,Haerbin,Daoli,Heilongjiang-Haerbin
265026,新阳路小区(近安广街),哈尔滨,道里,爱建,1988,小高层,"新阳路187号,安广街78号",126.6074507,45.75553213,1.0,20.0,,486,公寓住宅,民用,8.4,12,0.0,8682.0,Heilongjiang,Haerbin,Daoli,Heilongjiang-Haerbin
265027,"阳明街59号,71号小区",哈尔滨,道里,爱建,1996,小高层,"阳明街59号,71号",126.5957276,45.754925,1.0,20.0,,197,公寓住宅,民用,8.0,12,0.0,7633.0,Heilongjiang,Haerbin,Daoli,Heilongjiang-Haerbin
265028,"河润街小区(河润街71号,71-1号,85号,89号)",哈尔滨,道里,爱建,1985,低层,"河润街71号,71-1号,85号,89号",126.590325,45.75867664,1.0,20.0,,388,公寓住宅,民用,7.4,12,0.0,9278.0,Heilongjiang,Haerbin,Daoli,Heilongjiang-Haerbin
265029,"安定街小区(安升街174号,安定街91号-93号(单号))",哈尔滨,道里,爱建,1997,小高层,"安升街174号,安定街91号-93号(单号)",126.6040444,45.76040168,1.0,20.0,,287,公寓住宅,民用,8.3,12,0.0,9160.0,Heilongjiang,Haerbin,Daoli,Heilongjiang-Haerbin
265030,"松树街小区(松树街8号-10号(双号),松森街1号,松林街1号)",哈尔滨,道里,爱建,1995,小高层,"松树街8号-10号(双号),松森街1号,松林街1号",126.591933,45.74563896,1.0,20.0,,397,公寓住宅,民用,7.7,12,-0.13,8275.0,Heilongjiang,Haerbin,Daoli,Heilongjiang-Haerbin
265031,"东安街小区(东安街2-1号,副50号,10-70号(双号))",哈尔滨,道里,爱建,1998,小高层,"东安街2-1号,副50号,10-70号(双号)",126.6187621,45.7612508,1.0,20.0,,476,公寓住宅,民用,8.3,12,0.0,9312.0,Heilongjiang,Haerbin,Daoli,Heilongjiang-Haerbin
265032,安隆街72号小区,哈尔滨,道里,爱建,1990,小高层,安隆街72号,126.6028377,45.76107441,1.0,20.0,,136,公寓住宅,民用,8.3,12,0.0,10966.0,Heilongjiang,Haerbin,Daoli,Heilongjiang-Haerbin
265024,尊荣华府(道里),哈尔滨,道里,爱建,2005,高层,友谊路425号,126.5922594,45.76570927,1.0,30.0,,271,公寓住宅,民用,8.0,12,0.0,16000.0,Heilongjiang,Haerbin,Daoli,Heilongjiang-Haerbin
264948,群力远大商务公寓,哈尔滨,道里,群力,2012,高层,群力第四大道988号,126.5488274,45.73611697,1.0,30.0,,1530,公寓住宅,民用,8.4,12,0.0,9848.0,Heilongjiang,Haerbin,Daoli,Heilongjiang-Haerbin
265013,爱建涛园,哈尔滨,道里,爱建,2009,多层,上海街9-8号,126.593305,45.76188677,1.0,36.0,,559,公寓住宅,民用,8.5,12,0.36,12861.0,Heilongjiang,Haerbin,Daoli,Heilongjiang-Haerbin
265011,壹江南,哈尔滨,道里,爱建,2010,超高层,友谊路395号,126.5929494,45.76762438,1.0,33.0,,256,公寓住宅,民用,8.3,12,0.0,24596.0,Heilongjiang,Haerbin,Daoli,Heilongjiang-Haerbin
264993,博雅公寓,哈尔滨,道里,群力,2015,小高层,朗江路121号,126.5284296,45.71734178,1.0,30.0,,427,商住楼,商用,7.5,12,0.0,14925.0,Heilongjiang,Haerbin,Daoli,Heilongjiang-Haerbin
264994,恒盛皇家花园(商住楼),哈尔滨,道里,群力,2012,高层,金江路999号,126.5625611,45.73635265,1.0,35.0,,906,商住楼,商用,8.0,12,0.0,24437.0,Heilongjiang,Haerbin,Daoli,Heilongjiang-Haerbin
264995,长禹嘉园,哈尔滨,道里,群力,2009,小高层,新企十道街1号,126.4823709,45.66272523,,30.0,,0,公寓住宅,民用,6.4,12,0.0,5000.0,Heilongjiang,Haerbin,Daoli,Heilongjiang-Haerbin
264996,名家庄园,哈尔滨,道里,群力,2015,低层,"崂山路,近滇池路",126.5140966,45.71211755,,33.0,,0,别墅,民用,7.0,12,0.0,20400.0,Heilongjiang,Haerbin,Daoli,Heilongjiang-Haerbin
264997,穆斯林小区,哈尔滨,道里,群力,2005,多层|小高层,机场路七号,126.548053,45.70633714,1.0,10.0,,1107,公寓住宅,民用,7.2,12,0.0,5460.0,Heilongjiang,Haerbin,Daoli,Heilongjiang-Haerbin
264998,金山花园(道里),哈尔滨,道里,群力,2010,多层|小高层,机场路10号,126.5478534,45.7042475,1.0,20.0,,392,公寓住宅,民用,7.3,12,0.0,4571.0,Heilongjiang,Haerbin,Daoli,Heilongjiang-Haerbin
264999,海富御景,哈尔滨,道里,群力,2010,高层,"群力第七大道,近丽江路",126.5461628,45.71789311,,35.0,174845.0,2617,公寓住宅,民用,8.1,12,0.0,19836.0,Heilongjiang,Haerbin,Daoli,Heilongjiang-Haerbin
265012,爱琴花园,哈尔滨,道里,爱建,2014,高层,爱建路45号-47号,126.5917209,45.75908085,1.0,32.0,78215.0,720,公寓住宅,民用,8.6,12,0.02,17406.0,Heilongjiang,Haerbin,Daoli,Heilongjiang-Haerbin
265001,观江国际,哈尔滨,道里,爱建,2019,高层,友谊路385号,126.5949969,45.7685882,1.0,39.0,,1038,公寓住宅,民用,8.3,12,-0.11,23230.0,Heilongjiang,Haerbin,Daoli,Heilongjiang-Haerbin
265004,润园,哈尔滨,道里,爱建,2006,高层,友谊路500号,126.5956446,45.76369475,1.0,45.0,,1128,公寓住宅,民用,8.5,12,-0.04,15234.0,Heilongjiang,Haerbin,Daoli,Heilongjiang-Haerbin
265005,上实盛世江南,哈尔滨,道里,爱建,2010,小高层,爱建北路6号,126.5920409,45.76079101,,30.0,,1458,公寓住宅,民用,8.1,12,-0.03,16250.0,Heilongjiang,Haerbin,Daoli,Heilongjiang-Haerbin
265006,锦园(道里),哈尔滨,道里,爱建,2014,小高层,紫园路9号,126.5993729,45.76134658,,40.0,,1320,公寓住宅,民用,8.5,12,-0.08,13389.0,Heilongjiang,Haerbin,Daoli,Heilongjiang-Haerbin
265007,紫园,哈尔滨,道里,爱建,2011,高层,紫园路12号,126.6005646,45.76323918,1.0,37.2,,1077,公寓住宅,民用,8.5,12,-0.8,12280.0,Heilongjiang,Haerbin,Daoli,Heilongjiang-Haerbin
265008,上实浪琴水岸,哈尔滨,道里,爱建,2010,小高层,友谊路488号,126.5902605,45.76175912,1.0,36.0,,728,公寓住宅,民用,8.3,12,-0.89,15444.0,Heilongjiang,Haerbin,Daoli,Heilongjiang-Haerbin
265009,梧桐花园,哈尔滨,道里,爱建,2014,小高层|高层,爱建路副60号,126.5950315,45.75798899,1.0,40.0,79175.0,432,公寓住宅,民用,8.6,12,0.09,18750.0,Heilongjiang,Haerbin,Daoli,Heilongjiang-Haerbin
265010,爱建非常男女公寓,哈尔滨,道里,爱建,1998,高层,上海街90号,126.5968949,45.75712523,1.0,37.0,,1140,公寓住宅,民用,8.2,12,-0.09,11589.0,Heilongjiang,Haerbin,Daoli,Heilongjiang-Haerbin
265002,中兴家园,哈尔滨,道里,爱建,2010,多层,爱建路66号,126.5943485,45.75622767,1.0,20.0,,5988,公寓住宅,民用,7.9,12,-0.77,10771.0,Heilongjiang,Haerbin,Daoli,Heilongjiang-Haerbin
264882,中海寰宇天下,哈尔滨,道里,群力,2016,高层,群力第六大道2617号,126.531944,45.7229971,1.0,53.0,579040.0,4480,公寓住宅,民用,7.9,12,-0.19,15060.0,Heilongjiang,Haerbin,Daoli,Heilongjiang-Haerbin
266709,新发田园,哈尔滨,道里,机场路,2007,多层,机场路632号,126.4733771,45.66162393,1.0,15.0,,1463,公寓住宅,民用,6.6,12,0.0,6230.0,Heilongjiang,Haerbin,Daoli,Heilongjiang-Haerbin
264880,盛和天下(别墅),哈尔滨,道里,群力,2015,低层,群力第一大道,126.5604416,45.74644106,,32.0,,255,别墅,民用,8.2,12,-0.08,29923.0,Heilongjiang,Haerbin,Daoli,Heilongjiang-Haerbin
265908,"通江街小区(通江街24号,27号)",哈尔滨,道里,大安街,1993,小高层,"通江街24号,27号",126.6105935,45.76812925,1.0,20.0,,240,公寓住宅,民用,8.2,12,0.0,10000.0,Heilongjiang,Haerbin,Daoli,Heilongjiang-Haerbin
265907,东风街小区(东风街36号-44号(双号)),哈尔滨,道里,大安街,1990,小高层,东风街36号-44号(双号),126.6112373,45.76982764,1.0,20.0,,96,公寓住宅,民用,8.4,12,0.0,8947.0,Heilongjiang,Haerbin,Daoli,Heilongjiang-Haerbin
265906,经纬七道街小区(经纬七道街5-25(单号)),哈尔滨,道里,大安街,1988,小高层,经纬七道街5-25(单号),126.6062413,45.76640439,1.0,20.0,,371,公寓住宅,民用,7.9,12,0.0,7833.0,Heilongjiang,Haerbin,Daoli,Heilongjiang-Haerbin
265905,"西五道街小区(西五道街22号,24号,34号)",哈尔滨,道里,大安街,1980,小高层,"西五道街22号,24号,34号",126.6142425,45.77250935,1.0,20.0,,54,公寓住宅,民用,7.7,12,0.0,9906.0,Heilongjiang,Haerbin,Daoli,Heilongjiang-Haerbin
265904,石头道街111号小区,哈尔滨,道里,大安街,2020,多层,石头道街111号,126.6199211,45.76952056,1.0,30.0,,72,公寓住宅,民用,8.2,12,0.0,9966.0,Heilongjiang,Haerbin,Daoli,Heilongjiang-Haerbin
264662,"红专街小区(红专街89号,107号,121号)",哈尔滨,道里,中央大街,1990,多层,"红专街89号,107号,121号",126.6081853,45.77035492,1.0,20.0,,234,公寓住宅,民用,7.9,12,0.0,10151.0,Heilongjiang,Haerbin,Daoli,Heilongjiang-Haerbin
264663,安康小区,哈尔滨,道里,中央大街,2005,小高层,安道街136号,126.60623,45.76596902,1.0,36.0,,1138,公寓住宅,民用,9.0,12,0.0,9800.0,Heilongjiang,Haerbin,Daoli,Heilongjiang-Haerbin
264664,红霞街80-82号小区,哈尔滨,道里,中央大街,1998,小高层,"红霞街80号,82号",126.6075844,45.77124496,1.0,20.0,,111,公寓住宅,民用,8.0,12,0.0,10097.0,Heilongjiang,Haerbin,Daoli,Heilongjiang-Haerbin
264665,奥丽维亚公寓,哈尔滨,道里,中央大街,2010,高层,西十五道街4号,126.6178324,45.76566632,1.0,30.0,,312,公寓住宅,民用,9.1,12,0.0,11785.0,Heilongjiang,Haerbin,Daoli,Heilongjiang-Haerbin
264666,河江街小区(河江街48号-52号(双号)),哈尔滨,道里,中央大街,1998,小高层,河江街48号-52号(双号),126.594608,45.75304234,1.0,23.0,,114,公寓住宅,民用,7.9,12,0.0,8738.0,Heilongjiang,Haerbin,Daoli,Heilongjiang-Haerbin
264667,"经纬三道街小区(经纬三道街20号,22号)",哈尔滨,道里,中央大街,1991,小高层,"经纬三道街20号,22号",126.6137071,45.76489418,1.0,20.0,,194,公寓住宅,民用,8.7,12,0.0,9157.0,Heilongjiang,Haerbin,Daoli,Heilongjiang-Haerbin
264668,工程街12号小区,哈尔滨,道里,中央大街,1989,小高层,工程街12号,126.6024602,45.77309623,1.0,20.0,,156,公寓住宅,民用,7.8,12,0.0,10404.0,Heilongjiang,Haerbin,Daoli,Heilongjiang-Haerbin
264669,"红霞街小区(红霞街71号,81号)",哈尔滨,道里,中央大街,1995,小高层,"红霞街71号,81号",126.6094039,45.77172375,1.0,20.0,,132,公寓住宅,民用,8.0,12,0.0,9111.0,Heilongjiang,Haerbin,Daoli,Heilongjiang-Haerbin
265909,电力小区(道里),哈尔滨,道里,大安街,2003,高层,西三道街28号,126.6134385,45.773702,1.0,30.0,,360,公寓住宅,民用,8.0,12,0.0,22772.0,Heilongjiang,Haerbin,Daoli,Heilongjiang-Haerbin
264670,"安道街小区(安道街152号-164号(双号),安正街2号-8号(双号))",哈尔滨,道里,中央大街,1988,小高层,"安道街152号-164号(双号),安正街2号-8号(双号)",126.6059505,45.76596493,1.0,20.0,,238,公寓住宅,民用,7.9,12,-4.15,8046.0,Heilongjiang,Haerbin,Daoli,Heilongjiang-Haerbin
264672,红专街小区(红专街25号-77号(单号)),哈尔滨,道里,中央大街,1990,小高层,红专街25号-77号(单号),126.6099666,45.77085998,1.0,20.0,,200,公寓住宅,民用,8.2,12,0.0,10000.0,Heilongjiang,Haerbin,Daoli,Heilongjiang-Haerbin
264673,"友谊路小区(友谊路106号,120号)",哈尔滨,道里,中央大街,1988,小高层,"友谊路106号,120号",126.610214,45.77585853,1.0,20.0,,147,公寓住宅,民用,8.1,12,0.0,9186.0,Heilongjiang,Haerbin,Daoli,Heilongjiang-Haerbin
264674,"红专街小区(红专街104号-138号(双号),经纬街253号)",哈尔滨,道里,中央大街,1981,小高层,"红专街104号-138号(双号),经纬街253号",126.6063838,45.76959585,1.0,20.0,,620,公寓住宅,民用,8.0,12,0.0,8601.0,Heilongjiang,Haerbin,Daoli,Heilongjiang-Haerbin
264675,"经纬二道街小区(经纬二道街45号,57号)",哈尔滨,道里,中央大街,2000,小高层,"经纬二道街45号,57号",126.614593,45.76428741,1.0,30.0,,292,公寓住宅,民用,8.4,12,0.0,9076.0,Heilongjiang,Haerbin,Daoli,Heilongjiang-Haerbin
264676,"友谊路小区(友谊路150号,150-1号,上游街17号,17-1号,17-2号,17-3号)",哈尔滨,道里,中央大街,1988,小高层,"友谊路150号,150-1号,上游街17号,17-1号,17-2号,17-3号",126.6094091,45.77578033,1.0,20.0,,300,公寓住宅,民用,8.0,12,0.0,8032.0,Heilongjiang,Haerbin,Daoli,Heilongjiang-Haerbin
264677,安道街小区(安道街42号-56号(双号)),哈尔滨,道里,中央大街,2002,小高层,安道街42号-56号(双号),126.6106123,45.7634049,1.0,30.0,,224,公寓住宅,民用,8.4,12,0.0,9371.0,Heilongjiang,Haerbin,Daoli,Heilongjiang-Haerbin
264678,"地段街小区(地段街167号,173号)",哈尔滨,道里,中央大街,1996,多层,"地段街167号,173号",126.6208149,45.77303224,1.0,30.0,,170,公寓住宅,民用,8.2,12,0.0,9764.0,Heilongjiang,Haerbin,Daoli,Heilongjiang-Haerbin
264679,上游街75号小区,哈尔滨,道里,中央大街,2004,高层,上游街75号,126.6034068,45.77226959,1.0,30.0,,0,公寓住宅,民用,8.5,12,0.0,10857.0,Heilongjiang,Haerbin,Daoli,Heilongjiang-Haerbin
264680,"安顺街小区(安顺街142号,144号,安定街18号)",哈尔滨,道里,中央大街,2006,小高层,"安顺街142号,144号,安定街18号",126.6068445,45.7638969,1.0,30.0,,127,公寓住宅,民用,8.4,12,0.0,9428.0,Heilongjiang,Haerbin,Daoli,Heilongjiang-Haerbin
264681,中医街小区(中医街116号-150号(双号)),哈尔滨,道里,中央大街,1991,小高层,中医街116号-150号(双号),126.6040737,45.7706076,1.0,20.0,,438,公寓住宅,民用,7.9,12,0.0,11612.0,Heilongjiang,Haerbin,Daoli,Heilongjiang-Haerbin
264682,新开街小区(新开街3号-7号(单号)),哈尔滨,道里,中央大街,2010,多层,新开街3号-7号(单号),126.6035035,45.77117977,1.0,30.0,,0,公寓住宅,民用,8.5,12,0.0,10000.0,Heilongjiang,Haerbin,Daoli,Heilongjiang-Haerbin
264683,经纬六道街7号小区,哈尔滨,道里,中央大街,1996,小高层,经纬六道街7号,126.6087635,45.76712849,1.0,20.0,,147,公寓住宅,民用,8.7,12,0.0,16349.0,Heilongjiang,Haerbin,Daoli,Heilongjiang-Haerbin
264684,尚志大街45号小区,哈尔滨,道里,中央大街,1998,多层,尚志大街45号,126.6185378,45.76622335,1.0,20.0,,0,公寓住宅,民用,8.6,12,0.0,8761.0,Heilongjiang,Haerbin,Daoli,Heilongjiang-Haerbin
264671,"通江街小区(通江街94号-116号(双号),中医街104号-108号(双号),红霞街91号)",哈尔滨,道里,中央大街,1998,小高层,"通江街94号-116号(双号),中医街104号-108号(双号),红霞街91号",126.6077112,45.77190492,1.0,20.0,,392,公寓住宅,民用,7.9,12,0.0,9714.0,Heilongjiang,Haerbin,Daoli,Heilongjiang-Haerbin
265910,高谊街59号小区,哈尔滨,道里,大安街,1981,小高层,高谊街59号,126.6060843,45.7722271,1.0,20.0,,140,公寓住宅,民用,7.8,12,0.0,9160.0,Heilongjiang,Haerbin,Daoli,Heilongjiang-Haerbin
265911,霁虹小区,哈尔滨,道里,尚志大街,1996,高层,尚志大街1号,126.6205491,45.76241827,1.0,20.0,,442,公寓住宅,民用,8.7,12,0.0,6207.0,Heilongjiang,Haerbin,Daoli,Heilongjiang-Haerbin
265912,"斜角街小区(斜角街14号-30号(双号),工厂街79号,工厂街106-118号(双号))",哈尔滨,道里,尚志大街,1990,小高层,"斜角街14号-30号(双号),工厂街79号,工厂街106-118号(双号)",126.6204343,45.76461229,1.0,20.0,,386,公寓住宅,民用,8.1,12,0.06,9968.0,Heilongjiang,Haerbin,Daoli,Heilongjiang-Haerbin
265934,经纬四道街1号小区,哈尔滨,道里,尚志大街,1991,小高层,经纬四道街1号,126.6118147,45.76613916,1.0,20.0,,64,公寓住宅,民用,8.6,12,0.0,17187.0,Heilongjiang,Haerbin,Daoli,Heilongjiang-Haerbin
265933,经纬四道街21号小区,哈尔滨,道里,尚志大街,1991,小高层,经纬四道街21号,126.6111299,45.76524243,1.0,20.0,,119,公寓住宅,民用,8.5,12,0.0,13483.0,Heilongjiang,Haerbin,Daoli,Heilongjiang-Haerbin
265932,北安街99号小区,哈尔滨,道里,尚志大街,1991,小高层,北安街99号,126.6070389,45.76626948,1.0,20.0,,63,公寓住宅,民用,8.8,12,0.0,14153.0,Heilongjiang,Haerbin,Daoli,Heilongjiang-Haerbin
265931,经纬街小区(经纬街214号-224号(双号)),哈尔滨,道里,尚志大街,2007,小高层,经纬街214号-224号(双号),126.6081951,45.76749936,1.0,30.0,,96,公寓住宅,民用,8.4,12,0.0,9551.0,Heilongjiang,Haerbin,Daoli,Heilongjiang-Haerbin
265930,"经纬街小区(经纬六道街6号,经纬街196号)",哈尔滨,道里,尚志大街,2007,小高层,"经纬六道街6号,经纬街196号",126.6092892,45.76706745,1.0,30.0,,56,公寓住宅,民用,8.9,12,0.0,18752.0,Heilongjiang,Haerbin,Daoli,Heilongjiang-Haerbin
265929,经纬街小区(经纬街174号-194号(双号)),哈尔滨,道里,尚志大街,2007,小高层,经纬街174号-194号(双号),126.6100184,45.76682233,1.0,30.0,,170,公寓住宅,民用,8.5,12,0.0,13787.0,Heilongjiang,Haerbin,Daoli,Heilongjiang-Haerbin
265928,经纬六道街15号小区,哈尔滨,道里,尚志大街,1991,小高层,经纬六道街15号,126.6083337,45.7665806,1.0,20.0,,142,公寓住宅,民用,8.7,12,0.0,12748.0,Heilongjiang,Haerbin,Daoli,Heilongjiang-Haerbin
265927,西十四道街小区(西十四道街36号-56号(双号)),哈尔滨,道里,尚志大街,1991,小高层,西十四道街36号-56号(双号),126.6156336,45.7672066,1.0,20.0,,180,公寓住宅,民用,8.1,12,0.0,10333.0,Heilongjiang,Haerbin,Daoli,Heilongjiang-Haerbin
265926,森林街62号楼,哈尔滨,道里,尚志大街,2000,多层,森林街62号,126.6193485,45.77385363,1.0,30.0,,0,公寓住宅,民用,8.3,12,0.0,12903.0,Heilongjiang,Haerbin,Daoli,Heilongjiang-Haerbin
265925,新华小区(道里友谊路),哈尔滨,道里,尚志大街,1988,小高层,友谊路17号,126.6204263,45.77781798,1.0,20.0,,0,公寓住宅,民用,8.0,12,0.0,8041.0,Heilongjiang,Haerbin,Daoli,Heilongjiang-Haerbin
265924,"警校胡同小区(警校胡同1号,16号-46号(双号))",哈尔滨,道里,尚志大街,1995,小高层,"警校胡同1号,16号-46号(双号)",126.6209144,45.76156363,1.0,20.0,,509,公寓住宅,民用,8.3,12,0.0,10500.0,Heilongjiang,Haerbin,Daoli,Heilongjiang-Haerbin
265923,上游街小区(上游街8号-46号(双号)),哈尔滨,道里,尚志大街,2000,多层,上游街8号-46号(双号),126.6114731,45.77417079,1.0,30.0,,345,公寓住宅,民用,8.0,12,0.0,10000.0,Heilongjiang,Haerbin,Daoli,Heilongjiang-Haerbin
265922,安丰街小区(安丰街6-42号(双号)),哈尔滨,道里,尚志大街,2000,多层,安丰街6-42号(双号),126.6090383,45.76309491,1.0,30.0,,217,公寓住宅,民用,8.3,12,0.0,9114.0,Heilongjiang,Haerbin,Daoli,Heilongjiang-Haerbin
265919,"东风街小区(东风街56号,84号)",哈尔滨,道里,尚志大街,1991,小高层,"东风街56号,84号",126.6109093,45.76947961,1.0,20.0,,70,公寓住宅,民用,8.2,12,0.0,9583.0,Heilongjiang,Haerbin,Daoli,Heilongjiang-Haerbin
265918,经纬五道街8号小区,哈尔滨,道里,尚志大街,1991,小高层,经纬五道街8号,126.6107806,45.76573359,1.0,20.0,,192,公寓住宅,民用,8.3,12,0.09,16346.0,Heilongjiang,Haerbin,Daoli,Heilongjiang-Haerbin
265917,上游街小区(上游街148号-164号(双号)),哈尔滨,道里,尚志大街,2002,多层,上游街148号-164号(双号),126.6089114,45.77233653,1.0,30.0,,208,公寓住宅,民用,8.1,12,0.0,9000.0,Heilongjiang,Haerbin,Daoli,Heilongjiang-Haerbin
265916,"中医街小区(中医街25号-77号(单号),通江街147号)",哈尔滨,道里,尚志大街,1991,小高层,"中医街25号-77号(单号),通江街147号",126.6092745,45.77280466,1.0,20.0,,478,公寓住宅,民用,7.7,12,0.0,10270.0,Heilongjiang,Haerbin,Daoli,Heilongjiang-Haerbin
265915,通江胡同小区(通江胡同4号-18号(双号)),哈尔滨,道里,尚志大街,2006,小高层,通江胡同4号-18号(双号),126.6060578,45.77390984,1.0,30.0,,138,公寓住宅,民用,8.2,12,0.0,11107.0,Heilongjiang,Haerbin,Daoli,Heilongjiang-Haerbin
265914,"安国街小区(安国街6号,18号,安德街80号,84号)",哈尔滨,道里,尚志大街,1990,小高层," 安国街6号,18号,安德街80号,84号",126.6092148,45.76414482,1.0,20.0,,128,公寓住宅,民用,8.3,12,0.0,9054.0,Heilongjiang,Haerbin,Daoli,Heilongjiang-Haerbin
265913,一面街62-68号小区,哈尔滨,道里,尚志大街,1991,小高层,一面街62-68号,126.6251634,45.77162599,1.0,20.0,,741,公寓住宅,民用,7.9,12,0.0,9371.0,Heilongjiang,Haerbin,Daoli,Heilongjiang-Haerbin
264685,"上游街小区(通江街146号,158号,上游街108号-136号(双号))",哈尔滨,道里,中央大街,1993,小高层,"通江街146号,158号,上游街108号-136号(双号)",126.6078279,45.77240567,1.0,20.0,,329,公寓住宅,民用,7.9,12,0.0,7954.0,Heilongjiang,Haerbin,Daoli,Heilongjiang-Haerbin
264686,"经纬十二道街小区(经纬十二道街24-1号,26号)",哈尔滨,道里,中央大街,1989,小高层,"经纬十二道街24-1号,26号",126.6004642,45.76840948,1.0,20.0,,89,公寓住宅,民用,8.0,12,0.0,7500.0,Heilongjiang,Haerbin,Daoli,Heilongjiang-Haerbin
264688,"大安街小区(大安街50号,60号,80号)",哈尔滨,道里,中央大街,1995,小高层,"大安街50号,60号,80号",126.6117382,45.76894561,1.0,20.0,,308,公寓住宅,民用,8.1,12,0.0,8974.0,Heilongjiang,Haerbin,Daoli,Heilongjiang-Haerbin
265884,"上游街小区(通江街146号,158号,上游街108号-136号(双号))",哈尔滨,道里,大安街,1993,小高层,"通江街146号,158号,上游街108号-136号(双号)",126.6078279,45.77240567,1.0,20.0,,329,公寓住宅,民用,7.9,12,0.0,7954.0,Heilongjiang,Haerbin,Daoli,Heilongjiang-Haerbin
265883,尚志大街45号小区,哈尔滨,道里,大安街,1998,多层,尚志大街45号,126.6185378,45.76622335,1.0,20.0,,0,公寓住宅,民用,8.6,12,0.0,8761.0,Heilongjiang,Haerbin,Daoli,Heilongjiang-Haerbin
265882,经纬六道街7号小区,哈尔滨,道里,大安街,1996,小高层,经纬六道街7号,126.6087635,45.76712849,1.0,20.0,,147,公寓住宅,民用,8.7,12,0.0,16349.0,Heilongjiang,Haerbin,Daoli,Heilongjiang-Haerbin
265881,新开街小区(新开街3号-7号(单号)),哈尔滨,道里,大安街,2010,多层,新开街3号-7号(单号),126.6035035,45.77117977,1.0,30.0,,0,公寓住宅,民用,8.5,12,0.0,10000.0,Heilongjiang,Haerbin,Daoli,Heilongjiang-Haerbin
265880,中医街小区(中医街116号-150号(双号)),哈尔滨,道里,大安街,1991,小高层,中医街116号-150号(双号),126.6040737,45.7706076,1.0,20.0,,438,公寓住宅,民用,7.9,12,0.0,11612.0,Heilongjiang,Haerbin,Daoli,Heilongjiang-Haerbin
265879,上游街75号小区,哈尔滨,道里,大安街,2004,高层,上游街75号,126.6034068,45.77226959,1.0,30.0,,0,公寓住宅,民用,8.5,12,0.0,10857.0,Heilongjiang,Haerbin,Daoli,Heilongjiang-Haerbin
265878,"友谊路小区(友谊路106号,120号)",哈尔滨,道里,大安街,1988,小高层,"友谊路106号,120号",126.610214,45.77585853,1.0,20.0,,147,公寓住宅,民用,8.1,12,0.0,9186.0,Heilongjiang,Haerbin,Daoli,Heilongjiang-Haerbin
265877,红专街小区(红专街25号-77号(单号)),哈尔滨,道里,大安街,1990,小高层,红专街25号-77号(单号),126.6099666,45.77085998,1.0,20.0,,200,公寓住宅,民用,8.2,12,0.0,10000.0,Heilongjiang,Haerbin,Daoli,Heilongjiang-Haerbin
265876,"红霞街小区(红霞街71号,81号)",哈尔滨,道里,大安街,1995,小高层,"红霞街71号,81号",126.6094039,45.77172375,1.0,20.0,,132,公寓住宅,民用,8.0,12,0.0,9111.0,Heilongjiang,Haerbin,Daoli,Heilongjiang-Haerbin
265875,工程街12号小区,哈尔滨,道里,大安街,1989,小高层,工程街12号,126.6024602,45.77309623,1.0,20.0,,156,公寓住宅,民用,7.8,12,0.0,10404.0,Heilongjiang,Haerbin,Daoli,Heilongjiang-Haerbin
265874,"经纬三道街小区(经纬三道街20号,22号)",哈尔滨,道里,大安街,1991,小高层,"经纬三道街20号,22号",126.6137071,45.76489418,1.0,20.0,,194,公寓住宅,民用,8.7,12,0.0,9157.0,Heilongjiang,Haerbin,Daoli,Heilongjiang-Haerbin
265873,"经纬八道街小区(经纬九道街2-28号(双号),经纬八道街5-19号(单号))",哈尔滨,道里,大安街,1993,小高层,"经纬九道街2-28号(双号),经纬八道街5-19号(单号)",126.6055952,45.76734088,1.0,20.0,,435,公寓住宅,民用,8.5,12,-0.02,8265.0,Heilongjiang,Haerbin,Daoli,Heilongjiang-Haerbin
265885,经纬头道街小区(经纬头道街34-42号(双号)),哈尔滨,道里,大安街,1990,小高层,经纬头道街34-42号(双号),126.6166261,45.76320161,1.0,20.0,,349,公寓住宅,民用,8.4,12,0.0,7785.0,Heilongjiang,Haerbin,Daoli,Heilongjiang-Haerbin
265872,经纬八道街20号小区,哈尔滨,道里,大安街,1995,小高层,经纬八道街20号,126.6064088,45.76702663,1.0,20.0,,272,公寓住宅,民用,8.2,12,0.0,9425.0,Heilongjiang,Haerbin,Daoli,Heilongjiang-Haerbin
265870,红霞街小区(红霞街8号-78号(双号)),哈尔滨,道里,大安街,1990,小高层,红霞街8号-78号(双号),126.6123354,45.7722217,1.0,20.0,,410,公寓住宅,民用,7.9,12,0.35,8839.0,Heilongjiang,Haerbin,Daoli,Heilongjiang-Haerbin
265869,民政厅干休所家属楼,哈尔滨,道里,大安街,1998,小高层,"经纬十道街21号,经纬十一道街36号,36-1号,38号",126.6019906,45.76734216,1.0,20.0,,200,公寓住宅,民用,7.8,12,0.0,10690.0,Heilongjiang,Haerbin,Daoli,Heilongjiang-Haerbin
265868,大安小区,哈尔滨,道里,大安街,1973,多层,"大安街19号,49号,55号,77号,82号,东风街26号,74号-100号(双号)",126.6087657,45.76892156,1.0,20.0,,756,公寓住宅,民用,8.2,12,-0.27,9166.0,Heilongjiang,Haerbin,Daoli,Heilongjiang-Haerbin
265867,"中医街小区(中医街119号,119-2号,119-3号,119-4号)",哈尔滨,道里,大安街,1988,小高层,"中医街119号,119-2号,119-3号,119-4号",126.6019617,45.77144039,1.0,20.0,,469,公寓住宅,民用,7.6,12,0.62,6965.0,Heilongjiang,Haerbin,Daoli,Heilongjiang-Haerbin
265866,"安丰街小区(安丰街72号-80号(双号),安康街60号-68号(双号),安宁街157号,安宁街167号))",哈尔滨,道里,大安街,1987,小高层,"安丰街72号-80号(双号),安康街60号-68号(双号),安宁街157号,安宁街167号)",126.6052662,45.7631421,1.0,20.0,,424,公寓住宅,民用,8.0,12,0.0,8287.0,Heilongjiang,Haerbin,Daoli,Heilongjiang-Haerbin
265865,北安街小区(北安街144号-164号(双号)),哈尔滨,道里,大安街,1991,小高层,北安街144号-164号(双号),126.607327,45.76584568,1.0,20.0,,104,公寓住宅,民用,8.3,12,0.0,15625.0,Heilongjiang,Haerbin,Daoli,Heilongjiang-Haerbin
265864,红霞街小区(红霞街23号-39号(单号)),哈尔滨,道里,大安街,1987,小高层,红霞街23号-39号(单号),126.6109443,45.77235285,1.0,20.0,,395,公寓住宅,民用,8.1,12,0.0,7217.0,Heilongjiang,Haerbin,Daoli,Heilongjiang-Haerbin
265863,"霞曼街小区(霞曼街37号,55号,50号-71号(双号))",哈尔滨,道里,大安街,1995,小高层,"霞曼街37号,55号,50号-71号(双号)",126.6115063,45.76820869,1.0,20.0,,475,公寓住宅,民用,8.2,12,0.0,11894.0,Heilongjiang,Haerbin,Daoli,Heilongjiang-Haerbin
265862,"安正街小区(安正街29号,31号,安丰街85号,87号,安隆街18号,安顺街188-204号(双号))",哈尔滨,道里,大安街,1992,小高层,"安正街29号,31号,安丰街85号,87号,安隆街18号,安顺街188-204号(双号)",126.60332,45.76501857,1.0,20.0,,599,公寓住宅,民用,8.4,12,0.0,9793.0,Heilongjiang,Haerbin,Daoli,Heilongjiang-Haerbin
265861,保险名苑,哈尔滨,道里,大安街,1999,高层,东六道街4号,126.6174988,45.77250014,1.0,20.0,,180,公寓住宅,民用,7.8,12,0.0,11367.0,Heilongjiang,Haerbin,Daoli,Heilongjiang-Haerbin
265860,华通名苑,哈尔滨,道里,公路大桥,2007,高层,河梁街18号,126.5898952,45.75483776,1.0,35.0,,353,公寓住宅,民用,8.2,12,0.0,8542.0,Heilongjiang,Haerbin,Daoli,Heilongjiang-Haerbin
265859,三电小区,哈尔滨,道里,公路大桥,2003,多层|小高层,前进路39号,126.5909773,45.75129428,1.0,30.0,,462,公寓住宅,民用,8.0,12,0.0,10115.0,Heilongjiang,Haerbin,Daoli,Heilongjiang-Haerbin
265858,商业大学小区,哈尔滨,道里,公路大桥,1990,高层,河润街82号,126.5916125,45.75507777,,20.0,,269,公寓住宅,民用,7.8,12,0.0,9404.0,Heilongjiang,Haerbin,Daoli,Heilongjiang-Haerbin
265871,东兴大厦,哈尔滨,道里,大安街,2001,小高层,西九道街18号,126.6152289,45.77013441,1.0,30.0,,149,公寓住宅,民用,7.8,12,0.0,10400.0,Heilongjiang,Haerbin,Daoli,Heilongjiang-Haerbin
265886,"大安街小区(大安街50号,60号,80号)",哈尔滨,道里,大安街,1995,小高层,"大安街50号,60号,80号",126.6117382,45.76894561,1.0,20.0,,308,公寓住宅,民用,8.1,12,0.0,8974.0,Heilongjiang,Haerbin,Daoli,Heilongjiang-Haerbin
265887,"经纬十二道街小区(经纬十二道街9号,经纬街334号)",哈尔滨,道里,大安街,1990,小高层,"经纬十二道街9号,经纬街334号",126.6006684,45.76940032,1.0,20.0,,162,公寓住宅,民用,8.0,12,0.0,7395.0,Heilongjiang,Haerbin,Daoli,Heilongjiang-Haerbin
265888,"红专街小区(红专街127号-147号(单号),高谊街50号)",哈尔滨,道里,大安街,1991,小高层,"红专街127号-147号(单号),高谊街50号",126.60658,45.76995929,1.0,20.0,,228,公寓住宅,民用,8.1,12,0.0,8100.0,Heilongjiang,Haerbin,Daoli,Heilongjiang-Haerbin
264689,"经纬十二道街小区(经纬十二道街9号,经纬街334号)",哈尔滨,道里,中央大街,1990,小高层,"经纬十二道街9号,经纬街334号",126.6006684,45.76940032,1.0,20.0,,162,公寓住宅,民用,8.0,12,0.0,7395.0,Heilongjiang,Haerbin,Daoli,Heilongjiang-Haerbin
264690,"红专街小区(红专街127号-147号(单号),高谊街50号)",哈尔滨,道里,中央大街,1991,小高层,"红专街127号-147号(单号),高谊街50号",126.60658,45.76995929,1.0,20.0,,228,公寓住宅,民用,8.1,12,0.0,8100.0,Heilongjiang,Haerbin,Daoli,Heilongjiang-Haerbin
264691,"中医街小区(中医街8号-102号(双号),通江街113号,119号)",哈尔滨,道里,中央大街,1988,小高层,"中医街8号-102号(双号),通江街113号,119号",126.6092574,45.77248123,1.0,20.0,,664,公寓住宅,民用,7.6,12,0.0,10324.0,Heilongjiang,Haerbin,Daoli,Heilongjiang-Haerbin
264692,"通江街小区(通江街63号,63-1号,63-2号)",哈尔滨,道里,中央大街,1998,小高层,"通江街63号,63-1号,63-2号",126.6096102,45.76999753,1.0,20.0,,76,公寓住宅,民用,8.2,12,0.0,7818.0,Heilongjiang,Haerbin,Daoli,Heilongjiang-Haerbin
264693,"买卖街小区(买卖街167号,171-4号,187-4号,197-5号,一面街80-1号,78-2号)",哈尔滨,道里,中央大街,1984,小高层,"买卖街167号,171-4号,187-4号,197-5号,一面街80-1号,78-2号",126.6235241,45.77250471,1.0,20.0,,849,公寓住宅,民用,8.0,12,0.0,9466.0,Heilongjiang,Haerbin,Daoli,Heilongjiang-Haerbin
264694,"高谊街小区(高谊街60号-84号(双号),上游街140号-146号(双号))",哈尔滨,道里,中央大街,1997,小高层,"高谊街60号-84号(双号),上游街140号-146号(双号)",126.6055647,45.77193129,1.0,20.0,,224,公寓住宅,民用,8.4,12,0.0,7878.0,Heilongjiang,Haerbin,Daoli,Heilongjiang-Haerbin
264695,大安街83号小区,哈尔滨,道里,中央大街,1986,小高层,大安街83号,126.6084145,45.76844371,1.0,20.0,,119,公寓住宅,民用,8.6,12,0.0,8000.0,Heilongjiang,Haerbin,Daoli,Heilongjiang-Haerbin
264696,江桥胡同26号小区,哈尔滨,道里,中央大街,1986,小高层,江桥胡同26号,126.6212276,45.77955898,1.0,20.0,,387,公寓住宅,民用,7.4,12,0.0,9885.0,Heilongjiang,Haerbin,Daoli,Heilongjiang-Haerbin
264697,高谊街21号小区,哈尔滨,道里,中央大街,1996,小高层,高谊街21号,126.6077467,45.76887955,1.0,20.0,,156,公寓住宅,民用,8.2,12,-0.12,10054.0,Heilongjiang,Haerbin,Daoli,Heilongjiang-Haerbin
264698,"河梁街小区(河梁街4号-12号(双号),哈药路381号)",哈尔滨,道里,中央大街,1987,小高层,"河梁街4号-12号(双号),哈药路381号",126.5912622,45.75548495,1.0,20.0,,308,公寓住宅,民用,8.1,12,0.0,8891.0,Heilongjiang,Haerbin,Daoli,Heilongjiang-Haerbin
264699,经纬三道街44号小区,哈尔滨,道里,中央大街,1997,小高层,经纬三道街44号,126.6128756,45.76369323,1.0,20.0,,242,公寓住宅,民用,8.8,12,0.0,9666.0,Heilongjiang,Haerbin,Daoli,Heilongjiang-Haerbin
264700,"安静街小区(安静街17号,安丰街2号-4号(双号),安丰街30号,安宁街105号,113号)",哈尔滨,道里,中央大街,1995,多层,"安静街17号,安丰街2号-4号(双号),安丰街30号,安宁街105号,113号",126.6089394,45.76226516,1.0,20.0,,547,公寓住宅,民用,8.0,12,0.0,8652.0,Heilongjiang,Haerbin,Daoli,Heilongjiang-Haerbin
264701,九江街小区(九江街4号-26号(双号)),哈尔滨,道里,中央大街,1985,小高层,九江街4号-26号(双号),126.5994414,45.77283651,1.0,20.0,,210,公寓住宅,民用,7.6,12,0.0,10888.0,Heilongjiang,Haerbin,Daoli,Heilongjiang-Haerbin
264702,"霁虹街小区(霁虹街77号,79-1号,电车街70-80号(双号))",哈尔滨,道里,中央大街,1998,小高层,"霁虹街77号,79-1号,电车街70-80号(双号)",126.6180774,45.76222689,1.0,20.0,,293,公寓住宅,民用,8.1,12,0.0,10560.0,Heilongjiang,Haerbin,Daoli,Heilongjiang-Haerbin
265903,"工懋街小区(工懋街1号,工部街14号,16号)",哈尔滨,道里,大安街,2002,小高层,"懋街1号,工部街14号,16号",126.6008611,45.76708117,1.0,30.0,,120,公寓住宅,民用,7.9,12,0.0,7454.0,Heilongjiang,Haerbin,Daoli,Heilongjiang-Haerbin
265902,"地段街小区(地段街134-1号,134-2号,石头道街93号)",哈尔滨,道里,大安街,1983,小高层,"地段街134-1号,134-2号,石头道街93号",126.6207027,45.77017543,1.0,20.0,,120,公寓住宅,民用,7.8,12,0.0,11111.0,Heilongjiang,Haerbin,Daoli,Heilongjiang-Haerbin
265901,建业大厦,哈尔滨,道里,大安街,2010,高层,西六道街28号,126.6143452,45.77186866,1.0,20.0,,0,公寓住宅,民用,7.9,12,0.0,10000.0,Heilongjiang,Haerbin,Daoli,Heilongjiang-Haerbin
265900,"大安街小区(大安街90-2号,92号-112号(双号))",哈尔滨,道里,大安街,1991,小高层,"大安街90-2号,92号-112号(双号)",126.6091618,45.76828344,1.0,20.0,,364,公寓住宅,民用,8.0,12,0.0,9692.0,Heilongjiang,Haerbin,Daoli,Heilongjiang-Haerbin
265899,西十五道街小区(西十五道街64号-68号(双号)),哈尔滨,道里,大安街,2000,多层,西十五道街64号-68号(双号),126.6150791,45.76577937,1.0,30.0,,49,公寓住宅,民用,8.4,12,0.0,8725.0,Heilongjiang,Haerbin,Daoli,Heilongjiang-Haerbin
265898,中央大街216号小区,哈尔滨,道里,大安街,2002,高层,中央大街216号,126.6116345,45.77601235,1.0,30.0,,108,公寓住宅,民用,8.0,12,0.0,9636.0,Heilongjiang,Haerbin,Daoli,Heilongjiang-Haerbin
265897,上游街小区(上游街52号-92号(双号)),哈尔滨,道里,大安街,1991,多层,上游街52号-92号(双号),126.6104418,45.77381149,1.0,20.0,,374,公寓住宅,民用,7.8,12,0.0,11041.0,Heilongjiang,Haerbin,Daoli,Heilongjiang-Haerbin
265896,"红专街小区(红专街88号-96号(双号),高谊街39号,41号,东风街67号,98号)",哈尔滨,道里,大安街,1991,小高层,"红专街88号-96号(双号),高谊街39号,41号,东风街67号,98号",126.6076331,45.76989675,,20.0,,381,公寓住宅,民用,7.9,12,-2.1,8887.0,Heilongjiang,Haerbin,Daoli,Heilongjiang-Haerbin
265895,"西十五道街小区(3号,42号,57号)",哈尔滨,道里,大安街,1984,多层,"西十五道街3号,42号,57号",126.6177665,45.76642055,1.0,20.0,,313,公寓住宅,民用,8.4,12,0.0,8761.0,Heilongjiang,Haerbin,Daoli,Heilongjiang-Haerbin
265894,盛世嘉园(道里),哈尔滨,道里,大安街,2002,小高层,西十道街32号,126.6152118,45.76972388,1.0,15.0,,0,公寓住宅,民用,8.3,12,0.0,10983.0,Heilongjiang,Haerbin,Daoli,Heilongjiang-Haerbin
265893,高谊街21号小区,哈尔滨,道里,大安街,1996,小高层,高谊街21号,126.6077467,45.76887955,1.0,20.0,,156,公寓住宅,民用,8.2,12,-0.12,10054.0,Heilongjiang,Haerbin,Daoli,Heilongjiang-Haerbin
265892,大安街83号小区,哈尔滨,道里,大安街,1986,小高层,大安街83号,126.6084145,45.76844371,1.0,20.0,,119,公寓住宅,民用,8.6,12,0.0,8000.0,Heilongjiang,Haerbin,Daoli,Heilongjiang-Haerbin
265891,"高谊街小区(高谊街60号-84号(双号),上游街140号-146号(双号))",哈尔滨,道里,大安街,1997,小高层,"高谊街60号-84号(双号),上游街140号-146号(双号)",126.6055647,45.77193129,1.0,20.0,,224,公寓住宅,民用,8.4,12,0.0,7878.0,Heilongjiang,Haerbin,Daoli,Heilongjiang-Haerbin
265890,"通江街小区(通江街63号,63-1号,63-2号)",哈尔滨,道里,大安街,1998,小高层,"通江街63号,63-1号,63-2号",126.6096102,45.76999753,1.0,20.0,,76,公寓住宅,民用,8.2,12,0.0,7818.0,Heilongjiang,Haerbin,Daoli,Heilongjiang-Haerbin
265889,"中医街小区(中医街8号-102号(双号),通江街113号,119号)",哈尔滨,道里,大安街,1988,小高层,"中医街8号-102号(双号),通江街113号,119号",126.6092574,45.77248123,1.0,20.0,,664,公寓住宅,民用,7.6,12,0.0,10324.0,Heilongjiang,Haerbin,Daoli,Heilongjiang-Haerbin
264687,北安街25号小区,哈尔滨,道里,中央大街,1988,小高层,北安街25号,126.6131921,45.76342411,1.0,20.0,,133,公寓住宅,民用,8.2,12,0.0,8171.0,Heilongjiang,Haerbin,Daoli,Heilongjiang-Haerbin
266000,哈药路237号小区,哈尔滨,道里,哈药路,1995,小高层,哈药路237号,126.5975609,45.75038158,,20.0,,178,公寓住宅,民用,8.0,12,-8.2,6980.0,Heilongjiang,Haerbin,Daoli,Heilongjiang-Haerbin
265999,华侨小区,哈尔滨,道里,哈药路,1994,小高层,"建国北六道街,近哈药路",126.593171,45.7511453,1.0,20.0,,861,公寓住宅,民用,8.0,12,0.0,12000.0,Heilongjiang,Haerbin,Daoli,Heilongjiang-Haerbin
265998,金凯国际,哈尔滨,道里,哈药路,2012,高层,河润街1号,126.5952096,45.75179333,1.0,30.0,,376,公寓住宅,民用,8.3,12,-1.24,11140.0,Heilongjiang,Haerbin,Daoli,Heilongjiang-Haerbin
265997,"建河二街道小区(建河二街道11号,13号,哈药路207号,小建河街28,36号,建国街50-64号(双号))",哈尔滨,道里,哈药路,1995,小高层,"建河二街道11号,13号,哈药路207号,小建河街28,36号,建国街50-64号(双号)",126.5994649,45.75047451,1.0,20.0,,814,公寓住宅,民用,7.6,12,0.0,8230.0,Heilongjiang,Haerbin,Daoli,Heilongjiang-Haerbin
265996,正阳小区西九街区,哈尔滨,道里,哈药路,1988,小高层,河清街11号,126.5909464,45.75301599,1.0,20.0,,654,公寓住宅,民用,8.1,12,0.0,9633.0,Heilongjiang,Haerbin,Daoli,Heilongjiang-Haerbin
265995,正阳小区西五街区,哈尔滨,道里,哈药路,1986,小高层,"河梁街15号,河清街22号,河曲街23号,35号,河洲街22号,26号",126.5878038,45.75543325,1.0,20.0,,729,公寓住宅,民用,7.5,12,-0.44,8232.0,Heilongjiang,Haerbin,Daoli,Heilongjiang-Haerbin
265994,"共乐西头道街小区(共乐西头道街13号,哈药路192号,建国北二道街8-16号(双号))",哈尔滨,道里,哈药路,1999,多层,"共乐西头道街13号,哈药路192号,建国北二道街8-16号(双号)",126.594297,45.75009829,1.0,20.0,,464,公寓住宅,民用,7.6,12,0.0,8787.0,Heilongjiang,Haerbin,Daoli,Heilongjiang-Haerbin
265993,森林街小区(森林街20号-34号(双号)),哈尔滨,道里,地段街,1993,小高层,森林街20号-34号(双号),126.6216892,45.7744034,1.0,20.0,,133,公寓住宅,民用,7.8,12,0.0,15625.0,Heilongjiang,Haerbin,Daoli,Heilongjiang-Haerbin
265992,电力小区(道里),哈尔滨,道里,地段街,2003,高层,西三道街28号,126.6134385,45.773702,1.0,30.0,,360,公寓住宅,民用,8.0,12,0.0,22772.0,Heilongjiang,Haerbin,Daoli,Heilongjiang-Haerbin
265991,"西五道街小区(西五道街22号,24号,34号)",哈尔滨,道里,地段街,1980,小高层,"西五道街22号,24号,34号",126.6142425,45.77250935,1.0,20.0,,54,公寓住宅,民用,7.7,12,0.0,9906.0,Heilongjiang,Haerbin,Daoli,Heilongjiang-Haerbin
265990,石头道街111号小区,哈尔滨,道里,地段街,2020,多层,石头道街111号,126.6199211,45.76952056,1.0,30.0,,72,公寓住宅,民用,8.2,12,0.0,9966.0,Heilongjiang,Haerbin,Daoli,Heilongjiang-Haerbin
265989,"地段街小区(地段街134-1号,134-2号,石头道街93号)",哈尔滨,道里,地段街,1983,小高层,"地段街134-1号,134-2号,石头道街93号",126.6207027,45.77017543,1.0,20.0,,120,公寓住宅,民用,7.8,12,0.0,11111.0,Heilongjiang,Haerbin,Daoli,Heilongjiang-Haerbin
265988,友谊大厦,哈尔滨,道里,地段街,1987,小高层,友谊路14号,126.6218513,45.77743732,1.0,20.0,,108,公寓住宅,民用,7.5,12,0.0,8000.0,Heilongjiang,Haerbin,Daoli,Heilongjiang-Haerbin
266001,建国南头道街35号小区,哈尔滨,道里,哈药路,1993,小高层,建国南头道街35号,126.5963179,45.74738748,1.0,20.0,,144,公寓住宅,民用,8.3,12,0.0,8716.0,Heilongjiang,Haerbin,Daoli,Heilongjiang-Haerbin
265987,建业大厦,哈尔滨,道里,地段街,2010,高层,西六道街28号,126.6143452,45.77186866,1.0,20.0,,0,公寓住宅,民用,7.9,12,0.0,10000.0,Heilongjiang,Haerbin,Daoli,Heilongjiang-Haerbin
265984,中央大街216号小区,哈尔滨,道里,地段街,2002,高层,中央大街216号,126.6116345,45.77601235,1.0,30.0,,108,公寓住宅,民用,8.0,12,0.0,9636.0,Heilongjiang,Haerbin,Daoli,Heilongjiang-Haerbin
265983,上游街小区(上游街52号-92号(双号)),哈尔滨,道里,地段街,1991,多层,上游街52号-92号(双号),126.6104418,45.77381149,1.0,20.0,,374,公寓住宅,民用,7.8,12,0.0,11041.0,Heilongjiang,Haerbin,Daoli,Heilongjiang-Haerbin
265982,盛世嘉园(道里),哈尔滨,道里,地段街,2002,小高层,西十道街32号,126.6152118,45.76972388,1.0,15.0,,0,公寓住宅,民用,8.3,12,0.0,10983.0,Heilongjiang,Haerbin,Daoli,Heilongjiang-Haerbin
265981,地段街37-3号小区,哈尔滨,道里,地段街,1985,小高层,地段街37-3号,126.6241532,45.76522033,1.0,20.0,,606,公寓住宅,民用,8.2,12,0.0,8586.0,Heilongjiang,Haerbin,Daoli,Heilongjiang-Haerbin
265980,江桥胡同26号小区,哈尔滨,道里,地段街,1986,小高层,江桥胡同26号,126.6212276,45.77955898,1.0,20.0,,387,公寓住宅,民用,7.4,12,0.0,9885.0,Heilongjiang,Haerbin,Daoli,Heilongjiang-Haerbin
265979,"买卖街小区(买卖街167号,171-4号,187-4号,197-5号,一面街80-1号,78-2号)",哈尔滨,道里,地段街,1984,小高层,"买卖街167号,171-4号,187-4号,197-5号,一面街80-1号,78-2号",126.6235241,45.77250471,1.0,20.0,,849,公寓住宅,民用,8.0,12,0.0,9466.0,Heilongjiang,Haerbin,Daoli,Heilongjiang-Haerbin
265978,"地段街小区(地段街167号,173号)",哈尔滨,道里,地段街,1996,多层,"地段街167号,173号",126.6208149,45.77303224,1.0,30.0,,170,公寓住宅,民用,8.2,12,0.0,9764.0,Heilongjiang,Haerbin,Daoli,Heilongjiang-Haerbin
265977,花圃大厦,哈尔滨,道里,地段街,1998,高层,花圃街19-2号,126.6142058,45.77631911,1.0,20.0,,364,公寓住宅,民用,8.5,12,0.0,14090.0,Heilongjiang,Haerbin,Daoli,Heilongjiang-Haerbin
265976,东兴大厦,哈尔滨,道里,地段街,2001,小高层,西九道街18号,126.6152289,45.77013441,1.0,30.0,,149,公寓住宅,民用,7.8,12,0.0,10400.0,Heilongjiang,Haerbin,Daoli,Heilongjiang-Haerbin
265975,红霞街小区(红霞街8号-78号(双号)),哈尔滨,道里,地段街,1990,小高层,红霞街8号-78号(双号),126.6123354,45.7722217,1.0,20.0,,410,公寓住宅,民用,7.9,12,0.35,8839.0,Heilongjiang,Haerbin,Daoli,Heilongjiang-Haerbin
265974,银行小区,哈尔滨,道里,地段街,1986,小高层,买卖街231号,126.6230522,45.77449965,1.0,20.0,,439,公寓住宅,民用,7.7,12,0.0,7548.0,Heilongjiang,Haerbin,Daoli,Heilongjiang-Haerbin
265973,"公园街小区(公园街1号,9号,15号,地段街221号)",哈尔滨,道里,地段街,1986,小高层,"公园街1号,9号,15号,地段街221号",126.6218976,45.77590424,1.0,20.0,,393,公寓住宅,民用,8.0,12,0.0,10500.0,Heilongjiang,Haerbin,Daoli,Heilongjiang-Haerbin
265986,透笼街16号小区,哈尔滨,道里,地段街,2007,小高层,透笼街16号,126.6255248,45.76856295,1.0,30.0,,30,公寓住宅,民用,8.2,12,0.0,6641.0,Heilongjiang,Haerbin,Daoli,Heilongjiang-Haerbin
266002,"河润街小区(河润街71号,71-1号,85号,89号)",哈尔滨,道里,哈药路,1985,低层,"河润街71号,71-1号,85号,89号",126.590325,45.75867664,1.0,20.0,,388,公寓住宅,民用,7.4,12,0.0,9278.0,Heilongjiang,Haerbin,Daoli,Heilongjiang-Haerbin
266003,建国南二道街小区(建国南二道街11-15号(单号)),哈尔滨,道里,哈药路,2003,小高层,建国南二道街11-15号(单号),126.5987218,45.74814831,1.0,20.0,,356,公寓住宅,民用,8.1,12,0.0,9308.0,Heilongjiang,Haerbin,Daoli,Heilongjiang-Haerbin
266004,建国北四道街67号小区,哈尔滨,道里,哈药路,1999,小高层,建国北四道街67号,126.5939983,45.74958156,1.0,20.0,,172,公寓住宅,民用,8.2,12,0.0,8734.0,Heilongjiang,Haerbin,Daoli,Heilongjiang-Haerbin
264604,"安正街小区(安正街29号,31号,安丰街85号,87号,安隆街18号,安顺街188-204号(双号))",哈尔滨,道里,中央大街,1992,小高层,"安正街29号,31号,安丰街85号,87号,安隆街18号,安顺街188-204号(双号)",126.60332,45.76501857,1.0,20.0,,599,公寓住宅,民用,8.4,12,0.0,9793.0,Heilongjiang,Haerbin,Daoli,Heilongjiang-Haerbin
264605,"霞曼街小区(霞曼街37号,55号,50号-71号(双号))",哈尔滨,道里,中央大街,1995,小高层,"霞曼街37号,55号,50号-71号(双号)",126.6115063,45.76820869,1.0,20.0,,475,公寓住宅,民用,8.2,12,0.0,11894.0,Heilongjiang,Haerbin,Daoli,Heilongjiang-Haerbin
264606,恒祥凯悦,哈尔滨,道里,中央大街,2011,高层,西头道街2号,126.6148411,45.77530103,1.0,35.0,,247,公寓住宅,民用,8.8,12,0.0,19733.0,Heilongjiang,Haerbin,Daoli,Heilongjiang-Haerbin
264607,都市胜景,哈尔滨,道里,中央大街,2007,高层,东六道街4号,126.6169732,45.77239656,1.0,20.0,,334,公寓住宅,民用,8.5,12,0.0,17048.0,Heilongjiang,Haerbin,Daoli,Heilongjiang-Haerbin
264608,尊荣华府(道里),哈尔滨,道里,中央大街,2005,高层,友谊路425号,126.5922594,45.76570927,1.0,30.0,,271,公寓住宅,民用,8.0,12,0.0,16000.0,Heilongjiang,Haerbin,Daoli,Heilongjiang-Haerbin
264609,新阳路小区(近安广街),哈尔滨,道里,中央大街,1988,小高层,"新阳路187号,安广街78号",126.6074507,45.75553213,1.0,20.0,,486,公寓住宅,民用,8.4,12,0.0,8682.0,Heilongjiang,Haerbin,Daoli,Heilongjiang-Haerbin
264610,红霞街小区(红霞街23号-39号(单号)),哈尔滨,道里,中央大街,1987,小高层,红霞街23号-39号(单号),126.6109443,45.77235285,1.0,20.0,,395,公寓住宅,民用,8.1,12,0.0,7217.0,Heilongjiang,Haerbin,Daoli,Heilongjiang-Haerbin
264611,"买卖街小区(买卖街200-218号(双号),森林街14号)",哈尔滨,道里,中央大街,1984,小高层,"买卖街200-218号(双号),森林街14号",126.6222035,45.77430899,1.0,20.0,,219,公寓住宅,民用,7.8,12,0.0,9966.0,Heilongjiang,Haerbin,Daoli,Heilongjiang-Haerbin
264612,北安街小区(北安街144号-164号(双号)),哈尔滨,道里,中央大街,1991,小高层,北安街144号-164号(双号),126.607327,45.76584568,1.0,20.0,,104,公寓住宅,民用,8.3,12,0.0,15625.0,Heilongjiang,Haerbin,Daoli,Heilongjiang-Haerbin
264613,安丰街55号小区,哈尔滨,道里,中央大街,1991,小高层,安丰街55号,126.6057929,45.76379903,1.0,20.0,,151,公寓住宅,民用,8.2,12,0.0,8057.0,Heilongjiang,Haerbin,Daoli,Heilongjiang-Haerbin
264614,经纬五道街22号小区,哈尔滨,道里,中央大街,1991,小高层,经纬五道街22号,126.6102886,45.76536533,1.0,20.0,,318,公寓住宅,民用,8.7,12,-4.77,17515.0,Heilongjiang,Haerbin,Daoli,Heilongjiang-Haerbin
264615,经纬五道街44号小区,哈尔滨,道里,中央大街,1990,小高层,经纬五道街44号,126.6094128,45.76449569,2.0,20.0,,205,公寓住宅,民用,8.6,12,0.0,17000.0,Heilongjiang,Haerbin,Daoli,Heilongjiang-Haerbin
264616,"安顺街小区(安顺街122-134号(双号),130-1号,安丰街29号,安定街120号)",哈尔滨,道里,中央大街,1998,小高层,"安顺街122-134号(双号),130-1号,安丰街29号,安定街120号",126.6076697,45.76361064,1.0,20.0,,526,公寓住宅,民用,8.3,12,0.0,9407.0,Heilongjiang,Haerbin,Daoli,Heilongjiang-Haerbin
264617,"中医街小区(中医街119号,119-2号,119-3号,119-4号)",哈尔滨,道里,中央大街,1988,小高层,"中医街119号,119-2号,119-3号,119-4号",126.6019617,45.77144039,1.0,20.0,,469,公寓住宅,民用,7.6,12,0.62,6965.0,Heilongjiang,Haerbin,Daoli,Heilongjiang-Haerbin
264618,"东安街小区(东安街2-1号,副50号,10-70号(双号))",哈尔滨,道里,中央大街,1998,小高层,"东安街2-1号,副50号,10-70号(双号)",126.6187621,45.7612508,1.0,20.0,,476,公寓住宅,民用,8.3,12,0.0,9312.0,Heilongjiang,Haerbin,Daoli,Heilongjiang-Haerbin
264619,安隆街72号小区,哈尔滨,道里,中央大街,1990,小高层,安隆街72号,126.6028377,45.76107441,1.0,20.0,,136,公寓住宅,民用,8.3,12,0.0,10966.0,Heilongjiang,Haerbin,Daoli,Heilongjiang-Haerbin
264620,"安静街小区(安静街28号,28-1号)",哈尔滨,道里,中央大街,1995,小高层,"安静街28号,28-1号",126.6096641,45.76067615,1.0,20.0,,176,公寓住宅,民用,8.2,12,0.0,9511.0,Heilongjiang,Haerbin,Daoli,Heilongjiang-Haerbin
264621,"安康街小区(安康街9号,11号,安顺街169号,175号)",哈尔滨,道里,中央大街,1986,小高层,"安康街9号,11号,安顺街169号,175号",126.6056197,45.76535602,1.0,20.0,,506,公寓住宅,民用,8.0,12,-1.48,8792.0,Heilongjiang,Haerbin,Daoli,Heilongjiang-Haerbin
264622,"安国街小区(安国街193号-245号(单号),安发街128号)",哈尔滨,道里,中央大街,1992,小高层,"安国街193号-245号(单号),安发街128号",126.6028616,45.75545104,1.0,20.0,,498,公寓住宅,民用,8.3,12,0.0,8395.0,Heilongjiang,Haerbin,Daoli,Heilongjiang-Haerbin
266014,通达街166号小区,哈尔滨,道里,哈药路,2005,小高层,通达街166号,126.60252,45.74274254,1.0,30.0,,98,公寓住宅,民用,8.2,12,0.0,6833.0,Heilongjiang,Haerbin,Daoli,Heilongjiang-Haerbin
266013,"河阳街小区(河阳街34号-河阳街60号(双号),达道街20号-26号(双号))",哈尔滨,道里,哈药路,2000,小高层,"河阳街34号-河阳街60号(双号),达道街20号-26号(双号)",126.5941773,45.75426878,1.0,30.0,,567,公寓住宅,民用,7.9,12,0.0,9507.0,Heilongjiang,Haerbin,Daoli,Heilongjiang-Haerbin
266012,共乐西头道街56号小区,哈尔滨,道里,哈药路,1992,多层,共乐西头道街56号,126.5927258,45.75042468,1.0,20.0,,63,公寓住宅,民用,7.7,12,0.0,10562.0,Heilongjiang,Haerbin,Daoli,Heilongjiang-Haerbin
266011,"松树街小区(松树街46号,松森街14号)",哈尔滨,道里,哈药路,1993,小高层,"松树街46号,松森街14号",126.5919857,45.74709618,1.0,20.0,,308,公寓住宅,民用,7.6,12,0.0,9346.0,Heilongjiang,Haerbin,Daoli,Heilongjiang-Haerbin
266010,"共乐西头道街小区(建国北四道街18号-34号(双号),共乐西头道街12号-16号(双号))",哈尔滨,道里,哈药路,1993,小高层,"建国北四道街18号-34号(双号),共乐西头道街12号-16号(双号)",126.5949558,45.74952831,1.0,20.0,,356,公寓住宅,民用,7.6,12,-9.41,7022.0,Heilongjiang,Haerbin,Daoli,Heilongjiang-Haerbin
266009,松森街2号小区,哈尔滨,道里,哈药路,1999,小高层,松森街2号,126.591299,45.74737409,1.0,20.0,,0,公寓住宅,民用,8.5,12,0.0,8440.0,Heilongjiang,Haerbin,Daoli,Heilongjiang-Haerbin
266008,"河梁街小区(河梁街70号,72号,河鼓街32号,32-1号)",哈尔滨,道里,哈药路,2007,小高层,"河梁街70号,72号,河鼓街32号,32-1号",126.58627,45.75323222,1.0,30.0,,373,公寓住宅,民用,8.2,12,0.0,10434.0,Heilongjiang,Haerbin,Daoli,Heilongjiang-Haerbin
266007,"河润街小区(河润街2号-24号(双号),河江街58号)",哈尔滨,道里,哈药路,1991,小高层,"河润街2号-24号(双号),河江街58号",126.5940821,45.75193193,1.0,20.0,,513,公寓住宅,民用,7.8,12,0.0,9400.0,Heilongjiang,Haerbin,Daoli,Heilongjiang-Haerbin
266006,建国北六道街小区,哈尔滨,道里,哈药路,1999,多层,"建国北六道街8号,15号",126.5930329,45.75048226,1.0,20.0,,574,公寓住宅,民用,8.1,12,0.2,8475.0,Heilongjiang,Haerbin,Daoli,Heilongjiang-Haerbin
266005,"建国北二道街小区(建国北二道街15-27号(单号),建国北四道街2-12号(双号),共乐西头道街19号,哈药路206号,218号)",哈尔滨,道里,哈药路,1998,小高层,"建国北二道街15-27号(单号),建国北四道街2-12号(双号),共乐西头道街19号,哈药路206号,218号",126.5958291,45.74959525,1.0,20.0,,491,公寓住宅,民用,8.2,12,0.0,8800.0,Heilongjiang,Haerbin,Daoli,Heilongjiang-Haerbin
265972,"买卖街小区(买卖街200-218号(双号),森林街14号)",哈尔滨,道里,地段街,1984,小高层,"买卖街200-218号(双号),森林街14号",126.6222035,45.77430899,1.0,20.0,,219,公寓住宅,民用,7.8,12,0.0,9966.0,Heilongjiang,Haerbin,Daoli,Heilongjiang-Haerbin
265971,红霞街小区(红霞街23号-39号(单号)),哈尔滨,道里,地段街,1987,小高层,红霞街23号-39号(单号),126.6109443,45.77235285,1.0,20.0,,395,公寓住宅,民用,8.1,12,0.0,7217.0,Heilongjiang,Haerbin,Daoli,Heilongjiang-Haerbin
265970,怡心园,哈尔滨,道里,地段街,1996,多层|小高层,地段街222号,126.6194613,45.77644781,1.0,20.0,,282,公寓住宅,民用,8.4,12,0.0,10696.0,Heilongjiang,Haerbin,Daoli,Heilongjiang-Haerbin
265969,保险名苑,哈尔滨,道里,地段街,1999,高层,东六道街4号,126.6174988,45.77250014,1.0,20.0,,180,公寓住宅,民用,7.8,12,0.0,11367.0,Heilongjiang,Haerbin,Daoli,Heilongjiang-Haerbin
264643,聚豪天下,哈尔滨,道里,中央大街,2001,高层,上游街5号,126.6111794,45.77450063,1.0,38.0,,152,公寓住宅,民用,8.5,12,0.0,11160.0,Heilongjiang,Haerbin,Daoli,Heilongjiang-Haerbin
264644,先锋庭院,哈尔滨,道里,中央大街,1997,小高层,安定街123号,126.6022116,45.75730465,1.0,20.0,,643,公寓住宅,民用,7.9,12,0.0,10612.0,Heilongjiang,Haerbin,Daoli,Heilongjiang-Haerbin
264645,中央经典,哈尔滨,道里,中央大街,2010,高层,西五道街37号,126.6142101,45.77298811,1.0,20.0,,180,公寓住宅,民用,8.8,12,0.0,17708.0,Heilongjiang,Haerbin,Daoli,Heilongjiang-Haerbin
264646,北安街小区(北安街66号-96号(双号)),哈尔滨,道里,中央大街,1991,小高层,北安街66号-96号(双号),126.6122559,45.76329436,,20.0,,189,公寓住宅,民用,8.5,12,6.9,8548.0,Heilongjiang,Haerbin,Daoli,Heilongjiang-Haerbin
264647,花浦小区,哈尔滨,道里,中央大街,1999,小高层,友谊路131号,126.6127884,45.77763081,1.0,20.0,,262,公寓住宅,民用,8.2,12,0.0,10588.0,Heilongjiang,Haerbin,Daoli,Heilongjiang-Haerbin
264648,红专小区,哈尔滨,道里,中央大街,1984,高层,"红专街24号-70号(双号),通江街75号",126.6106162,45.77063605,1.0,35.0,,647,公寓住宅,民用,8.2,12,-0.49,10324.0,Heilongjiang,Haerbin,Daoli,Heilongjiang-Haerbin
264649,和谐小区,哈尔滨,道里,中央大街,1989,小高层,哈药路366号,126.5888946,45.75610915,1.0,20.0,,417,公寓住宅,民用,7.6,12,0.0,9965.0,Heilongjiang,Haerbin,Daoli,Heilongjiang-Haerbin
264650,红霞街小区(红霞街8号-78号(双号)),哈尔滨,道里,中央大街,1990,小高层,红霞街8号-78号(双号),126.6123354,45.7722217,1.0,20.0,,410,公寓住宅,民用,7.9,12,0.35,8839.0,Heilongjiang,Haerbin,Daoli,Heilongjiang-Haerbin
264651,"经纬八道街小区(经纬八道街6号-12号(双号),经纬街230号,232号)",哈尔滨,道里,中央大街,1994,小高层,"经纬八道街6号-12号(双号),经纬街230号,232号",126.6064025,45.76798811,1.0,20.0,,237,公寓住宅,民用,8.4,12,-2.67,8330.0,Heilongjiang,Haerbin,Daoli,Heilongjiang-Haerbin
264652,东兴大厦,哈尔滨,道里,中央大街,2001,小高层,西九道街18号,126.6152289,45.77013441,1.0,30.0,,149,公寓住宅,民用,7.8,12,0.0,10400.0,Heilongjiang,Haerbin,Daoli,Heilongjiang-Haerbin
264653,"东风街小区(东风街93号,99号,高谊街26号,30号,36号)",哈尔滨,道里,中央大街,1980,小高层,"东风街93号,99号,高谊街26号,30号,36号",126.6059763,45.76877183,1.0,20.0,,364,公寓住宅,民用,8.3,12,0.0,8211.0,Heilongjiang,Haerbin,Daoli,Heilongjiang-Haerbin
264654,经纬八道街31号小区,哈尔滨,道里,中央大街,1993,小高层,经纬八道街31号,126.6051562,45.76711016,1.0,20.0,,256,公寓住宅,民用,8.0,12,0.0,7647.0,Heilongjiang,Haerbin,Daoli,Heilongjiang-Haerbin
264655,江畔戎庭,哈尔滨,道里,中央大街,2008,高层,通江街197号,126.6068739,45.77603984,1.0,35.0,,815,公寓住宅,民用,8.1,12,0.0,20769.0,Heilongjiang,Haerbin,Daoli,Heilongjiang-Haerbin
264656,花圃大厦,哈尔滨,道里,中央大街,1998,高层,花圃街19-2号,126.6142058,45.77631911,1.0,20.0,,364,公寓住宅,民用,8.5,12,0.0,14090.0,Heilongjiang,Haerbin,Daoli,Heilongjiang-Haerbin
264657,经纬八道街20号小区,哈尔滨,道里,中央大街,1995,小高层,经纬八道街20号,126.6064088,45.76702663,1.0,20.0,,272,公寓住宅,民用,8.2,12,0.0,9425.0,Heilongjiang,Haerbin,Daoli,Heilongjiang-Haerbin
264658,"经纬八道街小区(经纬九道街2-28号(双号),经纬八道街5-19号(单号))",哈尔滨,道里,中央大街,1993,小高层,"经纬九道街2-28号(双号),经纬八道街5-19号(单号)",126.6055952,45.76734088,1.0,20.0,,435,公寓住宅,民用,8.5,12,-0.02,8265.0,Heilongjiang,Haerbin,Daoli,Heilongjiang-Haerbin
264659,"友谊路小区(友谊路290号-312号(双号),280-1号,314-2号)",哈尔滨,道里,中央大街,1989,小高层,"友谊路290号-312号(双号),280-1号,314-2号",126.596599,45.76943604,1.0,20.0,,304,公寓住宅,民用,7.6,12,0.45,9005.0,Heilongjiang,Haerbin,Daoli,Heilongjiang-Haerbin
264660,"中医街小区(中医街105号,107号,152号)",哈尔滨,道里,中央大街,1990,小高层,"中医街105号,107号,152号",126.6053232,45.77224895,1.0,20.0,,645,公寓住宅,民用,7.9,12,0.0,10165.0,Heilongjiang,Haerbin,Daoli,Heilongjiang-Haerbin
264661,"红霞街小区(红霞街107号,107-5号,副107号,117号,119号)",哈尔滨,道里,中央大街,1994,小高层,"红霞街107号,107-5号,副107号,117号,119号",126.6054075,45.77070489,1.0,20.0,,304,公寓住宅,民用,8.0,12,-0.78,8038.0,Heilongjiang,Haerbin,Daoli,Heilongjiang-Haerbin
265955,经纬大厦,哈尔滨,道里,尚志大街,2014,高层,工厂街69号,126.6207285,45.76421754,1.0,30.0,,85,公寓住宅,民用,8.6,12,0.0,10100.0,Heilongjiang,Haerbin,Daoli,Heilongjiang-Haerbin
265954,药四小区,哈尔滨,道里,尚志大街,2001,小高层,上游街53号,126.6064372,45.77310558,1.0,30.0,,88,公寓住宅,民用,8.4,12,0.0,15000.0,Heilongjiang,Haerbin,Daoli,Heilongjiang-Haerbin
265953,上游街小区(上游街副58号-副64号(双号)),哈尔滨,道里,尚志大街,1996,多层,上游街副58号-副64号(双号),126.6095355,45.77352765,1.0,20.0,,132,公寓住宅,民用,7.8,12,0.0,9420.0,Heilongjiang,Haerbin,Daoli,Heilongjiang-Haerbin
265952,"高谊街小区(高谊街47号,49号,84号)",哈尔滨,道里,尚志大街,2000,多层,"高谊街47号,49号,84号",126.6069115,45.77039539,1.0,30.0,,159,公寓住宅,民用,8.1,12,0.0,8875.0,Heilongjiang,Haerbin,Daoli,Heilongjiang-Haerbin
265951,电车街小区(电车街32-62号(双号),哈尔滨,道里,尚志大街,2004,多层,电车街32-62号(双号),126.6204244,45.76280615,1.0,30.0,,156,公寓住宅,民用,8.3,12,0.0,8580.0,Heilongjiang,Haerbin,Daoli,Heilongjiang-Haerbin
265950,一面街10号住宅楼,哈尔滨,道里,尚志大街,1997,多层,一面街,126.6269901,45.76824803,1.0,20.0,,152,公寓住宅,民用,8.0,12,0.0,7500.0,Heilongjiang,Haerbin,Daoli,Heilongjiang-Haerbin
265949,"高谊街小区(高谊街75号,75-2号)",哈尔滨,道里,尚志大街,2000,小高层,"高谊街75号,75-2号",126.6053716,45.77177916,1.0,30.0,,138,公寓住宅,民用,8.1,12,0.0,8600.0,Heilongjiang,Haerbin,Daoli,Heilongjiang-Haerbin
265948,石头道街27号住宅楼,哈尔滨,道里,尚志大街,2003,多层,石头道街27号,126.6247091,45.77054899,1.0,30.0,,64,公寓住宅,民用,8.1,12,0.0,6800.0,Heilongjiang,Haerbin,Daoli,Heilongjiang-Haerbin
265947,西十一道街25号小区,哈尔滨,道里,尚志大街,2017,多层,西十一道街25号,126.6153634,45.76949832,,30.0,,14,公寓住宅,民用,8.1,12,0.0,12500.0,Heilongjiang,Haerbin,Daoli,Heilongjiang-Haerbin
264642,银行小区,哈尔滨,道里,中央大街,1986,小高层,买卖街231号,126.6230522,45.77449965,1.0,20.0,,439,公寓住宅,民用,7.7,12,0.0,7548.0,Heilongjiang,Haerbin,Daoli,Heilongjiang-Haerbin
264703,"买卖街小区(买卖街23-1号,23-2号,27-1号,27-2号)",哈尔滨,道里,中央大街,1998,小高层,"买卖街23-1号,23-2号,27-1号,27-2号",126.6264888,45.76537213,1.0,20.0,,431,公寓住宅,民用,8.4,12,0.0,8200.0,Heilongjiang,Haerbin,Daoli,Heilongjiang-Haerbin
264641,爱国物资公寓,哈尔滨,道里,中央大街,2012,高层,兆麟街10号,126.6212729,45.7636763,1.0,30.0,,93,公寓住宅,民用,8.6,12,0.0,12429.0,Heilongjiang,Haerbin,Daoli,Heilongjiang-Haerbin
264639,马迭尔大厦,哈尔滨,道里,中央大街,2005,高层,西八道街37号,126.6151962,45.77147666,1.0,20.0,,232,公寓住宅,民用,8.0,12,0.0,11515.0,Heilongjiang,Haerbin,Daoli,Heilongjiang-Haerbin
265968,盛达公寓,哈尔滨,道里,地段街,2003,高层,地段街93号,126.6240757,45.76803745,1.0,30.0,,252,公寓住宅,民用,8.2,12,0.0,10864.0,Heilongjiang,Haerbin,Daoli,Heilongjiang-Haerbin
265967,朝阳小区(道里),哈尔滨,道里,地段街,1985,多层,朝阳胡同11号,126.6217761,45.77518852,1.0,20.0,,898,公寓住宅,民用,7.9,12,0.0,10923.0,Heilongjiang,Haerbin,Daoli,Heilongjiang-Haerbin
265966,尚志大街综合楼,哈尔滨,道里,尚志大街,1995,高层,尚志大街76号,126.6179346,45.76543222,1.0,35.0,,0,公寓住宅,民用,8.3,12,0.0,9074.0,Heilongjiang,Haerbin,Daoli,Heilongjiang-Haerbin
265965,"电车街小区(电车街7号,9号)",哈尔滨,道里,尚志大街,1994,小高层,"电车街7号,9号",126.6231721,45.76357699,1.0,20.0,,66,公寓住宅,民用,8.4,12,0.0,8666.0,Heilongjiang,Haerbin,Daoli,Heilongjiang-Haerbin
265964,工厂街31号小区,哈尔滨,道里,尚志大街,2015,小高层,工厂街31号,126.6236088,45.76471782,1.0,30.0,,0,公寓住宅,民用,8.5,12,0.0,7657.0,Heilongjiang,Haerbin,Daoli,Heilongjiang-Haerbin
265963,安顺街129号小区,哈尔滨,道里,尚志大街,2006,小高层,安顺街129号,126.6088218,45.76343722,1.0,30.0,,318,公寓住宅,民用,8.1,12,0.0,8819.0,Heilongjiang,Haerbin,Daoli,Heilongjiang-Haerbin
265962,铭钻家园,哈尔滨,道里,尚志大街,2007,小高层,斜角街34号,126.6203568,45.76429968,1.0,20.0,,0,公寓住宅,民用,8.3,12,0.0,8000.0,Heilongjiang,Haerbin,Daoli,Heilongjiang-Haerbin
265961,"经纬七道街小区(经纬七道街54号,56号)",哈尔滨,道里,尚志大街,2002,小高层,"经纬七道街54号,56号",126.6073125,45.76651689,1.0,30.0,,28,公寓住宅,民用,8.2,12,0.0,10312.0,Heilongjiang,Haerbin,Daoli,Heilongjiang-Haerbin
265960,"安道街小区(安道街66号-70(双号),70-1号)",哈尔滨,道里,尚志大街,1995,小高层,"安道街66号-70(双号),70-1号",126.6100441,45.76351188,1.0,20.0,,122,公寓住宅,民用,7.8,12,0.0,7740.0,Heilongjiang,Haerbin,Daoli,Heilongjiang-Haerbin
265959,安道街小区(安道街78-86号(双号)),哈尔滨,道里,尚志大街,2004,小高层,安道街78-86号(双号),126.6095068,45.76384062,1.0,30.0,,108,公寓住宅,民用,8.1,12,0.0,9800.0,Heilongjiang,Haerbin,Daoli,Heilongjiang-Haerbin
265958,友谊路小区(友谊路158号-168号(双号)),哈尔滨,道里,尚志大街,1991,小高层,友谊路158号-168号(双号),126.6080361,45.77530207,1.0,20.0,,41,公寓住宅,民用,7.8,12,0.0,10584.0,Heilongjiang,Haerbin,Daoli,Heilongjiang-Haerbin
265957,黑龙江日报家属楼,哈尔滨,道里,尚志大街,1998,多层,电车街26号,126.6227527,45.76308585,1.0,20.0,,68,公寓住宅,民用,8.4,12,0.0,6250.0,Heilongjiang,Haerbin,Daoli,Heilongjiang-Haerbin
265956,经纬街81号小区,哈尔滨,道里,尚志大街,2007,低层,经纬街81号,126.6161858,45.76518799,1.0,30.0,,36,公寓住宅,民用,8.4,12,0.0,10100.0,Heilongjiang,Haerbin,Daoli,Heilongjiang-Haerbin
264623,九站街2号-8号,哈尔滨,道里,中央大街,1990,小高层,九站街2号-8号,126.6026702,45.77414956,1.0,20.0,,0,公寓住宅,民用,7.6,12,0.0,10340.0,Heilongjiang,Haerbin,Daoli,Heilongjiang-Haerbin
264624,"安道街小区(安道街60号-64号(双号),安静街1号)",哈尔滨,道里,中央大街,1987,小高层,"安道街60号-64号(双号),安静街1号",126.6106908,45.76337001,1.0,20.0,,203,公寓住宅,民用,8.2,12,0.0,8121.0,Heilongjiang,Haerbin,Daoli,Heilongjiang-Haerbin
264625,尚志大街38号小区,哈尔滨,道里,中央大街,1995,小高层,尚志大街38号,126.618558,45.76356727,1.0,20.0,,638,公寓住宅,民用,8.1,12,0.0,7608.0,Heilongjiang,Haerbin,Daoli,Heilongjiang-Haerbin
264626,"安顺街小区(安化街21号,安道街2-6号(双号),安顺街25号-39号(单号))",哈尔滨,道里,中央大街,1989,多层,"安化街21号,安道街2-6号(双号),安顺街25号-39号(单号)",126.6141519,45.76160772,,20.0,,208,公寓住宅,民用,8.0,12,0.0,8166.0,Heilongjiang,Haerbin,Daoli,Heilongjiang-Haerbin
264627,安化街小区(安化街14-46号(双号)),哈尔滨,道里,中央大街,1990,小高层,安化街14-46号(双号),126.6149735,45.75937331,,20.0,,854,公寓住宅,民用,8.5,12,0.0,10000.0,Heilongjiang,Haerbin,Daoli,Heilongjiang-Haerbin
264628,北安街130号小区,哈尔滨,道里,中央大街,1986,小高层,北安街130号,126.6101332,45.76467175,1.0,20.0,,62,公寓住宅,民用,8.5,12,0.0,9100.0,Heilongjiang,Haerbin,Daoli,Heilongjiang-Haerbin
264629,建国北四道街小区(建国北四道街40-66号(双号)),哈尔滨,道里,中央大街,1998,小高层,建国北四道街40-66号(双号),126.5939791,45.74887198,1.0,20.0,,288,公寓住宅,民用,8.1,12,0.0,9900.0,Heilongjiang,Haerbin,Daoli,Heilongjiang-Haerbin
264630,"安静街小区(安静二胡同9号,安松街20号-34号(双号),安静街27-37(单号))",哈尔滨,道里,中央大街,1989,多层,"安静二胡同9号,安松街20号-34号(双号),安静街27-37(单号)",126.6080087,45.76045577,1.0,20.0,,374,公寓住宅,民用,8.4,12,0.0,9790.0,Heilongjiang,Haerbin,Daoli,Heilongjiang-Haerbin
264631,九江街7号小区,哈尔滨,道里,中央大街,2000,小高层,九江街7号,126.600189,45.77388261,1.0,30.0,,421,公寓住宅,民用,7.9,12,0.0,10000.0,Heilongjiang,Haerbin,Daoli,Heilongjiang-Haerbin
264632,"上游街小区(上游街53号,55号,55-1号,55-2号)",哈尔滨,道里,中央大街,1996,多层,"上游街53号,55号,55-1号,55-2号",126.6056474,45.77325198,1.0,20.0,,214,公寓住宅,民用,8.2,12,0.0,8387.0,Heilongjiang,Haerbin,Daoli,Heilongjiang-Haerbin
264633,经纬360,哈尔滨,道里,中央大街,2010,小高层|高层,工厂街69号,126.6174154,45.7648004,1.0,20.0,,1208,公寓住宅,民用,9.0,12,-0.36,9498.0,Heilongjiang,Haerbin,Daoli,Heilongjiang-Haerbin
264634,安正小区,哈尔滨,道里,中央大街,1988,多层|高层,安正街41号,126.6023407,45.76465251,1.0,20.0,,554,公寓住宅,民用,8.2,12,0.0,9957.0,Heilongjiang,Haerbin,Daoli,Heilongjiang-Haerbin
264635,大安小区,哈尔滨,道里,中央大街,1973,多层,"大安街19号,49号,55号,77号,82号,东风街26号,74号-100号(双号)",126.6087657,45.76892156,1.0,20.0,,756,公寓住宅,民用,8.2,12,-0.27,9166.0,Heilongjiang,Haerbin,Daoli,Heilongjiang-Haerbin
264636,民政厅干休所家属楼,哈尔滨,道里,中央大街,1998,小高层,"经纬十道街21号,经纬十一道街36号,36-1号,38号",126.6019906,45.76734216,1.0,20.0,,200,公寓住宅,民用,7.8,12,0.0,10690.0,Heilongjiang,Haerbin,Daoli,Heilongjiang-Haerbin
264637,高谊街小区(高谊街92号-114号(双号)),哈尔滨,道里,中央大街,1979,小高层,高谊街92号-114号(双号),126.6046732,45.77338706,1.0,20.0,,274,公寓住宅,民用,7.7,12,0.0,10188.0,Heilongjiang,Haerbin,Daoli,Heilongjiang-Haerbin
264638,侨联商住公寓,哈尔滨,道里,中央大街,2012,高层,斜角街6号,126.6210308,45.76422918,1.0,30.0,,168,公寓住宅,民用,8.6,12,0.0,10949.0,Heilongjiang,Haerbin,Daoli,Heilongjiang-Haerbin
264640,工程街69号小区,哈尔滨,道里,中央大街,1983,小高层,工程街69号,126.5973045,45.76874246,1.0,20.0,,128,公寓住宅,民用,7.6,12,0.0,9576.0,Heilongjiang,Haerbin,Daoli,Heilongjiang-Haerbin
264603,"安国街小区(安国街104号,安德街19号,安德街26号)",哈尔滨,道里,中央大街,1992,小高层,"安国街104号,安德街19号,安德街26号",126.6064617,45.76024662,1.0,20.0,,765,公寓住宅,民用,7.9,12,0.0,9045.0,Heilongjiang,Haerbin,Daoli,Heilongjiang-Haerbin
264704,"兴安街小区(兴安街2号,北安街1-7号(单号))",哈尔滨,道里,中央大街,1986,小高层,"兴安街2号,北安街1-7号(单号)",126.616929,45.76221742,1.0,20.0,,245,公寓住宅,民用,8.3,12,0.0,5769.0,Heilongjiang,Haerbin,Daoli,Heilongjiang-Haerbin
265856,"河润街小区(河润街27号,河江街43号)",哈尔滨,道里,公路大桥,1984,多层,"河润街27号,河江街43号",126.5936,45.75354393,1.0,20.0,,208,公寓住宅,民用,7.8,12,0.0,9193.0,Heilongjiang,Haerbin,Daoli,Heilongjiang-Haerbin
265690,安发街45号小区,哈尔滨,道里,安国街,1993,小高层,安发街45号,126.608222,45.75428723,1.0,20.0,,144,公寓住宅,民用,8.0,12,0.0,8068.0,Heilongjiang,Haerbin,Daoli,Heilongjiang-Haerbin
265689,安良街26号小区,哈尔滨,道里,安国街,1988,小高层,安良街26号,126.6104078,45.75946299,1.0,20.0,,96,公寓住宅,民用,7.9,12,0.0,9952.0,Heilongjiang,Haerbin,Daoli,Heilongjiang-Haerbin
266510,爱尚经典,哈尔滨,道里,安发街,2020,小高层,安国街276号,126.6016338,45.75401501,1.0,30.0,,189,公寓住宅,民用,8.4,12,0.0,13888.0,Heilongjiang,Haerbin,Daoli,Heilongjiang-Haerbin
265688,安升街127号小区,哈尔滨,道里,安国街,2002,小高层,安升街127号,126.6032399,45.76060457,1.0,30.0,,168,公寓住宅,民用,8.0,12,0.0,8761.0,Heilongjiang,Haerbin,Daoli,Heilongjiang-Haerbin
265687,安道街67号小区,哈尔滨,道里,安国街,2002,小高层,安道街67号,126.6087083,45.7648615,1.0,30.0,,84,公寓住宅,民用,8.3,12,0.0,7657.0,Heilongjiang,Haerbin,Daoli,Heilongjiang-Haerbin
265686,"安顺街小区(安顺街74号,78号)",哈尔滨,道里,安国街,2006,小高层,"安顺街74号,78号",126.6115641,45.76209421,1.0,30.0,,56,公寓住宅,民用,8.3,12,0.0,10276.0,Heilongjiang,Haerbin,Daoli,Heilongjiang-Haerbin
265685,安松街小区(安松街47号-55号(单号)),哈尔滨,道里,安国街,1991,小高层,安松街47号-55号(单号),126.6072944,45.76086766,1.0,20.0,,96,公寓住宅,民用,8.0,12,0.0,9135.0,Heilongjiang,Haerbin,Daoli,Heilongjiang-Haerbin
265684,安升街79号小区,哈尔滨,道里,安国街,2000,小高层,安升街79号,126.607576,45.75894215,1.0,30.0,,77,公寓住宅,民用,8.1,12,0.0,7966.0,Heilongjiang,Haerbin,Daoli,Heilongjiang-Haerbin
265683,安松街小区(安松街12号-16号(双号)),哈尔滨,道里,安国街,1996,小高层,安松街12号-16号(双号),126.6095476,45.76008327,1.0,20.0,,63,公寓住宅,民用,8.2,12,0.0,9450.0,Heilongjiang,Haerbin,Daoli,Heilongjiang-Haerbin
265682,安达街38号小区,哈尔滨,道里,安国街,2000,小高层,安达街38号,126.6102606,45.75917977,1.0,30.0,,56,公寓住宅,民用,8.4,12,0.0,7942.0,Heilongjiang,Haerbin,Daoli,Heilongjiang-Haerbin
265681,安良街39号小区,哈尔滨,道里,安国街,2000,小高层,安良街39号,126.6098266,45.75961088,1.0,30.0,,150,公寓住宅,民用,8.3,12,0.0,9312.0,Heilongjiang,Haerbin,Daoli,Heilongjiang-Haerbin
265680,"安升街小区(安升街53号,安静街50-56号(双号))",哈尔滨,道里,安国街,1999,小高层,"安升街53号,安静街50-56号(双号)",126.6087917,45.75850038,1.0,20.0,,256,公寓住宅,民用,7.9,12,0.0,8558.0,Heilongjiang,Haerbin,Daoli,Heilongjiang-Haerbin
265679,安良街40号小区,哈尔滨,道里,安国街,2005,小高层,安良街40号,126.6098035,45.75903029,1.0,30.0,,105,公寓住宅,民用,8.1,12,0.0,8400.0,Heilongjiang,Haerbin,Daoli,Heilongjiang-Haerbin
265691,北安街小区(北安街48号-60号(双号)),哈尔滨,道里,安国街,1986,小高层,北安街48号-60号(双号),126.6131283,45.76296485,1.0,20.0,,88,公寓住宅,民用,8.0,12,0.0,8276.0,Heilongjiang,Haerbin,Daoli,Heilongjiang-Haerbin
265678,安宁街46号小区,哈尔滨,道里,安国街,1991,小高层,安宁街46号,126.6118685,45.76111732,1.0,20.0,,56,公寓住宅,民用,7.9,12,0.0,10170.0,Heilongjiang,Haerbin,Daoli,Heilongjiang-Haerbin
265676,安良街8号小区,哈尔滨,道里,安国街,2002,小高层,安良街8号,126.6113102,45.76072274,,30.0,,18,公寓住宅,民用,8.2,12,0.0,9966.0,Heilongjiang,Haerbin,Daoli,Heilongjiang-Haerbin
265675,安宁街75号小区,哈尔滨,道里,安国街,1991,小高层,安宁街75号,126.6119559,45.76121069,1.0,20.0,,84,公寓住宅,民用,7.9,12,0.0,8492.0,Heilongjiang,Haerbin,Daoli,Heilongjiang-Haerbin
265674,"安顺街小区(安顺街60号,64号)",哈尔滨,道里,安国街,2006,小高层,"安顺街60号,64号",126.6123653,45.76189733,1.0,30.0,,42,公寓住宅,民用,8.3,12,0.0,8000.0,Heilongjiang,Haerbin,Daoli,Heilongjiang-Haerbin
265673,安顺街68号小区,哈尔滨,道里,安国街,2006,小高层,安顺街68号,126.6118183,45.76201601,1.0,30.0,,86,公寓住宅,民用,8.2,12,0.0,7533.0,Heilongjiang,Haerbin,Daoli,Heilongjiang-Haerbin
265672,安松街9号小区,哈尔滨,道里,安国街,1991,小高层,安松街9号,126.6108799,45.76014913,1.0,20.0,,64,公寓住宅,民用,8.0,12,0.0,7500.0,Heilongjiang,Haerbin,Daoli,Heilongjiang-Haerbin
265671,安顺街66号小区,哈尔滨,道里,安国街,2006,小高层,安顺街66号,126.6122343,45.76193432,1.0,30.0,,72,公寓住宅,民用,8.2,12,0.0,5609.0,Heilongjiang,Haerbin,Daoli,Heilongjiang-Haerbin
265670,安宁街81号小区,哈尔滨,道里,安国街,1991,小高层,安宁街81号,126.6114576,45.76151232,1.0,20.0,,64,公寓住宅,民用,8.0,12,0.0,8133.0,Heilongjiang,Haerbin,Daoli,Heilongjiang-Haerbin
265669,安宁街副83号小区,哈尔滨,道里,安国街,1991,小高层,安宁街副83号,126.6106808,45.76146989,1.0,20.0,,21,公寓住宅,民用,8.1,12,0.0,8960.0,Heilongjiang,Haerbin,Daoli,Heilongjiang-Haerbin
265668,安宁街95号小区,哈尔滨,道里,安国街,1991,小高层,安宁街95号,126.61004,45.76131669,1.0,20.0,,88,公寓住宅,民用,8.0,12,0.0,8807.0,Heilongjiang,Haerbin,Daoli,Heilongjiang-Haerbin
265667,安宁街58号小区,哈尔滨,道里,安国街,1991,小高层,安宁街58号,126.6115865,45.76108904,1.0,20.0,,72,公寓住宅,民用,8.0,12,0.0,8000.0,Heilongjiang,Haerbin,Daoli,Heilongjiang-Haerbin
265666,安静街22号小区,哈尔滨,道里,安国街,2015,小高层,安静街22号,126.6098084,45.7611844,1.0,30.0,,203,公寓住宅,民用,8.4,12,0.0,8747.0,Heilongjiang,Haerbin,Daoli,Heilongjiang-Haerbin
265665,"安宁街小区(安宁街50号,54号)",哈尔滨,道里,安国街,1991,小高层,"安宁街50号,54号",126.6110353,45.76112388,1.0,20.0,,54,公寓住宅,民用,8.0,12,0.0,9541.0,Heilongjiang,Haerbin,Daoli,Heilongjiang-Haerbin
265664,"安静街小区(安静街38号,40号)",哈尔滨,道里,安国街,2015,小高层,"安静街38号,40号",126.6090318,45.76001027,1.0,30.0,,36,公寓住宅,民用,8.2,12,0.0,8422.0,Heilongjiang,Haerbin,Daoli,Heilongjiang-Haerbin
265677,安升街33号小区,哈尔滨,道里,安国街,2002,小高层,安升街33号,126.6099651,45.75801107,1.0,30.0,,70,公寓住宅,民用,8.1,12,0.0,7320.0,Heilongjiang,Haerbin,Daoli,Heilongjiang-Haerbin
265692,经纬二道街38号小区,哈尔滨,道里,安国街,1987,小高层,经纬二道街38号,126.6145865,45.76341984,1.0,20.0,,78,公寓住宅,民用,8.3,12,0.0,8931.0,Heilongjiang,Haerbin,Daoli,Heilongjiang-Haerbin
265693,"安松街小区(安松街23号,副23号,23-1号)",哈尔滨,道里,安国街,1994,小高层,"安松街23号,副23号,23-1号",126.6098676,45.76029178,1.0,20.0,,272,公寓住宅,民用,8.1,12,0.0,8687.0,Heilongjiang,Haerbin,Daoli,Heilongjiang-Haerbin
265694,经纬七道街小区(经纬七道街5-25(单号)),哈尔滨,道里,安国街,1988,小高层,经纬七道街5-25(单号),126.6062413,45.76640439,1.0,20.0,,371,公寓住宅,民用,7.9,12,0.0,7833.0,Heilongjiang,Haerbin,Daoli,Heilongjiang-Haerbin
265723,哈西民主家园,哈尔滨,道里,丽江路,2017,高层,"顾新路,近西兴江南路",126.5697414,45.71723015,1.0,30.0,,4554,公寓住宅,民用,7.8,12,0.05,9532.0,Heilongjiang,Haerbin,Daoli,Heilongjiang-Haerbin
265722,"乡政街小区(乡政街179号,利民街164号)",哈尔滨,道里,乡政街,1990,多层,"乡政街179号,利民街164号",126.582978,45.7342109,1.0,20.0,,192,公寓住宅,民用,7.6,12,0.0,9238.0,Heilongjiang,Haerbin,Daoli,Heilongjiang-Haerbin
265721,健康乐园,哈尔滨,道里,乡政街,2000,多层|小高层,"乡政街,近埃德蒙顿路",126.5859435,45.73084018,1.0,35.0,,1413,公寓住宅,民用,8.0,12,0.0,8951.0,Heilongjiang,Haerbin,Daoli,Heilongjiang-Haerbin
265720,清河湾小区(E区),哈尔滨,道里,乡政街,2010,小高层|高层,城乡路112号,126.5880767,45.72909329,1.0,32.0,,421,公寓住宅,民用,7.9,12,0.0,9200.0,Heilongjiang,Haerbin,Daoli,Heilongjiang-Haerbin
265719,天合小区,哈尔滨,道里,乡政街,2000,小高层,乡政街90-3号,126.5872637,45.72960635,1.0,40.0,,562,公寓住宅,民用,8.1,12,0.0,8571.0,Heilongjiang,Haerbin,Daoli,Heilongjiang-Haerbin
265718,百合名苑(道里),哈尔滨,道里,乡政街,2000,多层,新华街128号,126.5816172,45.73463107,1.0,20.0,,1262,公寓住宅,民用,7.8,12,0.0,9857.0,Heilongjiang,Haerbin,Daoli,Heilongjiang-Haerbin
265717,天合俊景(B区),哈尔滨,道里,乡政街,2010,多层,天合街26号,126.5883785,45.73079723,1.0,23.0,,990,公寓住宅,民用,8.1,12,-0.26,10889.0,Heilongjiang,Haerbin,Daoli,Heilongjiang-Haerbin
265716,天合俊景(A区),哈尔滨,道里,乡政街,2010,多层,"天合街,近乡政街",126.5878728,45.73126429,1.0,23.0,,1112,公寓住宅,民用,8.0,12,-0.1,10467.0,Heilongjiang,Haerbin,Daoli,Heilongjiang-Haerbin
265715,清河湾小区(C区),哈尔滨,道里,乡政街,2010,高层,城乡路132号,126.5731537,45.72112803,1.0,32.0,,809,公寓住宅,民用,7.7,12,-0.6,8852.0,Heilongjiang,Haerbin,Daoli,Heilongjiang-Haerbin
265714,恒大御府,哈尔滨,道里,乡政街,2019,多层|高层,"乡政街,近顾新路",126.5897901,45.72900354,,32.0,183800.0,1016,公寓住宅,民用,8.4,12,0.0,14668.0,Heilongjiang,Haerbin,Daoli,Heilongjiang-Haerbin
265713,新政家园,哈尔滨,道里,乡政街,2016,高层,"乡政街,近顾新路",126.591483,45.72856404,1.0,30.0,,1097,公寓住宅,民用,8.2,12,1.99,9240.0,Heilongjiang,Haerbin,Daoli,Heilongjiang-Haerbin
265712,清河湾小区(A区),哈尔滨,道里,乡政街,2010,高层,"顾新路,近武威路",126.57461,45.71896364,1.0,32.0,,1037,公寓住宅,民用,7.7,12,-0.28,10156.0,Heilongjiang,Haerbin,Daoli,Heilongjiang-Haerbin
265711,清河湾小区(D区),哈尔滨,道里,乡政街,2010,小高层|高层,天合街64号,126.5861588,45.72809958,1.0,32.0,,1516,公寓住宅,民用,8.0,12,-0.85,9471.0,Heilongjiang,Haerbin,Daoli,Heilongjiang-Haerbin
265710,清河湾小区(B区),哈尔滨,道里,乡政街,2010,高层,顾新路669号,126.5767285,45.72405927,1.0,32.0,,4398,公寓住宅,民用,7.5,12,-0.24,9860.0,Heilongjiang,Haerbin,Daoli,Heilongjiang-Haerbin
265709,安定街小区(安定街48号-54号(双号)),哈尔滨,道里,安国街,1989,多层,安定街48号-54号(双号),126.6052039,45.76199186,1.0,20.0,,568,公寓住宅,民用,8.2,12,0.0,11000.0,Heilongjiang,Haerbin,Daoli,Heilongjiang-Haerbin
265708,安顺街80号小区,哈尔滨,道里,安国街,1984,多层,安顺街80号,126.6113228,45.76214964,1.0,20.0,,120,公寓住宅,民用,8.3,12,0.0,9032.0,Heilongjiang,Haerbin,Daoli,Heilongjiang-Haerbin
265707,安松小区,哈尔滨,道里,安国街,2000,多层,"安康街,近安松街",126.602628,45.76197516,1.0,35.0,,1007,公寓住宅,民用,8.2,12,0.0,8487.0,Heilongjiang,Haerbin,Daoli,Heilongjiang-Haerbin
265706,"安康街小区(安康街88号,102号)",哈尔滨,道里,安国街,1988,多层,"安康街88号,102号",126.6036553,45.76290939,1.0,20.0,,222,公寓住宅,民用,8.1,12,0.0,9112.0,Heilongjiang,Haerbin,Daoli,Heilongjiang-Haerbin
265705,"安宁街小区(安宁街32-40号(双号),安固街12号)",哈尔滨,道里,安国街,1986,多层,"安宁街32-40号(双号),安固街12号",126.612754,45.7604848,1.0,20.0,,409,公寓住宅,民用,8.0,12,0.0,10528.0,Heilongjiang,Haerbin,Daoli,Heilongjiang-Haerbin
265704,广发小区,哈尔滨,道里,安国街,1996,小高层,安广街134号,126.6033742,45.75757431,1.0,20.0,,757,公寓住宅,民用,7.8,12,0.0,9160.0,Heilongjiang,Haerbin,Daoli,Heilongjiang-Haerbin
265703,安国街125号小区,哈尔滨,道里,安国街,1988,小高层,安国街125号,126.6046532,45.75926397,1.0,20.0,,133,公寓住宅,民用,7.9,12,0.0,8655.0,Heilongjiang,Haerbin,Daoli,Heilongjiang-Haerbin
265702,安国街小区(安国街202号-204号(双号)),哈尔滨,道里,安国街,1988,小高层,安国街202号-204号(双号),126.604055,45.75659403,1.0,20.0,,54,公寓住宅,民用,7.6,12,0.0,10148.0,Heilongjiang,Haerbin,Daoli,Heilongjiang-Haerbin
265701,安宁街小区(安宁街120号-122号(双号)),哈尔滨,道里,安国街,1992,小高层,安宁街120号-122号(双号),126.6065691,45.76222984,1.0,20.0,,49,公寓住宅,民用,8.2,12,0.0,9372.0,Heilongjiang,Haerbin,Daoli,Heilongjiang-Haerbin
265700,"安松胡同小区(安松胡同1号,安国街71号)",哈尔滨,道里,安国街,1992,小高层,"安松胡同1号,安国街71号",126.6063964,45.76113933,1.0,20.0,,146,公寓住宅,民用,8.2,12,0.0,9405.0,Heilongjiang,Haerbin,Daoli,Heilongjiang-Haerbin
265699,新阳路81号小区,哈尔滨,道里,安国街,1988,小高层,新阳路81号,126.6104522,45.75882133,1.0,20.0,,188,公寓住宅,民用,7.9,12,0.0,8247.0,Heilongjiang,Haerbin,Daoli,Heilongjiang-Haerbin
265698,安定街小区(安定街147号-165号(单号)),哈尔滨,道里,安国街,1997,多层,安定街147号-165号(单号),126.6018345,45.75596225,1.0,20.0,,269,公寓住宅,民用,8.1,12,0.0,8666.0,Heilongjiang,Haerbin,Daoli,Heilongjiang-Haerbin
265697,"安固街小区(安固街16-42号(双号),安平街29号,37号)",哈尔滨,道里,安国街,1990,小高层,"安固街16-42号(双号),安平街29号,37号",126.612549,45.75960205,1.0,20.0,,514,公寓住宅,民用,8.0,12,0.0,9311.0,Heilongjiang,Haerbin,Daoli,Heilongjiang-Haerbin
265696,"通江街小区(通江街24号,27号)",哈尔滨,道里,安国街,1993,小高层,"通江街24号,27号",126.6105935,45.76812925,1.0,20.0,,240,公寓住宅,民用,8.2,12,0.0,10000.0,Heilongjiang,Haerbin,Daoli,Heilongjiang-Haerbin
265695,安顺街小区(安顺街82号-98号(双号)),哈尔滨,道里,安国街,1985,小高层,安顺街82号-98号(双号),126.6110716,45.76220796,1.0,20.0,,190,公寓住宅,民用,8.1,12,0.0,7591.0,Heilongjiang,Haerbin,Daoli,Heilongjiang-Haerbin
265663,安宁街小区(安宁街80号-114号(双号)),哈尔滨,道里,安国街,2016,小高层,安宁街80号-114号(双号),126.6087354,45.7617342,1.0,30.0,,453,公寓住宅,民用,8.4,12,0.0,7960.0,Heilongjiang,Haerbin,Daoli,Heilongjiang-Haerbin
265725,银泰城(二期),哈尔滨,道里,丽江路,2016,高层,"群力第二大道,近融江路",126.5324851,45.73581086,1.0,30.0,,1396,公寓住宅,民用,7.8,12,0.28,12573.0,Heilongjiang,Haerbin,Daoli,Heilongjiang-Haerbin
265662,安静街21号小区,哈尔滨,道里,安国街,2015,小高层,安静街21号,126.6093205,45.76119872,1.0,30.0,,0,公寓住宅,民用,8.4,12,0.0,8773.0,Heilongjiang,Haerbin,Daoli,Heilongjiang-Haerbin
265660,"正义街小区(正义街48号,52号)",哈尔滨,道里,安国街,2000,小高层,"正义街48号,52号",126.6036912,45.75872564,1.0,30.0,,64,公寓住宅,民用,8.0,12,0.0,7709.0,Heilongjiang,Haerbin,Daoli,Heilongjiang-Haerbin
266540,河曲街2号小区,哈尔滨,道里,安发街,1988,小高层,河曲街2号,126.5884781,45.75311226,1.0,20.0,,140,公寓住宅,民用,7.8,12,0.0,9114.0,Heilongjiang,Haerbin,Daoli,Heilongjiang-Haerbin
266541,"新开街小区(新开街2号-8号(双号),副2号)",哈尔滨,道里,安发街,1986,小高层,"新开街2号-8号(双号),副2号",126.6030009,45.77152666,1.0,20.0,,146,公寓住宅,民用,7.6,12,0.0,9843.0,Heilongjiang,Haerbin,Daoli,Heilongjiang-Haerbin
266542,东风街小区(东风街106号-128号(双号)),哈尔滨,道里,安发街,1981,小高层,东风街106号-128号(双号),126.6108032,45.76976124,1.0,20.0,,196,公寓住宅,民用,8.2,12,0.0,10250.0,Heilongjiang,Haerbin,Daoli,Heilongjiang-Haerbin
266543,安顺街小区(安顺街32号-44号(双号)),哈尔滨,道里,安发街,1995,小高层,安顺街32号-44号(双号),126.6146161,45.76116318,,20.0,,87,公寓住宅,民用,7.7,12,0.0,8177.0,Heilongjiang,Haerbin,Daoli,Heilongjiang-Haerbin
266544,地工街54号小区,哈尔滨,道里,安发街,1994,小高层,地工街54号,126.6172365,45.75165235,1.0,20.0,,200,公寓住宅,民用,8.1,12,0.0,9956.0,Heilongjiang,Haerbin,Daoli,Heilongjiang-Haerbin
266545,霞曼街93号小区,哈尔滨,道里,安发街,1995,小高层,霞曼街93号,126.6092647,45.76762544,1.0,20.0,,25,公寓住宅,民用,8.3,12,0.0,10967.0,Heilongjiang,Haerbin,Daoli,Heilongjiang-Haerbin
266546,"友谊路小区(友谊路194号-200号(双号),高谊街100号,通江胡同11号,19号)",哈尔滨,道里,安发街,1988,小高层,"友谊路194号-200号(双号),高谊街100号,通江胡同11号,19号",126.6037289,45.77406156,1.0,20.0,,245,公寓住宅,民用,7.6,12,0.0,10425.0,Heilongjiang,Haerbin,Daoli,Heilongjiang-Haerbin
266547,"安顺街小区(安顺街79号,安道街58号)",哈尔滨,道里,安发街,1993,小高层,"安顺街79号,安道街58号",126.611264,45.76361053,,20.0,,161,公寓住宅,民用,8.0,12,0.0,8409.0,Heilongjiang,Haerbin,Daoli,Heilongjiang-Haerbin
266548,建河小区,哈尔滨,道里,建国街,1998,小高层,"建河街6-116号(双号),建国街22号,26号",126.6016256,45.75138501,1.0,35.0,,1345,公寓住宅,民用,8.1,12,4.74,9435.0,Heilongjiang,Haerbin,Daoli,Heilongjiang-Haerbin
266549,哈药路237号小区,哈尔滨,道里,建国街,1995,小高层,哈药路237号,126.5975609,45.75038158,,20.0,,178,公寓住宅,民用,8.0,12,-8.2,6980.0,Heilongjiang,Haerbin,Daoli,Heilongjiang-Haerbin
266550,建国南头道街35号小区,哈尔滨,道里,建国街,1993,小高层,建国南头道街35号,126.5963179,45.74738748,1.0,20.0,,144,公寓住宅,民用,8.3,12,0.0,8716.0,Heilongjiang,Haerbin,Daoli,Heilongjiang-Haerbin
266551,建国南二道街小区(建国南二道街11-15号(单号)),哈尔滨,道里,建国街,2003,小高层,建国南二道街11-15号(单号),126.5987218,45.74814831,1.0,20.0,,356,公寓住宅,民用,8.1,12,0.0,9308.0,Heilongjiang,Haerbin,Daoli,Heilongjiang-Haerbin
266552,"松树街小区(松树街8号-10号(双号),松森街1号,松林街1号)",哈尔滨,道里,建国街,1995,小高层,"松树街8号-10号(双号),松森街1号,松林街1号",126.591933,45.74563896,1.0,20.0,,397,公寓住宅,民用,7.7,12,-0.13,8275.0,Heilongjiang,Haerbin,Daoli,Heilongjiang-Haerbin
266539,南安街66号小区,哈尔滨,道里,安发街,1998,小高层,南安街66号,126.6265834,45.76446539,1.0,20.0,,90,公寓住宅,民用,8.3,12,0.0,7419.0,Heilongjiang,Haerbin,Daoli,Heilongjiang-Haerbin
266553,建国北四道街小区(建国北四道街40-66号(双号)),哈尔滨,道里,建国街,1998,小高层,建国北四道街40-66号(双号),126.5939791,45.74887198,1.0,20.0,,288,公寓住宅,民用,8.1,12,0.0,9900.0,Heilongjiang,Haerbin,Daoli,Heilongjiang-Haerbin
266555,南美花园,哈尔滨,道里,建国街,2005,多层,建国街293号,126.5891692,45.74250067,1.0,32.0,,435,公寓住宅,民用,8.1,12,0.0,9409.0,Heilongjiang,Haerbin,Daoli,Heilongjiang-Haerbin
266556,通达馨园小区,哈尔滨,道里,建国街,2004,多层,通达街292号,126.5962527,45.74436765,1.0,26.0,,427,公寓住宅,民用,8.2,12,0.0,8764.0,Heilongjiang,Haerbin,Daoli,Heilongjiang-Haerbin
266557,安定街158号小区,哈尔滨,道里,建国街,1996,小高层,安定街158号,126.602253,45.75591337,1.0,20.0,,249,公寓住宅,民用,8.0,12,-0.43,8486.0,Heilongjiang,Haerbin,Daoli,Heilongjiang-Haerbin
266558,"共乐西头道街小区(建国北四道街18号-34号(双号),共乐西头道街12号-16号(双号))",哈尔滨,道里,建国街,1993,小高层,"建国北四道街18号-34号(双号),共乐西头道街12号-16号(双号)",126.5949558,45.74952831,1.0,20.0,,356,公寓住宅,民用,7.6,12,-9.41,7022.0,Heilongjiang,Haerbin,Daoli,Heilongjiang-Haerbin
266559,安国街247号小区,哈尔滨,道里,建国街,1992,小高层,安国街247号,126.6020155,45.7542669,1.0,20.0,,168,公寓住宅,民用,8.0,12,-2.8,9125.0,Heilongjiang,Haerbin,Daoli,Heilongjiang-Haerbin
266560,阳明小区,哈尔滨,道里,建国街,1995,小高层,安升街13号,126.6007445,45.74915638,1.0,36.0,,430,公寓住宅,民用,8.0,12,0.0,9277.0,Heilongjiang,Haerbin,Daoli,Heilongjiang-Haerbin
266561,建国人和小区,哈尔滨,道里,建国街,2003,多层|高层,共乐西二道街副2-12号(双号),126.5946632,45.74733755,1.0,35.0,,358,公寓住宅,民用,8.0,12,0.0,8980.0,Heilongjiang,Haerbin,Daoli,Heilongjiang-Haerbin
266562,"建国街小区(建国街146-184号(双号),建国南头道街39号)",哈尔滨,道里,建国街,1991,小高层,"建国街146-184号(双号),建国南头道街39号",126.5960442,45.74738697,1.0,20.0,,265,公寓住宅,民用,8.2,12,0.0,9305.0,Heilongjiang,Haerbin,Daoli,Heilongjiang-Haerbin
266563,"安信街小区(安信街10-48号(双号),新阳路267号)",哈尔滨,道里,建国街,1991,小高层,"安信街10-48号(双号),新阳路267号",126.6040583,45.75355783,1.0,30.0,,764,公寓住宅,民用,8.0,12,0.0,8217.0,Heilongjiang,Haerbin,Daoli,Heilongjiang-Haerbin
266564,"建国南三道街小区(建国南三道街1,3,10号)",哈尔滨,道里,建国街,1996,小高层,"建国南三道街1,3,10号",126.6002061,45.74820485,1.0,20.0,,195,公寓住宅,民用,8.0,12,0.0,10126.0,Heilongjiang,Haerbin,Daoli,Heilongjiang-Haerbin
266565,"阳明街小区(阳明街4号-12号(双号),建国街83号)",哈尔滨,道里,建国街,2014,多层,"阳明街4号-12号(双号),建国街83号",126.5989172,45.75133315,1.0,30.0,,158,公寓住宅,民用,8.2,12,0.0,9448.0,Heilongjiang,Haerbin,Daoli,Heilongjiang-Haerbin
266566,"安和街小区(安和街65-91号(单号),148号)",哈尔滨,道里,建国街,1991,小高层,"安和街65-91号(单号),148号",126.6042178,45.75481582,1.0,20.0,,486,公寓住宅,民用,8.2,12,-0.18,8544.0,Heilongjiang,Haerbin,Daoli,Heilongjiang-Haerbin
266567,安发街102号院,哈尔滨,道里,建国街,2004,多层,安发街102号,126.6052819,45.75493244,1.0,30.0,,120,公寓住宅,民用,8.4,12,0.0,8000.0,Heilongjiang,Haerbin,Daoli,Heilongjiang-Haerbin
266554,建国怡园小区,哈尔滨,道里,建国街,2008,多层|小高层,建国街204号,126.5953572,45.74537455,1.0,25.0,,584,公寓住宅,民用,8.1,12,0.0,7661.0,Heilongjiang,Haerbin,Daoli,Heilongjiang-Haerbin
266538,通江胡同11号小区,哈尔滨,道里,安发街,1998,小高层,通江胡同11号,126.6052908,45.77407074,1.0,20.0,,30,公寓住宅,民用,7.3,12,0.0,8600.0,Heilongjiang,Haerbin,Daoli,Heilongjiang-Haerbin
266537,安达街小区(安达街40号-46号(双号)),哈尔滨,道里,安发街,1987,小高层,安达街40号-46号(双号),126.6099457,45.75919835,1.0,20.0,,154,公寓住宅,民用,8.1,12,0.0,7222.0,Heilongjiang,Haerbin,Daoli,Heilongjiang-Haerbin
266536,西十五道街小区(西十五道街34号-56号(双号)),哈尔滨,道里,安发街,1985,小高层,西十五道街34号-56号(双号),126.6161,45.76597994,1.0,20.0,,192,公寓住宅,民用,7.9,12,0.0,11486.0,Heilongjiang,Haerbin,Daoli,Heilongjiang-Haerbin
265659,安升街小区(安升街178号-184号(双号)),哈尔滨,道里,安国街,2002,小高层,安升街178号-184号(双号),126.6035892,45.76002435,1.0,30.0,,168,公寓住宅,民用,8.0,12,0.0,7942.0,Heilongjiang,Haerbin,Daoli,Heilongjiang-Haerbin
265658,安升街小区(安升街166号-170号(双号)),哈尔滨,道里,安国街,2001,小高层,安升街166号-170号(双号),126.6049032,45.7595636,1.0,30.0,,126,公寓住宅,民用,8.0,12,0.0,7160.0,Heilongjiang,Haerbin,Daoli,Heilongjiang-Haerbin
265657,"安国街小区(安国街168号,安广街91号,安国街182号)",哈尔滨,道里,安国街,2015,小高层,安国街168号,126.6049961,45.75790377,1.0,30.0,,344,公寓住宅,民用,8.4,12,0.0,9106.0,Heilongjiang,Haerbin,Daoli,Heilongjiang-Haerbin
265656,安国街169号小区,哈尔滨,道里,安国街,2004,小高层,安国街169号,126.603592,45.75686992,1.0,30.0,,72,公寓住宅,民用,8.0,12,0.0,9000.0,Heilongjiang,Haerbin,Daoli,Heilongjiang-Haerbin
266511,原福胜街7号小区,哈尔滨,道里,安发街,1987,小高层,原福胜街7号,126.6108064,45.74851757,1.0,20.0,,30,公寓住宅,民用,8.2,12,0.0,8000.0,Heilongjiang,Haerbin,Daoli,Heilongjiang-Haerbin
266512,安松街111-1号小区,哈尔滨,道里,安发街,1990,小高层,安松街111号-1号,126.6034138,45.76182169,1.0,20.0,,135,公寓住宅,民用,7.8,12,0.0,8846.0,Heilongjiang,Haerbin,Daoli,Heilongjiang-Haerbin
266513,中央尚座,哈尔滨,道里,安发街,2014,小高层,霞曼街37号,126.6119155,45.76830792,1.0,30.0,,175,公寓住宅,民用,8.2,12,0.0,13600.0,Heilongjiang,Haerbin,Daoli,Heilongjiang-Haerbin
266514,安化街小区(安化街130号-136号(双号)),哈尔滨,道里,安发街,1989,多层,安化街130号-136号(双号),126.6115355,45.75380808,1.0,20.0,,63,公寓住宅,民用,8.0,12,0.0,8877.0,Heilongjiang,Haerbin,Daoli,Heilongjiang-Haerbin
266515,"安静二胡同小区(安静二胡同1号,2号)",哈尔滨,道里,安发街,1984,多层,"安静二胡同1号,2号",126.6091697,45.75933579,1.0,20.0,,184,公寓住宅,民用,7.9,12,0.0,9471.0,Heilongjiang,Haerbin,Daoli,Heilongjiang-Haerbin
266516,"斜角街小区(斜角街13号,17号)",哈尔滨,道里,安发街,1990,小高层,"斜角街13号,17号",126.6201579,45.7648653,1.0,20.0,,154,公寓住宅,民用,8.0,12,0.0,12222.0,Heilongjiang,Haerbin,Daoli,Heilongjiang-Haerbin
266517,前进路7号小区,哈尔滨,道里,安发街,1991,小高层,前进路7号,126.5919183,45.75178175,1.0,20.0,,144,公寓住宅,民用,7.5,12,0.0,9069.0,Heilongjiang,Haerbin,Daoli,Heilongjiang-Haerbin
266518,安良街49号小区,哈尔滨,道里,安发街,1993,多层,安良街49号,126.6093743,45.75907543,,20.0,,126,公寓住宅,民用,8.1,12,0.0,9384.0,Heilongjiang,Haerbin,Daoli,Heilongjiang-Haerbin
266519,安德街小区(安德街50号-54号(双号)),哈尔滨,道里,安发街,1994,小高层,安德街50号-54号(双号),126.6073266,45.75939934,1.0,20.0,,42,公寓住宅,民用,8.3,12,0.0,8500.0,Heilongjiang,Haerbin,Daoli,Heilongjiang-Haerbin
266520,安定街101号小区,哈尔滨,道里,安发街,1994,小高层,安定街101号,126.6031374,45.75851269,1.0,20.0,,160,公寓住宅,民用,7.9,12,0.0,10123.0,Heilongjiang,Haerbin,Daoli,Heilongjiang-Haerbin
266521,中医街115号小区,哈尔滨,道里,安发街,1988,小高层,中医街115号,126.6023309,45.77082982,1.0,20.0,,70,公寓住宅,民用,7.5,12,0.0,10324.0,Heilongjiang,Haerbin,Daoli,Heilongjiang-Haerbin
266522,"安松胡同小区(安松胡同1号,安国街71号)",哈尔滨,道里,安发街,1992,小高层,"安松胡同1号,安国街71号",126.6063964,45.76113933,1.0,20.0,,146,公寓住宅,民用,8.2,12,0.0,9405.0,Heilongjiang,Haerbin,Daoli,Heilongjiang-Haerbin
266523,买卖街45号小区,哈尔滨,道里,安发街,1992,多层,买卖街45号,126.6262326,45.76602872,1.0,20.0,,93,公寓住宅,民用,8.3,12,0.0,8875.0,Heilongjiang,Haerbin,Daoli,Heilongjiang-Haerbin
266524,"西七道街小区(西七道街3号,5号,29号,西六道街12号,18号,22号)",哈尔滨,道里,安发街,1980,小高层,"西七道街3号,5号,29号,西六道街12号,18号,22号",126.615905,45.77209014,1.0,20.0,,142,公寓住宅,民用,7.6,12,0.0,9975.0,Heilongjiang,Haerbin,Daoli,Heilongjiang-Haerbin
266525,红霞街53号小区,哈尔滨,道里,安发街,1985,小高层,红霞街53号,126.6099038,45.77189173,1.0,20.0,,110,公寓住宅,民用,7.7,12,0.0,9511.0,Heilongjiang,Haerbin,Daoli,Heilongjiang-Haerbin
266526,田地街77号小区,哈尔滨,道里,安发街,1998,小高层,田地街77号,126.6228193,45.7667921,1.0,20.0,,308,公寓住宅,民用,7.9,12,0.0,7927.0,Heilongjiang,Haerbin,Daoli,Heilongjiang-Haerbin
266527,安宁街小区(安宁街120号-122号(双号)),哈尔滨,道里,安发街,1992,小高层,安宁街120号-122号(双号),126.6065691,45.76222984,1.0,20.0,,49,公寓住宅,民用,8.2,12,0.0,9372.0,Heilongjiang,Haerbin,Daoli,Heilongjiang-Haerbin
266528,"通江街小区(通江街153号,159号)",哈尔滨,道里,安发街,1993,小高层,"通江街153号,159号",126.6076998,45.77379595,1.0,20.0,,122,公寓住宅,民用,7.7,12,0.0,9857.0,Heilongjiang,Haerbin,Daoli,Heilongjiang-Haerbin
266529,安良街小区(安良街24号-32号(双号)),哈尔滨,道里,安发街,1988,小高层,安良街24号-32号(双号),126.6103036,45.75989672,,20.0,,70,公寓住宅,民用,7.6,12,0.0,9352.0,Heilongjiang,Haerbin,Daoli,Heilongjiang-Haerbin
266530,工厂街21号小区,哈尔滨,道里,安发街,2002,小高层,工厂街21号,126.6255154,45.76471262,1.0,30.0,,113,公寓住宅,民用,8.3,12,0.0,8152.0,Heilongjiang,Haerbin,Daoli,Heilongjiang-Haerbin
266531,"经纬头道街小区(经纬头道街10号,16号,28号)",哈尔滨,道里,安发街,1993,小高层,"经纬头道街10号,16号,28号",126.6170668,45.76391574,1.0,20.0,,63,公寓住宅,民用,8.1,12,0.0,8966.0,Heilongjiang,Haerbin,Daoli,Heilongjiang-Haerbin
266532,红专街163号小区,哈尔滨,道里,安发街,1993,小高层,红专街163号,126.6043226,45.76928416,1.0,20.0,,64,公寓住宅,民用,7.7,12,0.0,9241.0,Heilongjiang,Haerbin,Daoli,Heilongjiang-Haerbin
266533,斜角街小区(斜角街20号-24号(双号)),哈尔滨,道里,安发街,1990,小高层,斜角街20号-24号(双号),126.619334,45.76466701,1.0,20.0,,138,公寓住宅,民用,8.1,12,0.0,11465.0,Heilongjiang,Haerbin,Daoli,Heilongjiang-Haerbin
266534,新阳路小区(新阳路54号-74号(双号)),哈尔滨,道里,安发街,1988,小高层,新阳路54号-74号(双号),126.6109775,45.75843375,1.0,20.0,,233,公寓住宅,民用,7.9,12,0.0,9677.0,Heilongjiang,Haerbin,Daoli,Heilongjiang-Haerbin
266535,建议街小区(建议街28号-34号(双号)),哈尔滨,道里,安发街,2000,小高层,建议街28号-34号(双号),126.5977848,45.74749748,1.0,20.0,,90,公寓住宅,民用,8.0,12,0.0,8800.0,Heilongjiang,Haerbin,Daoli,Heilongjiang-Haerbin
265661,"安松街小区(安松街97号,109号)",哈尔滨,道里,安国街,1991,小高层,"安松街97号,109号 ",126.6040699,45.76163253,1.0,20.0,,132,公寓住宅,民用,7.9,12,0.0,7916.0,Heilongjiang,Haerbin,Daoli,Heilongjiang-Haerbin
265726,汇龙温莎花园,哈尔滨,道里,丽江路,2018,高层,顾新路680号,126.5763482,45.71964932,1.0,30.0,50000.0,530,公寓住宅,民用,7.8,12,-0.69,11691.0,Heilongjiang,Haerbin,Daoli,Heilongjiang-Haerbin
265727,远大都市明珠(北区),哈尔滨,道里,丽江路,2011,高层,丽江路876号,126.5536898,45.71495804,1.0,31.0,,1029,公寓住宅,民用,8.2,12,-0.46,11296.0,Heilongjiang,Haerbin,Daoli,Heilongjiang-Haerbin
265728,迎宾家园(四区),哈尔滨,道里,丽江路,2000,小高层,城乡路96号,126.57854,45.72488234,1.0,30.0,,1245,公寓住宅,民用,7.7,12,-0.67,7514.0,Heilongjiang,Haerbin,Daoli,Heilongjiang-Haerbin
265822,工厂街小区(工厂街113号-115号(单号)),哈尔滨,道里,兆麟街,1992,多层,工厂街113号-115号(单号),126.6175716,45.76352578,1.0,20.0,,146,公寓住宅,民用,8.4,12,0.0,9210.0,Heilongjiang,Haerbin,Daoli,Heilongjiang-Haerbin
265821,工厂街101号小区,哈尔滨,道里,兆麟街,1997,小高层,工厂街101号,126.6185313,45.76357179,1.0,20.0,,136,公寓住宅,民用,8.4,12,0.0,9090.0,Heilongjiang,Haerbin,Daoli,Heilongjiang-Haerbin
265820,嘉泰名宅,哈尔滨,道里,兆麟街,2000,多层|高层,工厂街17号,126.6247853,45.76514717,1.0,40.0,,103,公寓住宅,民用,8.9,12,0.0,11363.0,Heilongjiang,Haerbin,Daoli,Heilongjiang-Haerbin
265819,一面街36号小区,哈尔滨,道里,一面街,1992,小高层,一面街36号,126.6258422,45.7703059,1.0,20.0,,180,公寓住宅,民用,8.2,12,0.0,8265.0,Heilongjiang,Haerbin,Daoli,Heilongjiang-Haerbin
265818,一面街34号小区,哈尔滨,道里,一面街,1992,小高层,一面街34号,126.6258609,45.7702302,1.0,20.0,,238,公寓住宅,民用,7.9,12,0.0,8918.0,Heilongjiang,Haerbin,Daoli,Heilongjiang-Haerbin
265817,光太雅居,哈尔滨,道里,一面街,2009,小高层,森林街23号,126.6230529,45.775355,1.0,30.0,,96,公寓住宅,民用,8.9,12,0.0,10451.0,Heilongjiang,Haerbin,Daoli,Heilongjiang-Haerbin
265816,"一面街小区(森林街2号,一面街82号-88号(双号))",哈尔滨,道里,一面街,1992,多层,"森林街2号,一面街82号-88号(双号)",126.6235772,45.77449793,1.0,20.0,,280,公寓住宅,民用,8.0,12,0.0,8613.0,Heilongjiang,Haerbin,Daoli,Heilongjiang-Haerbin
265815,新华广场,哈尔滨,道里,一面街,1999,小高层,一面街28号,126.6260079,45.76956816,1.0,30.0,,781,公寓住宅,民用,8.4,12,0.0,7816.0,Heilongjiang,Haerbin,Daoli,Heilongjiang-Haerbin
265814,金安美豪国际公寓,哈尔滨,道里,一面街,2008,高层,一面街138号,126.6222307,45.77678904,1.0,40.0,,864,公寓住宅,民用,8.5,12,-0.34,12108.0,Heilongjiang,Haerbin,Daoli,Heilongjiang-Haerbin
265813,鸿祥家园,哈尔滨,道里,城乡路,2009,小高层,金城街,126.5517909,45.70240759,1.0,20.0,,1024,公寓住宅,民用,7.3,12,0.0,5812.0,Heilongjiang,Haerbin,Daoli,Heilongjiang-Haerbin
265812,环卫汽车对家属楼,哈尔滨,道里,城乡路,2014,多层,工农大街160号,126.5570523,45.71865972,1.0,30.0,,16,公寓住宅,民用,7.0,12,0.0,7900.0,Heilongjiang,Haerbin,Daoli,Heilongjiang-Haerbin
265811,空军家属院,哈尔滨,道里,城乡路,2000,小高层,新航路20号,126.5375557,45.67131983,,30.0,,30,公寓住宅,民用,7.3,12,0.0,7300.0,Heilongjiang,Haerbin,Daoli,Heilongjiang-Haerbin
265810,恒祥荣府,哈尔滨,道里,城乡路,2020,小高层|高层|超高层,群力第五大道,126.5336588,45.72533883,,30.0,,544,公寓住宅,民用,7.7,12,0.0,13399.0,Heilongjiang,Haerbin,Daoli,Heilongjiang-Haerbin
265823,碧江名苑,哈尔滨,道里,公路大桥,2006,高层,建国北四道街11号,126.5944969,45.75059646,1.0,20.0,,448,公寓住宅,民用,8.0,12,0.0,9833.0,Heilongjiang,Haerbin,Daoli,Heilongjiang-Haerbin
265809,变压器厂家属区,哈尔滨,道里,城乡路,2000,多层,变兴路2号,126.5477585,45.68803913,,30.0,,30,公寓住宅,民用,6.4,12,0.0,7700.0,Heilongjiang,Haerbin,Daoli,Heilongjiang-Haerbin
265807,城乡路439号小区,哈尔滨,道里,城乡路,2007,小高层,城乡路439号,126.5522023,45.71089498,1.0,30.0,,114,公寓住宅,民用,6.5,12,0.0,8100.0,Heilongjiang,Haerbin,Daoli,Heilongjiang-Haerbin
265806,城乡路小区(城乡路156号-164号(双号)),哈尔滨,道里,城乡路,2007,小高层,城乡路156号-164号(双号),126.5675821,45.71912808,1.0,30.0,,162,公寓住宅,民用,7.6,12,0.0,8100.0,Heilongjiang,Haerbin,Daoli,Heilongjiang-Haerbin
265804,城乡路208号小区,哈尔滨,道里,城乡路,2007,多层,城乡路208号,126.5628532,45.71601481,1.0,30.0,,0,公寓住宅,民用,7.6,12,0.0,6500.0,Heilongjiang,Haerbin,Daoli,Heilongjiang-Haerbin
265802,翡翠城回迁楼,哈尔滨,道里,城乡路,2011,高层,工农大街,126.5669127,45.72239398,1.0,30.0,,0,公寓住宅,民用,7.9,12,0.0,11000.0,Heilongjiang,Haerbin,Daoli,Heilongjiang-Haerbin
265801,科研小区,哈尔滨,道里,城乡路,2007,多层|小高层,金属街5号,126.5558365,45.70705935,1.0,20.0,,959,公寓住宅,民用,7.5,12,0.0,8333.0,Heilongjiang,Haerbin,Daoli,Heilongjiang-Haerbin
265800,迎宾家园(三区),哈尔滨,道里,城乡路,2002,多层,城乡路241号,126.5743918,45.72264262,1.0,30.0,,1123,公寓住宅,民用,7.8,12,0.0,8423.0,Heilongjiang,Haerbin,Daoli,Heilongjiang-Haerbin
265799,塞纳阳光,哈尔滨,道里,城乡路,2015,小高层|高层,机场路21号,126.5445912,45.70544573,1.0,33.0,,910,公寓住宅,民用,7.8,12,0.0,9406.0,Heilongjiang,Haerbin,Daoli,Heilongjiang-Haerbin
265798,迎宾小区一区(道里),哈尔滨,道里,城乡路,2009,多层,城乡路241号,126.5730806,45.72355228,1.0,30.0,,2620,公寓住宅,民用,7.6,12,-0.88,9291.0,Heilongjiang,Haerbin,Daoli,Heilongjiang-Haerbin
265797,海富臻园,哈尔滨,道里,城乡路,1999,高层,"丽江路,近群力第七大道",126.5480264,45.71803494,1.0,35.0,,1791,公寓住宅,民用,8.2,12,0.41,14280.0,Heilongjiang,Haerbin,Daoli,Heilongjiang-Haerbin
265796,"通达街小区(通达街300号,310号)",哈尔滨,道里,大发,1998,小高层,"通达街300号,310号",126.5948052,45.74702353,1.0,20.0,,36,公寓住宅,民用,8.1,12,0.0,9576.0,Heilongjiang,Haerbin,Daoli,Heilongjiang-Haerbin
265795,康安路39号小区,哈尔滨,道里,大发,1996,小高层,康安路39号,126.5992046,45.73530849,1.0,20.0,,96,公寓住宅,民用,7.8,12,0.0,7158.0,Heilongjiang,Haerbin,Daoli,Heilongjiang-Haerbin
265808,工农大街98号小区,哈尔滨,道里,城乡路,1996,小高层,工农大街98号,126.5659932,45.72467969,,20.0,,96,公寓住宅,民用,7.3,12,0.0,8408.0,Heilongjiang,Haerbin,Daoli,Heilongjiang-Haerbin
265824,河梁小区,哈尔滨,道里,公路大桥,2003,多层|小高层,河鼓街28-1号,126.5841406,45.75176903,1.0,38.0,,1654,公寓住宅,民用,8.1,12,0.0,8327.0,Heilongjiang,Haerbin,Daoli,Heilongjiang-Haerbin
265825,华风江畔小区,哈尔滨,道里,公路大桥,2004,多层,河松街17号,126.5823766,45.74771626,1.0,30.0,,519,公寓住宅,民用,8.2,12,0.0,8333.0,Heilongjiang,Haerbin,Daoli,Heilongjiang-Haerbin
265826,河鼓小区,哈尔滨,道里,公路大桥,2001,多层,河鼓街32号,126.5872416,45.75206398,1.0,31.0,,1316,公寓住宅,民用,8.0,12,0.0,7960.0,Heilongjiang,Haerbin,Daoli,Heilongjiang-Haerbin
265855,河松大厦,哈尔滨,道里,公路大桥,1998,高层,河景街145号,126.5744233,45.74975588,1.0,20.0,,144,公寓住宅,民用,7.4,12,0.0,10500.0,Heilongjiang,Haerbin,Daoli,Heilongjiang-Haerbin
265854,"河润街小区(109-2号,95号)",哈尔滨,道里,公路大桥,1991,小高层,"河润街95号,109-2号",126.5892908,45.76010294,1.0,20.0,,332,公寓住宅,民用,7.5,12,0.0,8542.0,Heilongjiang,Haerbin,Daoli,Heilongjiang-Haerbin
265853,河润街79号小区,哈尔滨,道里,公路大桥,2002,多层,河润街79号,126.5904189,45.75817204,1.0,30.0,,138,公寓住宅,民用,7.7,12,0.0,9400.0,Heilongjiang,Haerbin,Daoli,Heilongjiang-Haerbin
265850,"河清街小区(河清街103-3号,111号,河洛街副4-3号)",哈尔滨,道里,公路大桥,2003,多层,"河清街103-3号,111号,河洛街副4-3号",126.5871748,45.7576774,,30.0,,49,公寓住宅,民用,7.6,12,-2.85,8233.0,Heilongjiang,Haerbin,Daoli,Heilongjiang-Haerbin
265849,正阳小区西四街区,哈尔滨,道里,公路大桥,1991,多层,"河清街50号,52号,河曲街47号,47-1号,河洲街21号,23号",126.5876978,45.75650538,1.0,20.0,,539,公寓住宅,民用,8.1,12,0.0,8035.0,Heilongjiang,Haerbin,Daoli,Heilongjiang-Haerbin
265848,"哈药路小区(哈药路417号,425号,439号)",哈尔滨,道里,公路大桥,2002,小高层,"哈药路417号,425号,439号",126.5900758,45.75638663,1.0,30.0,,225,公寓住宅,民用,8.0,12,0.0,9000.0,Heilongjiang,Haerbin,Daoli,Heilongjiang-Haerbin
265847,河洲街27号小区,哈尔滨,道里,公路大桥,2000,多层,河洲街27号,126.5859198,45.75584879,1.0,30.0,,160,公寓住宅,民用,8.0,12,0.0,8200.0,Heilongjiang,Haerbin,Daoli,Heilongjiang-Haerbin
265846,大业小区(道里),哈尔滨,道里,公路大桥,2001,多层,河梁街副76号,126.584334,45.7526577,1.0,20.0,,340,公寓住宅,民用,7.8,12,0.0,8542.0,Heilongjiang,Haerbin,Daoli,Heilongjiang-Haerbin
265845,"河阳街小区(河阳街34号-河阳街60号(双号),达道街20号-26号(双号))",哈尔滨,道里,公路大桥,2000,小高层,"河阳街34号-河阳街60号(双号),达道街20号-26号(双号)",126.5941773,45.75426878,1.0,30.0,,567,公寓住宅,民用,7.9,12,0.0,9507.0,Heilongjiang,Haerbin,Daoli,Heilongjiang-Haerbin
265844,"河清街小区(河清街60号,62号,69号)",哈尔滨,道里,公路大桥,1988,小高层,"河清街60号,62号,69号",126.5877932,45.75678489,1.0,20.0,,321,公寓住宅,民用,7.3,12,0.0,9192.0,Heilongjiang,Haerbin,Daoli,Heilongjiang-Haerbin
265843,"河梁街小区(河梁街70号,72号,河鼓街32号,32-1号)",哈尔滨,道里,公路大桥,2007,小高层,"河梁街70号,72号,河鼓街32号,32-1号",126.58627,45.75323222,1.0,30.0,,373,公寓住宅,民用,8.2,12,0.0,10434.0,Heilongjiang,Haerbin,Daoli,Heilongjiang-Haerbin
265842,地税家园(道里),哈尔滨,道里,公路大桥,2008,高层,友谊路501-1号,126.5914627,45.76522616,1.0,30.0,,83,公寓住宅,民用,8.3,12,0.0,18932.0,Heilongjiang,Haerbin,Daoli,Heilongjiang-Haerbin
265841,花浦小区,哈尔滨,道里,公路大桥,1999,小高层,友谊路131号,126.6127884,45.77763081,1.0,20.0,,262,公寓住宅,民用,8.2,12,0.0,10588.0,Heilongjiang,Haerbin,Daoli,Heilongjiang-Haerbin
265840,丽水华庭,哈尔滨,道里,公路大桥,2004,小高层,友谊路501-2号,126.5909856,45.76414103,,20.0,,48,公寓住宅,民用,8.0,12,0.0,24873.0,Heilongjiang,Haerbin,Daoli,Heilongjiang-Haerbin
265839,"河曲街小区(河曲街52号-66号(双号),河洲街25号,河鼓街31号)",哈尔滨,道里,公路大桥,1994,小高层,"河曲街52号-66号(双号),河洲街25号,河鼓街31号",126.5860811,45.75653404,1.0,20.0,,400,公寓住宅,民用,7.8,12,0.0,8140.0,Heilongjiang,Haerbin,Daoli,Heilongjiang-Haerbin
265838,河阳街小区(河阳街6号-26号(双号)),哈尔滨,道里,公路大桥,1988,小高层,河阳街6号-26号(双号),126.5952376,45.75240147,1.0,20.0,,394,公寓住宅,民用,8.2,12,0.0,9687.0,Heilongjiang,Haerbin,Daoli,Heilongjiang-Haerbin
265837,"哈药路小区(哈药路392号,406号,410号)",哈尔滨,道里,公路大桥,1986,小高层,"哈药路392号,406号,410号",126.5887946,45.75695405,1.0,20.0,,208,公寓住宅,民用,7.6,12,0.0,9235.0,Heilongjiang,Haerbin,Daoli,Heilongjiang-Haerbin
265836,木器厂家属楼,哈尔滨,道里,公路大桥,1986,小高层,"河鼓街62号,河鼓街60号",126.5847839,45.75422112,1.0,20.0,,840,公寓住宅,民用,7.4,12,0.0,8123.0,Heilongjiang,Haerbin,Daoli,Heilongjiang-Haerbin
265835,"河曲街小区(河曲街6号-22号(双号),河鼓街1号-5号(单号))",哈尔滨,道里,公路大桥,1988,小高层,"河曲街6号-22号(双号),河鼓街1号-5号(单号)",126.5881092,45.75331751,1.0,20.0,,525,公寓住宅,民用,7.5,12,0.0,8980.0,Heilongjiang,Haerbin,Daoli,Heilongjiang-Haerbin
265834,"河润街小区(河润街71号,71-1号,85号,89号)",哈尔滨,道里,公路大桥,1985,低层,"河润街71号,71-1号,85号,89号",126.590325,45.75867664,1.0,20.0,,388,公寓住宅,民用,7.4,12,0.0,9278.0,Heilongjiang,Haerbin,Daoli,Heilongjiang-Haerbin
265833,"阳明街59号,71号小区",哈尔滨,道里,公路大桥,1996,小高层,"阳明街59号,71号",126.5957276,45.754925,1.0,20.0,,197,公寓住宅,民用,8.0,12,0.0,7633.0,Heilongjiang,Haerbin,Daoli,Heilongjiang-Haerbin
265832,河清街4号小区,哈尔滨,道里,公路大桥,1990,多层,河清街4号,126.5902284,45.75293062,1.0,20.0,,293,公寓住宅,民用,8.1,12,0.0,10620.0,Heilongjiang,Haerbin,Daoli,Heilongjiang-Haerbin
265831,临江花园,哈尔滨,道里,公路大桥,2006,多层|高层,河鼓街47号,126.5844901,45.75583348,,35.0,,262,公寓住宅,民用,8.1,12,0.0,8984.0,Heilongjiang,Haerbin,Daoli,Heilongjiang-Haerbin
265830,河润街小区(河润街96号-126号(双号)),哈尔滨,道里,公路大桥,1988,小高层,河润街96号-126号(双号),126.5911083,45.75657089,1.0,20.0,,436,公寓住宅,民用,7.6,12,0.6,8822.0,Heilongjiang,Haerbin,Daoli,Heilongjiang-Haerbin
265829,正阳小区西五街区,哈尔滨,道里,公路大桥,1986,小高层,"河梁街15号,河清街22号,河曲街23号,35号,河洲街22号,26号",126.5878038,45.75543325,1.0,20.0,,729,公寓住宅,民用,7.5,12,-0.44,8232.0,Heilongjiang,Haerbin,Daoli,Heilongjiang-Haerbin
265828,瑞江观景花园,哈尔滨,道里,公路大桥,2005,多层|高层,河梁街86号,126.5815875,45.75150238,1.0,20.0,,630,公寓住宅,民用,8.0,12,0.0,7473.0,Heilongjiang,Haerbin,Daoli,Heilongjiang-Haerbin
265827,河政花园(B区),哈尔滨,道里,公路大桥,2004,多层,河政街72号,126.5855836,45.75071588,1.0,10.0,,898,公寓住宅,民用,7.8,12,-0.49,9969.0,Heilongjiang,Haerbin,Daoli,Heilongjiang-Haerbin
265794,民庆商住综合楼,哈尔滨,道里,大发,2006,小高层,新阳路472号,126.5977759,45.74339153,,30.0,,88,公寓住宅,民用,7.7,12,0.0,8448.0,Heilongjiang,Haerbin,Daoli,Heilongjiang-Haerbin
265793,"共和街小区(共和街2-6号(双号),哈药路4号,民安街25号)",哈尔滨,道里,大发,2000,小高层,"共和街2-6号(双号),哈药路4号,民安街25号",126.6055458,45.74610138,,30.0,,193,公寓住宅,民用,7.8,12,0.0,8536.0,Heilongjiang,Haerbin,Daoli,Heilongjiang-Haerbin
265792,商业设计院家属楼,哈尔滨,道里,大发,1991,小高层,民众街42号-64号(双号),126.6010619,45.73604414,1.0,20.0,,128,公寓住宅,民用,8.1,12,0.0,8500.0,Heilongjiang,Haerbin,Daoli,Heilongjiang-Haerbin
265791,中医院家属楼(道里),哈尔滨,道里,大发,1997,小高层,建国街副270号,126.5905769,45.74162934,1.0,20.0,,182,公寓住宅,民用,7.7,12,0.0,7217.0,Heilongjiang,Haerbin,Daoli,Heilongjiang-Haerbin
265758,友谊路9号小区,哈尔滨,道里,友谊路,2000,多层|小高层,友谊路9号,126.6208452,45.77850219,1.0,20.0,,384,公寓住宅,民用,8.0,12,0.0,9833.0,Heilongjiang,Haerbin,Daoli,Heilongjiang-Haerbin
265757,滨江花园,哈尔滨,道里,友谊路,1998,高层,斯大林街40号,126.6077676,45.77650958,1.0,20.0,,579,公寓住宅,民用,7.8,12,0.0,13409.0,Heilongjiang,Haerbin,Daoli,Heilongjiang-Haerbin
265756,"友谊路小区(友谊路316号-368号(双号),工程街83-3号)",哈尔滨,道里,友谊路,1989,小高层,"友谊路316号-368号(双号),工程街83-3号",126.5958311,45.76844301,1.0,20.0,,533,公寓住宅,民用,7.7,12,-0.31,9259.0,Heilongjiang,Haerbin,Daoli,Heilongjiang-Haerbin
265755,"井街胡同小区(尚志胡同25号,35号,井街胡同2-44号(双号),5号,友谊路89号)",哈尔滨,道里,友谊路,1986,小高层,"尚志胡同25号,35号,井街胡同2-44号(双号),5号,友谊路89号",126.6144546,45.7783665,1.0,20.0,,1097,公寓住宅,民用,7.5,12,-1.77,9391.0,Heilongjiang,Haerbin,Daoli,Heilongjiang-Haerbin
265754,巡船小区(南区),哈尔滨,道里,友谊路,1999,小高层,江桥胡同18号,126.6206929,45.77966858,1.0,30.0,,676,公寓住宅,民用,7.9,12,0.0,11571.0,Heilongjiang,Haerbin,Daoli,Heilongjiang-Haerbin
265753,巡船小区(北区),哈尔滨,道里,友谊路,1999,小高层,巡船胡同9号,126.6199453,45.78024259,1.0,20.0,,534,公寓住宅,民用,7.9,12,0.0,10860.0,Heilongjiang,Haerbin,Daoli,Heilongjiang-Haerbin
265752,井街小区,哈尔滨,道里,友谊路,1995,小高层,井街,126.6174027,45.77823318,1.0,20.0,,401,公寓住宅,民用,8.0,12,5.53,10878.0,Heilongjiang,Haerbin,Daoli,Heilongjiang-Haerbin
265751,尚志小区,哈尔滨,道里,友谊路,1985,小高层,尚志胡同15号,126.6153168,45.77827491,1.0,20.0,,419,公寓住宅,民用,8.0,12,0.0,10327.0,Heilongjiang,Haerbin,Daoli,Heilongjiang-Haerbin
265750,太阳居,哈尔滨,道里,友谊路,2000,高层,井街50号,126.6155691,45.77987121,1.0,20.0,,224,公寓住宅,民用,7.9,12,0.0,15590.0,Heilongjiang,Haerbin,Daoli,Heilongjiang-Haerbin
265748,松花江尚,哈尔滨,道里,友谊路,2013,多层|高层|超高层,井街33号,126.6171613,45.77910714,1.0,20.0,72709.0,492,公寓住宅,民用,8.2,12,0.0,18388.0,Heilongjiang,Haerbin,Daoli,Heilongjiang-Haerbin
265747,哈齿宿舍,哈尔滨,道里,丽江路,1991,小高层,城乡路427号,126.5551652,45.71206166,1.0,20.0,,780,公寓住宅,民用,7.5,12,0.0,6977.0,Heilongjiang,Haerbin,Daoli,Heilongjiang-Haerbin
265746,印刷机家属楼,哈尔滨,道里,丽江路,1985,多层,城乡路391号,126.561819,45.71774555,1.0,25.0,,328,公寓住宅,民用,7.6,12,0.0,7000.0,Heilongjiang,Haerbin,Daoli,Heilongjiang-Haerbin
265745,汇智东方悦,哈尔滨,道里,丽江路,2021,高层,金属街1号,126.5546412,45.70970725,,30.0,,1152,公寓住宅,民用,8.0,12,0.0,13444.0,Heilongjiang,Haerbin,Daoli,Heilongjiang-Haerbin
265744,恒祥枫丹郡,哈尔滨,道里,丽江路,2019,高层,朗江路,126.526563,45.72228232,1.0,40.0,,620,公寓住宅,民用,7.9,12,0.0,14468.0,Heilongjiang,Haerbin,Daoli,Heilongjiang-Haerbin
265743,变电所家属楼,哈尔滨,道里,丽江路,1998,高层,机场路206号,126.5278487,45.69084084,1.0,20.0,,86,公寓住宅,民用,6.6,12,0.0,7300.0,Heilongjiang,Haerbin,Daoli,Heilongjiang-Haerbin
265742,边防嘉园,哈尔滨,道里,丽江路,2018,多层|小高层,三环路,126.5274135,45.71338446,,30.0,,30,公寓住宅,民用,7.2,12,0.0,10600.0,Heilongjiang,Haerbin,Daoli,Heilongjiang-Haerbin
265741,恒祥荣府,哈尔滨,道里,丽江路,2020,小高层|高层|超高层,群力第五大道,126.5336588,45.72533883,,30.0,,544,公寓住宅,民用,7.7,12,0.0,13399.0,Heilongjiang,Haerbin,Daoli,Heilongjiang-Haerbin
265740,中海天誉,哈尔滨,道里,丽江路,2022,高层,阳明滩大道辅路,126.5246368,45.7079788,,30.0,,494,公寓住宅,民用,7.4,12,0.0,15348.0,Heilongjiang,Haerbin,Daoli,Heilongjiang-Haerbin
265737,保利外滩7号,哈尔滨,道里,丽江路,2020,低层,"朗江路,近友谊西路",126.5230918,45.74284861,,50.0,,0,别墅,民用,7.6,12,0.0,20703.0,Heilongjiang,Haerbin,Daoli,Heilongjiang-Haerbin
265736,武警家属楼,哈尔滨,道里,丽江路,2012,小高层,机场路11号,126.5560584,45.71793441,1.0,30.0,,510,公寓住宅,民用,8.2,12,0.0,10283.0,Heilongjiang,Haerbin,Daoli,Heilongjiang-Haerbin
265735,桐楠格万科公园大道,哈尔滨,道里,丽江路,2021,高层,四方台大道,126.5464692,45.71418449,,30.5,,788,公寓住宅,民用,8.1,12,0.0,13977.0,Heilongjiang,Haerbin,Daoli,Heilongjiang-Haerbin
265733,绿地中央广场,哈尔滨,道里,丽江路,2019,高层,"龙湖路,近融江路",126.5330778,45.70298098,,34.0,494130.0,1963,公寓住宅,民用,7.7,12,0.0,11159.0,Heilongjiang,Haerbin,Daoli,Heilongjiang-Haerbin
265732,凯利悦,哈尔滨,道里,丽江路,2020,多层,"阳明滩大道,近天山路",126.5280769,45.69768566,1.0,38.0,,2232,公寓住宅,民用,7.6,12,0.0,7693.0,Heilongjiang,Haerbin,Daoli,Heilongjiang-Haerbin
265731,宜居家园(三期),哈尔滨,道里,丽江路,2007,小高层,"四方台大道,近阳明滩大道",126.5236122,45.71548162,1.0,30.0,,1050,公寓住宅,民用,7.4,12,-0.17,8345.0,Heilongjiang,Haerbin,Daoli,Heilongjiang-Haerbin
265730,保利城(五期),哈尔滨,道里,丽江路,2000,高层,"群力第一大道,近朗江路",126.5245515,45.7389929,,30.0,,1042,公寓住宅,民用,7.6,12,-0.22,14792.0,Heilongjiang,Haerbin,Daoli,Heilongjiang-Haerbin
265729,博尚雅居,哈尔滨,道里,丽江路,2016,高层,工农大街副96号,126.5679036,45.72566644,1.0,20.0,,583,公寓住宅,民用,7.6,12,0.0,10642.0,Heilongjiang,Haerbin,Daoli,Heilongjiang-Haerbin
265759,友谊物业小区,哈尔滨,道里,友谊路,1985,多层|高层,通江街173号,126.6079602,45.7749569,1.0,20.0,,881,公寓住宅,民用,7.8,12,0.0,11683.0,Heilongjiang,Haerbin,Daoli,Heilongjiang-Haerbin
265857,正阳小区,哈尔滨,道里,公路大桥,1995,多层|小高层,河润街132号,126.5890173,45.75885583,1.0,35.0,,459,公寓住宅,民用,7.8,12,0.0,11586.0,Heilongjiang,Haerbin,Daoli,Heilongjiang-Haerbin
265760,友谊路小区(友谊路334号-390号(双号)),哈尔滨,道里,友谊路,2000,多层,友谊路334号-390号(双号),126.5946911,45.76724726,,30.0,,484,公寓住宅,民用,7.6,12,0.0,22000.0,Heilongjiang,Haerbin,Daoli,Heilongjiang-Haerbin
265762,宝融上元府邸,哈尔滨,道里,康安路,2016,多层|高层,建国街272-282号,126.5909434,45.74108406,1.0,43.0,,247,公寓住宅,民用,8.5,12,0.0,10263.0,Heilongjiang,Haerbin,Daoli,Heilongjiang-Haerbin
265790,融创星美御,哈尔滨,道里,大发,Apr-22,高层,"埃德蒙顿路,近康安二道街",126.5894754,45.73614247,,30.0,,1,公寓住宅,民用,8.3,12,0.0,12000.0,Heilongjiang,Haerbin,Daoli,Heilongjiang-Haerbin
265789,南头道街21号小区,哈尔滨,道里,大发,2001,多层,南头道街21号,126.5921083,45.7384364,,30.0,,56,公寓住宅,民用,7.7,12,0.0,7000.0,Heilongjiang,Haerbin,Daoli,Heilongjiang-Haerbin
265788,宝宇凯旋城(二期),哈尔滨,道里,大发,2006,高层,建议街2号,126.5996719,45.74645444,1.0,31.0,,436,公寓住宅,民用,8.6,12,0.0,11347.0,Heilongjiang,Haerbin,Daoli,Heilongjiang-Haerbin
265787,"通达街小区(通达街238-2号,238-3号,238-4号,238-5号)",哈尔滨,道里,大发,1990,多层,"通达街小区(通达街238-2号,238-3号,238-4号,238-5号)",126.5996408,45.74353164,,20.0,,355,公寓住宅,民用,8.2,12,0.0,7307.0,Heilongjiang,Haerbin,Daoli,Heilongjiang-Haerbin
265786,民安街211号小区,哈尔滨,道里,大发,1996,小高层,民安街211号,126.6030939,45.74259623,,20.0,,175,公寓住宅,民用,7.7,12,0.0,9676.0,Heilongjiang,Haerbin,Daoli,Heilongjiang-Haerbin
265785,哈理工住宅楼北区,哈尔滨,道里,大发,1993,小高层,建国街副272号,126.5914475,45.74048731,1.0,20.0,,321,公寓住宅,民用,7.9,12,0.0,9620.0,Heilongjiang,Haerbin,Daoli,Heilongjiang-Haerbin
265784,通达街小区(通达街188号-228号(双号)),哈尔滨,道里,大发,1998,小高层,通达街188号-228号(双号),126.6018922,45.74309379,1.0,35.0,,188,公寓住宅,民用,8.6,12,-0.08,9316.0,Heilongjiang,Haerbin,Daoli,Heilongjiang-Haerbin
265783,"通顺街小区(通顺街1号,19号)",哈尔滨,道里,大发,2002,小高层,"通顺街1号,19号",126.595254,45.73604916,1.0,30.0,,298,公寓住宅,民用,8.1,12,0.0,10000.0,Heilongjiang,Haerbin,Daoli,Heilongjiang-Haerbin
265782,通顺街小区(通顺街47号-49(单号)),哈尔滨,道里,大发,2002,小高层,通顺街47号-49(单号),126.5897041,45.73446333,1.0,30.0,,273,公寓住宅,民用,7.9,12,0.0,7800.0,Heilongjiang,Haerbin,Daoli,Heilongjiang-Haerbin
265781,"康安路小区(康安路37-1号,37-2号,37-3号,37-5号)",哈尔滨,道里,大发,2008,小高层,"康安路37-1号,37-2号,37-3号,37-5号",126.5997981,45.73527951,1.0,30.0,,244,公寓住宅,民用,8.3,12,0.0,7857.0,Heilongjiang,Haerbin,Daoli,Heilongjiang-Haerbin
265780,"利民街小区(乡里街121号-125号(单号),利民街48号,52号-54号(双号))",哈尔滨,道里,大发,1999,多层,"乡里街121号-125号(单号),利民街48号,52号-54号(双号)",126.5825288,45.73312073,1.0,20.0,,190,公寓住宅,民用,7.8,12,0.0,12560.0,Heilongjiang,Haerbin,Daoli,Heilongjiang-Haerbin
265779,"民众小区(民众街117-121号(单号),康安路65-67号(单号),康安路副65-1-65-8号))",哈尔滨,道里,大发,1999,多层,"民众街117-121号(单号),康安路65-67号(单号),康安路副65-1-65-8号",126.5964944,45.73677111,1.0,20.0,,1403,公寓住宅,民用,8.1,12,0.0,7619.0,Heilongjiang,Haerbin,Daoli,Heilongjiang-Haerbin
266509,新阳路81号小区,哈尔滨,道里,安发街,1988,小高层,新阳路81号,126.6104522,45.75882133,1.0,20.0,,188,公寓住宅,民用,7.9,12,0.0,8247.0,Heilongjiang,Haerbin,Daoli,Heilongjiang-Haerbin
265778,拖拉机厂小区,哈尔滨,道里,大发,1986,小高层,民庆街21-1号,126.6006945,45.74197243,,20.0,,1174,公寓住宅,民用,7.9,12,0.0,9263.0,Heilongjiang,Haerbin,Daoli,Heilongjiang-Haerbin
265777,新大发国际住宅(A区),哈尔滨,道里,大发,2011,多层|高层,康安路22号,126.5955571,45.73432541,1.0,28.0,,979,公寓住宅,民用,8.0,12,-0.03,9615.0,Heilongjiang,Haerbin,Daoli,Heilongjiang-Haerbin
265776,福顺尚景,哈尔滨,道里,大发,2012,高层,顾新街411号,126.5832519,45.72677486,1.0,35.0,187000.0,2069,公寓住宅,民用,8.2,12,0.01,11002.0,Heilongjiang,Haerbin,Daoli,Heilongjiang-Haerbin
265775,松源街小区(松源街20号-24号(双号)),哈尔滨,道里,康安路,1994,小高层,松源街20号-24号(双号),126.5910001,45.74556159,1.0,20.0,,126,公寓住宅,民用,8.0,12,0.0,8552.0,Heilongjiang,Haerbin,Daoli,Heilongjiang-Haerbin
265774,建国街212号小区,哈尔滨,道里,康安路,1995,多层,建国街212号,126.5936688,45.7451622,1.0,20.0,,126,公寓住宅,民用,7.7,12,0.0,8060.0,Heilongjiang,Haerbin,Daoli,Heilongjiang-Haerbin
265773,"建国街小区(建国街265号,269号,281号)",哈尔滨,道里,康安路,1991,多层,"建国街265号,269号,281号",126.5917545,45.74360597,1.0,20.0,,523,公寓住宅,民用,7.7,12,0.0,9160.0,Heilongjiang,Haerbin,Daoli,Heilongjiang-Haerbin
265772,"新阳路小区(新阳路501号,501-1号,501-2号,建国街270-1号,新学路2号)",哈尔滨,道里,康安路,1998,多层,"新阳路501号,501-1号,501-2号,建国街270-1号,新学路2号",126.5937779,45.74017527,1.0,20.0,,0,公寓住宅,民用,7.7,12,0.0,7264.0,Heilongjiang,Haerbin,Daoli,Heilongjiang-Haerbin
265771,康安二道街3号小区,哈尔滨,道里,康安路,2007,小高层,康安二道街3号,126.5882856,45.73804097,1.0,30.0,,0,公寓住宅,民用,7.8,12,0.0,6615.0,Heilongjiang,Haerbin,Daoli,Heilongjiang-Haerbin
265770,南头道街21号小区,哈尔滨,道里,康安路,2001,多层,南头道街21号,126.5921083,45.7384364,,30.0,,56,公寓住宅,民用,7.7,12,0.0,7000.0,Heilongjiang,Haerbin,Daoli,Heilongjiang-Haerbin
265765,利民街1号小区,哈尔滨,道里,康安路,2006,小高层,利民街1号,126.5861336,45.73499967,1.0,30.0,,0,公寓住宅,民用,8.1,12,0.0,9306.0,Heilongjiang,Haerbin,Daoli,Heilongjiang-Haerbin
265763,建国街239号小区,哈尔滨,道里,康安路,1996,小高层,建国街239号,126.5929558,45.74486886,1.0,20.0,,144,公寓住宅,民用,8.2,12,0.0,8904.0,Heilongjiang,Haerbin,Daoli,Heilongjiang-Haerbin
265761,康安家园,哈尔滨,道里,康安路,2003,多层,康安路22号,126.5935389,45.73155816,1.0,20.0,,1447,公寓住宅,民用,7.9,12,2.22,8143.0,Heilongjiang,Haerbin,Daoli,Heilongjiang-Haerbin
266568,新阳路351号小区,哈尔滨,道里,建国街,2002,小高层,新阳路351号,126.6009051,45.74793706,1.0,30.0,,128,公寓住宅,民用,8.3,12,0.0,10000.0,Heilongjiang,Haerbin,Daoli,Heilongjiang-Haerbin
264602,保险名苑,哈尔滨,道里,中央大街,1999,高层,东六道街4号,126.6174988,45.77250014,1.0,20.0,,180,公寓住宅,民用,7.8,12,0.0,11367.0,Heilongjiang,Haerbin,Daoli,Heilongjiang-Haerbin
264600,地段街小区,哈尔滨,道里,中央大街,2000,多层|高层,地段街192号,126.6199065,45.77374483,1.0,35.0,,626,公寓住宅,民用,8.2,12,0.0,12272.0,Heilongjiang,Haerbin,Daoli,Heilongjiang-Haerbin
266334,北安街小区(北安街48号-60号(双号)),哈尔滨,道里,安升街,1986,小高层,北安街48号-60号(双号),126.6131283,45.76296485,1.0,20.0,,88,公寓住宅,民用,8.0,12,0.0,8276.0,Heilongjiang,Haerbin,Daoli,Heilongjiang-Haerbin
266335,经纬二道街38号小区,哈尔滨,道里,安升街,1987,小高层,经纬二道街38号,126.6145865,45.76341984,1.0,20.0,,78,公寓住宅,民用,8.3,12,0.0,8931.0,Heilongjiang,Haerbin,Daoli,Heilongjiang-Haerbin
266336,安顺街小区(安顺街82号-98号(双号)),哈尔滨,道里,安升街,1985,小高层,安顺街82号-98号(双号),126.6110716,45.76220796,1.0,20.0,,190,公寓住宅,民用,8.1,12,0.0,7591.0,Heilongjiang,Haerbin,Daoli,Heilongjiang-Haerbin
266337,新阳路81号小区,哈尔滨,道里,安升街,1988,小高层,新阳路81号,126.6104522,45.75882133,1.0,20.0,,188,公寓住宅,民用,7.9,12,0.0,8247.0,Heilongjiang,Haerbin,Daoli,Heilongjiang-Haerbin
266338,爱尚经典,哈尔滨,道里,安升街,2020,小高层,安国街276号,126.6016338,45.75401501,1.0,30.0,,189,公寓住宅,民用,8.4,12,0.0,13888.0,Heilongjiang,Haerbin,Daoli,Heilongjiang-Haerbin
266339,银都社区,哈尔滨,道里,安升街,1998,多层|小高层,安平街5号,126.6142749,45.76137263,1.0,20.0,,694,公寓住宅,民用,8.3,12,0.0,9354.0,Heilongjiang,Haerbin,Daoli,Heilongjiang-Haerbin
266340,安德街110号小区,哈尔滨,道里,安发街,1996,小高层,安德街110号,126.6062914,45.75717328,1.0,20.0,,441,公寓住宅,民用,8.0,12,-0.22,8863.0,Heilongjiang,Haerbin,Daoli,Heilongjiang-Haerbin
266341,"经纬头道街小区(经纬头道街52号,北安街2-12号(双号))",哈尔滨,道里,安发街,1987,小高层,"经纬头道街52号,北安街2-12号(双号)",126.6157712,45.76153692,1.0,20.0,,290,公寓住宅,民用,8.3,12,0.0,8146.0,Heilongjiang,Haerbin,Daoli,Heilongjiang-Haerbin
266342,尚志小区,哈尔滨,道里,安发街,1985,小高层,尚志胡同15号,126.6153168,45.77827491,1.0,20.0,,419,公寓住宅,民用,8.0,12,0.0,10327.0,Heilongjiang,Haerbin,Daoli,Heilongjiang-Haerbin
266343,"共乐西头道街小区(共乐西头道街13号,哈药路192号,建国北二道街8-16号(双号))",哈尔滨,道里,安发街,1999,多层,"共乐西头道街13号,哈药路192号,建国北二道街8-16号(双号)",126.594297,45.75009829,1.0,20.0,,464,公寓住宅,民用,7.6,12,0.0,8787.0,Heilongjiang,Haerbin,Daoli,Heilongjiang-Haerbin
266344,安德街31号小区,哈尔滨,道里,安发街,1991,小高层,安德街31号,126.6062939,45.75859895,1.0,20.0,,133,公寓住宅,民用,8.3,12,-0.02,8900.0,Heilongjiang,Haerbin,Daoli,Heilongjiang-Haerbin
266345,安固街51-65号小区,哈尔滨,道里,安发街,1990,小高层,安固街51-65号,126.610681,45.75671468,1.0,20.0,,473,公寓住宅,民用,8.3,12,-0.86,9708.0,Heilongjiang,Haerbin,Daoli,Heilongjiang-Haerbin
266346,"安国街小区(安国街104号,安德街19号,安德街26号)",哈尔滨,道里,安发街,1992,小高层,"安国街104号,安德街19号,安德街26号",126.6064617,45.76024662,1.0,20.0,,765,公寓住宅,民用,7.9,12,0.0,9045.0,Heilongjiang,Haerbin,Daoli,Heilongjiang-Haerbin
266333,安发街45号小区,哈尔滨,道里,安升街,1993,小高层,安发街45号,126.608222,45.75428723,1.0,20.0,,144,公寓住宅,民用,8.0,12,0.0,8068.0,Heilongjiang,Haerbin,Daoli,Heilongjiang-Haerbin
266347,"建河二街道小区(建河二街道11号,13号,哈药路207号,小建河街28,36号,建国街50-64号(双号))",哈尔滨,道里,安发街,1995,小高层,"建河二街道11号,13号,哈药路207号,小建河街28,36号,建国街50-64号(双号)",126.5994649,45.75047451,1.0,20.0,,814,公寓住宅,民用,7.6,12,0.0,8230.0,Heilongjiang,Haerbin,Daoli,Heilongjiang-Haerbin
266349,"安升街小区(正义街39号,安升街158号-162号(双号))",哈尔滨,道里,安发街,2000,小高层,"正义街39号,安升街158号-162号(双号)",126.6055368,45.75876777,1.0,30.0,,323,公寓住宅,民用,8.1,12,5.13,8806.0,Heilongjiang,Haerbin,Daoli,Heilongjiang-Haerbin
266350,"安平街小区(安祥街12号-34号(双号),安固街120号,安平街129号,137号)",哈尔滨,道里,安发街,1990,多层,"安祥街12号-34号(双号),安固街120号,安平街129号,137号",126.6103289,45.75383558,1.0,20.0,,545,公寓住宅,民用,7.9,12,0.0,7503.0,Heilongjiang,Haerbin,Daoli,Heilongjiang-Haerbin
266351,安静街78号小区,哈尔滨,道里,安发街,2015,小高层,安静街78号,126.607837,45.75738967,1.0,30.0,,152,公寓住宅,民用,8.3,12,-2.5,7587.0,Heilongjiang,Haerbin,Daoli,Heilongjiang-Haerbin
266352,"安广街小区(新阳路187-1号,安广街78号)",哈尔滨,道里,安发街,2004,小高层,"新阳路187-1号,安广街78号",126.6083864,45.75617709,1.0,30.0,,510,公寓住宅,民用,8.1,12,-0.27,9984.0,Heilongjiang,Haerbin,Daoli,Heilongjiang-Haerbin
266353,"安松街小区(安松街40号,42号)",哈尔滨,道里,安发街,1991,小高层,"安松街40号,42号",126.6071879,45.76057924,1.0,20.0,,63,公寓住宅,民用,8.4,12,0.0,9785.0,Heilongjiang,Haerbin,Daoli,Heilongjiang-Haerbin
266354,"安化街小区(安化街140号,146号,150号,154号)",哈尔滨,道里,安发街,1995,小高层,"安化街140号,146号,150号,154号",126.6112326,45.75343743,1.0,20.0,,133,公寓住宅,民用,8.6,12,0.0,9639.0,Heilongjiang,Haerbin,Daoli,Heilongjiang-Haerbin
266355,安升街小区(安升街36-46号(双号)),哈尔滨,道里,安发街,1993,小高层,安升街36-46号(双号),126.611715,45.7570581,1.0,20.0,,63,公寓住宅,民用,8.0,12,0.0,10327.0,Heilongjiang,Haerbin,Daoli,Heilongjiang-Haerbin
266356,安定街124号小区,哈尔滨,道里,安发街,1997,小高层,安定街124号,126.6042954,45.7544134,1.0,20.0,,156,公寓住宅,民用,8.1,12,0.0,10562.0,Heilongjiang,Haerbin,Daoli,Heilongjiang-Haerbin
266357,"安松街小区(安松街35号,37号)",哈尔滨,道里,安发街,1989,小高层,"安松街35号,37号",126.6082945,45.76063695,1.0,20.0,,232,公寓住宅,民用,8.4,12,0.0,10211.0,Heilongjiang,Haerbin,Daoli,Heilongjiang-Haerbin
266358,"安定街小区(安升街174号,安定街91号-93号(单号))",哈尔滨,道里,安发街,1997,小高层,"安升街174号,安定街91号-93号(单号)",126.6040444,45.76040168,1.0,20.0,,287,公寓住宅,民用,8.3,12,0.0,9160.0,Heilongjiang,Haerbin,Daoli,Heilongjiang-Haerbin
266359,"东安街小区(东安街2-1号,副50号,10-70号(双号))",哈尔滨,道里,安发街,1998,小高层,"东安街2-1号,副50号,10-70号(双号)",126.6187621,45.7612508,1.0,20.0,,476,公寓住宅,民用,8.3,12,0.0,9312.0,Heilongjiang,Haerbin,Daoli,Heilongjiang-Haerbin
266360,安隆街72号小区,哈尔滨,道里,安发街,1990,小高层,安隆街72号,126.6028377,45.76107441,1.0,20.0,,136,公寓住宅,民用,8.3,12,0.0,10966.0,Heilongjiang,Haerbin,Daoli,Heilongjiang-Haerbin
266361,"安静街小区(安静街28号,28-1号)",哈尔滨,道里,安发街,1995,小高层,"安静街28号,28-1号",126.6096641,45.76067615,1.0,20.0,,176,公寓住宅,民用,8.2,12,0.0,9511.0,Heilongjiang,Haerbin,Daoli,Heilongjiang-Haerbin
266348,尊荣华府(道里),哈尔滨,道里,安发街,2005,高层,友谊路425号,126.5922594,45.76570927,1.0,30.0,,271,公寓住宅,民用,8.0,12,0.0,16000.0,Heilongjiang,Haerbin,Daoli,Heilongjiang-Haerbin
266332,抚顺街小区(抚顺街143-173号(单号)),哈尔滨,道里,安升街,2007,小高层,抚顺街143-173号,126.614107,45.75529411,1.0,30.0,,240,公寓住宅,民用,8.1,12,0.0,9476.0,Heilongjiang,Haerbin,Daoli,Heilongjiang-Haerbin
266331,"安化街小区(安发街2-6号(双号),安心街95号,安化街162号)",哈尔滨,道里,安升街,1995,小高层,"安发街2-6号(双号),安心街95号,安化街162号",126.6096519,45.75173424,,20.0,,451,公寓住宅,民用,7.9,12,0.0,9275.0,Heilongjiang,Haerbin,Daoli,Heilongjiang-Haerbin
266330,安心街79号小区,哈尔滨,道里,安升街,1987,小高层,安心街79号,126.6119565,45.75326724,1.0,20.0,,0,公寓住宅,民用,7.9,12,0.0,9503.0,Heilongjiang,Haerbin,Daoli,Heilongjiang-Haerbin
266182,经纬四道街1号小区,哈尔滨,道里,哈一百,1991,小高层,经纬四道街1号,126.6118147,45.76613916,1.0,20.0,,64,公寓住宅,民用,8.6,12,0.0,17187.0,Heilongjiang,Haerbin,Daoli,Heilongjiang-Haerbin
266181,经纬四道街21号小区,哈尔滨,道里,哈一百,1991,小高层,经纬四道街21号,126.6111299,45.76524243,1.0,20.0,,119,公寓住宅,民用,8.5,12,0.0,13483.0,Heilongjiang,Haerbin,Daoli,Heilongjiang-Haerbin
266180,北安街99号小区,哈尔滨,道里,哈一百,1991,小高层,北安街99号,126.6070389,45.76626948,1.0,20.0,,63,公寓住宅,民用,8.8,12,0.0,14153.0,Heilongjiang,Haerbin,Daoli,Heilongjiang-Haerbin
266179,经纬街小区(经纬街214号-224号(双号)),哈尔滨,道里,哈一百,2007,小高层,经纬街214号-224号(双号),126.6081951,45.76749936,1.0,30.0,,96,公寓住宅,民用,8.4,12,0.0,9551.0,Heilongjiang,Haerbin,Daoli,Heilongjiang-Haerbin
266178,"经纬街小区(经纬六道街6号,经纬街196号)",哈尔滨,道里,哈一百,2007,小高层,"经纬六道街6号,经纬街196号",126.6092892,45.76706745,1.0,30.0,,56,公寓住宅,民用,8.9,12,0.0,18752.0,Heilongjiang,Haerbin,Daoli,Heilongjiang-Haerbin
266177,经纬街小区(经纬街174号-194号(双号)),哈尔滨,道里,哈一百,2007,小高层,经纬街174号-194号(双号),126.6100184,45.76682233,1.0,30.0,,170,公寓住宅,民用,8.5,12,0.0,13787.0,Heilongjiang,Haerbin,Daoli,Heilongjiang-Haerbin
266176,经纬六道街15号小区,哈尔滨,道里,哈一百,1991,小高层,经纬六道街15号,126.6083337,45.7665806,1.0,20.0,,142,公寓住宅,民用,8.7,12,0.0,12748.0,Heilongjiang,Haerbin,Daoli,Heilongjiang-Haerbin
266175,西十四道街小区(西十四道街36号-56号(双号)),哈尔滨,道里,哈一百,1991,小高层,西十四道街36号-56号(双号),126.6156336,45.7672066,1.0,20.0,,180,公寓住宅,民用,8.1,12,0.0,10333.0,Heilongjiang,Haerbin,Daoli,Heilongjiang-Haerbin
266174,"警校胡同小区(警校胡同1号,16号-46号(双号))",哈尔滨,道里,哈一百,1995,小高层,"警校胡同1号,16号-46号(双号)",126.6209144,45.76156363,1.0,20.0,,509,公寓住宅,民用,8.3,12,0.0,10500.0,Heilongjiang,Haerbin,Daoli,Heilongjiang-Haerbin
266173,上游街小区(上游街8号-46号(双号)),哈尔滨,道里,哈一百,2000,多层,上游街8号-46号(双号),126.6114731,45.77417079,1.0,30.0,,345,公寓住宅,民用,8.0,12,0.0,10000.0,Heilongjiang,Haerbin,Daoli,Heilongjiang-Haerbin
266172,安丰街小区(安丰街6-42号(双号)),哈尔滨,道里,哈一百,2000,多层,安丰街6-42号(双号),126.6090383,45.76309491,1.0,30.0,,217,公寓住宅,民用,8.3,12,0.0,9114.0,Heilongjiang,Haerbin,Daoli,Heilongjiang-Haerbin
266170,"东风街小区(东风街56号,84号)",哈尔滨,道里,哈一百,1991,小高层,"东风街56号,84号",126.6109093,45.76947961,1.0,20.0,,70,公寓住宅,民用,8.2,12,0.0,9583.0,Heilongjiang,Haerbin,Daoli,Heilongjiang-Haerbin
266169,经纬五道街8号小区,哈尔滨,道里,哈一百,1991,小高层,经纬五道街8号,126.6107806,45.76573359,1.0,20.0,,192,公寓住宅,民用,8.3,12,0.09,16346.0,Heilongjiang,Haerbin,Daoli,Heilongjiang-Haerbin
266168,上游街小区(上游街148号-164号(双号)),哈尔滨,道里,哈一百,2002,多层,上游街148号-164号(双号),126.6089114,45.77233653,1.0,30.0,,208,公寓住宅,民用,8.1,12,0.0,9000.0,Heilongjiang,Haerbin,Daoli,Heilongjiang-Haerbin
266322,安升街33号小区,哈尔滨,道里,安升街,2002,小高层,安升街33号,126.6099651,45.75801107,1.0,30.0,,70,公寓住宅,民用,8.1,12,0.0,7320.0,Heilongjiang,Haerbin,Daoli,Heilongjiang-Haerbin
266323,安良街40号小区,哈尔滨,道里,安升街,2005,小高层,安良街40号,126.6098035,45.75903029,1.0,30.0,,105,公寓住宅,民用,8.1,12,0.0,8400.0,Heilongjiang,Haerbin,Daoli,Heilongjiang-Haerbin
266324,"安升街小区(安升街53号,安静街50-56号(双号))",哈尔滨,道里,安升街,1999,小高层,"安升街53号,安静街50-56号(双号)",126.6087917,45.75850038,1.0,20.0,,256,公寓住宅,民用,7.9,12,0.0,8558.0,Heilongjiang,Haerbin,Daoli,Heilongjiang-Haerbin
266325,安良街39号小区,哈尔滨,道里,安升街,2000,小高层,安良街39号,126.6098266,45.75961088,1.0,30.0,,150,公寓住宅,民用,8.3,12,0.0,9312.0,Heilongjiang,Haerbin,Daoli,Heilongjiang-Haerbin
266326,安达街38号小区,哈尔滨,道里,安升街,2000,小高层,安达街38号,126.6102606,45.75917977,1.0,30.0,,56,公寓住宅,民用,8.4,12,0.0,7942.0,Heilongjiang,Haerbin,Daoli,Heilongjiang-Haerbin
266327,安升街79号小区,哈尔滨,道里,安升街,2000,小高层,安升街79号,126.607576,45.75894215,1.0,30.0,,77,公寓住宅,民用,8.1,12,0.0,7966.0,Heilongjiang,Haerbin,Daoli,Heilongjiang-Haerbin
266328,"安顺街小区(安顺街74号,78号)",哈尔滨,道里,安升街,2006,小高层,"安顺街74号,78号",126.6115641,45.76209421,1.0,30.0,,56,公寓住宅,民用,8.3,12,0.0,10276.0,Heilongjiang,Haerbin,Daoli,Heilongjiang-Haerbin
266329,安道街67号小区,哈尔滨,道里,安升街,2002,小高层,安道街67号,126.6087083,45.7648615,1.0,30.0,,84,公寓住宅,民用,8.3,12,0.0,7657.0,Heilongjiang,Haerbin,Daoli,Heilongjiang-Haerbin
266362,"安康街小区(安康街9号,11号,安顺街169号,175号)",哈尔滨,道里,安发街,1986,小高层,"安康街9号,11号,安顺街169号,175号",126.6056197,45.76535602,1.0,20.0,,506,公寓住宅,民用,8.0,12,-1.48,8792.0,Heilongjiang,Haerbin,Daoli,Heilongjiang-Haerbin
266363,九站街2号-8号,哈尔滨,道里,安发街,1990,小高层,九站街2号-8号,126.6026702,45.77414956,1.0,20.0,,0,公寓住宅,民用,7.6,12,0.0,10340.0,Heilongjiang,Haerbin,Daoli,Heilongjiang-Haerbin
266365,"河曲街小区(河曲街6号-22号(双号),河鼓街1号-5号(单号))",哈尔滨,道里,安发街,1988,小高层,"河曲街6号-22号(双号),河鼓街1号-5号(单号)",126.5881092,45.75331751,1.0,20.0,,525,公寓住宅,民用,7.5,12,0.0,8980.0,Heilongjiang,Haerbin,Daoli,Heilongjiang-Haerbin
266399,"安静街小区(安静街17号,安丰街2号-4号(双号),安丰街30号,安宁街105号,113号)",哈尔滨,道里,安发街,1995,多层,"安静街17号,安丰街2号-4号(双号),安丰街30号,安宁街105号,113号",126.6089394,45.76226516,1.0,20.0,,547,公寓住宅,民用,8.0,12,0.0,8652.0,Heilongjiang,Haerbin,Daoli,Heilongjiang-Haerbin
266400,共乐西二道街小区(共乐西二道街16-30号(双号)),哈尔滨,道里,安发街,1994,多层,共乐西二道街16-30号(双号),126.5941831,45.7483998,1.0,20.0,,454,公寓住宅,民用,7.7,12,0.0,8518.0,Heilongjiang,Haerbin,Daoli,Heilongjiang-Haerbin
266401,九江街小区(九江街4号-26号(双号)),哈尔滨,道里,安发街,1985,小高层,九江街4号-26号(双号),126.5994414,45.77283651,1.0,20.0,,210,公寓住宅,民用,7.6,12,0.0,10888.0,Heilongjiang,Haerbin,Daoli,Heilongjiang-Haerbin
266402,"霁虹街小区(霁虹街77号,79-1号,电车街70-80号(双号))",哈尔滨,道里,安发街,1998,小高层,"霁虹街77号,79-1号,电车街70-80号(双号)",126.6180774,45.76222689,1.0,20.0,,293,公寓住宅,民用,8.1,12,0.0,10560.0,Heilongjiang,Haerbin,Daoli,Heilongjiang-Haerbin
266403,"买卖街小区(买卖街23-1号,23-2号,27-1号,27-2号)",哈尔滨,道里,安发街,1998,小高层,"买卖街23-1号,23-2号,27-1号,27-2号",126.6264888,45.76537213,1.0,20.0,,431,公寓住宅,民用,8.4,12,0.0,8200.0,Heilongjiang,Haerbin,Daoli,Heilongjiang-Haerbin
266404,"兴安街小区(兴安街2号,北安街1-7号(单号))",哈尔滨,道里,安发街,1986,小高层,"兴安街2号,北安街1-7号(单号)",126.616929,45.76221742,1.0,20.0,,245,公寓住宅,民用,8.3,12,0.0,5769.0,Heilongjiang,Haerbin,Daoli,Heilongjiang-Haerbin
266405,"工部街小区(工部街35-1号,41-1号,43号,经纬街336号,工程街106号)",哈尔滨,道里,安发街,1997,小高层,"工部街35-1号,41-1号,43号,经纬街336号,工程街106号",126.5999367,45.76977525,1.0,20.0,,525,公寓住宅,民用,7.6,12,0.0,9411.0,Heilongjiang,Haerbin,Daoli,Heilongjiang-Haerbin
266406,"红霞街小区(红霞街120-1号,114-1号,102号-134号(双号))",哈尔滨,道里,安发街,1983,小高层,"红霞街120-1号,114-1号,102号-134号(双号)",126.6077791,45.77091216,1.0,20.0,,303,公寓住宅,民用,8.0,12,-3.07,7731.0,Heilongjiang,Haerbin,Daoli,Heilongjiang-Haerbin
266407,"工程街小区(工程街18号-44号(双号),新开街17号)",哈尔滨,道里,安发街,1985,小高层,"工程街18号-44号(双号),新开街17号",126.6026485,45.77319379,1.0,20.0,,273,公寓住宅,民用,7.8,12,0.0,8176.0,Heilongjiang,Haerbin,Daoli,Heilongjiang-Haerbin
266408,工程街53号小区,哈尔滨,道里,安发街,1990,小高层,工程街53号,126.5978162,45.76949655,1.0,20.0,,121,公寓住宅,民用,7.5,12,0.0,14647.0,Heilongjiang,Haerbin,Daoli,Heilongjiang-Haerbin
266409,"通江胡同小区(通江胡同1号,友谊路186号)",哈尔滨,道里,安发街,1998,小高层,"通江胡同1号,友谊路186号",126.6061188,45.77433578,1.0,20.0,,135,公寓住宅,民用,8.3,12,0.0,9533.0,Heilongjiang,Haerbin,Daoli,Heilongjiang-Haerbin
266410,"通江街小区(通江街93号,103号)",哈尔滨,道里,安发街,1993,多层,"通江街93号,103号",126.6090368,45.77118649,1.0,20.0,,119,公寓住宅,民用,7.8,12,0.0,7615.0,Heilongjiang,Haerbin,Daoli,Heilongjiang-Haerbin
266411,安定街95号小区,哈尔滨,道里,安发街,1993,小高层,安定街95号,126.6032292,45.75890566,1.0,20.0,,189,公寓住宅,民用,8.6,12,0.0,9558.0,Heilongjiang,Haerbin,Daoli,Heilongjiang-Haerbin
266398,达道街小区(达道街42号-74号(双号)),哈尔滨,道里,安发街,1995,小高层,达道街42号-74号(双号),126.5895162,45.75302179,1.0,20.0,,409,公寓住宅,民用,7.7,12,0.0,9054.0,Heilongjiang,Haerbin,Daoli,Heilongjiang-Haerbin
266167,"西十五道街小区(3号,42号,57号)",哈尔滨,道里,哈一百,1984,多层,"西十五道街3号,42号,57号",126.6177665,45.76642055,1.0,20.0,,313,公寓住宅,民用,8.4,12,0.0,8761.0,Heilongjiang,Haerbin,Daoli,Heilongjiang-Haerbin
266165,"安国街小区(安国街6号,18号,安德街80号,84号)",哈尔滨,道里,哈一百,1990,小高层," 安国街6号,18号,安德街80号,84号",126.6092148,45.76414482,1.0,20.0,,128,公寓住宅,民用,8.3,12,0.0,9054.0,Heilongjiang,Haerbin,Daoli,Heilongjiang-Haerbin
266163,"安宁街小区(安宁街23-1号,23号-25号(单号),安顺街2-8号(双号))",哈尔滨,道里,哈一百,1987,小高层,"安宁街23-1号,23号-25号(单号),安顺街2-8号(双号)",126.615479,45.76057945,1.0,20.0,,208,公寓住宅,民用,7.7,12,0.0,8364.0,Heilongjiang,Haerbin,Daoli,Heilongjiang-Haerbin
266162,工厂街小区(工厂街38号-80号(双号)),哈尔滨,道里,哈一百,1992,小高层,工厂街38号-80号(双号),126.6246029,45.76494864,1.0,20.0,,245,公寓住宅,民用,8.4,12,0.0,8103.0,Heilongjiang,Haerbin,Daoli,Heilongjiang-Haerbin
266161,"买卖街小区(买卖街167号,171-4号,187-4号,197-5号,一面街80-1号,78-2号)",哈尔滨,道里,哈一百,1984,小高层,"买卖街167号,171-4号,187-4号,197-5号,一面街80-1号,78-2号",126.6235241,45.77250471,1.0,20.0,,849,公寓住宅,民用,8.0,12,0.0,9466.0,Heilongjiang,Haerbin,Daoli,Heilongjiang-Haerbin
266160,工厂街小区(工厂街140-160号(双号)),哈尔滨,道里,哈一百,1984,小高层,工厂街140-160号(双号),126.6175791,45.76303738,1.0,20.0,,224,公寓住宅,民用,8.2,12,0.0,8000.0,Heilongjiang,Haerbin,Daoli,Heilongjiang-Haerbin
266159,经纬头道街小区(经纬头道街34-42号(双号)),哈尔滨,道里,哈一百,1990,小高层,经纬头道街34-42号(双号),126.6166261,45.76320161,1.0,20.0,,349,公寓住宅,民用,8.4,12,0.0,7785.0,Heilongjiang,Haerbin,Daoli,Heilongjiang-Haerbin
266158,尚志大街45号小区,哈尔滨,道里,哈一百,1998,多层,尚志大街45号,126.6185378,45.76622335,1.0,20.0,,0,公寓住宅,民用,8.6,12,0.0,8761.0,Heilongjiang,Haerbin,Daoli,Heilongjiang-Haerbin
266157,安松街小区(安松街2-6号(双号)),哈尔滨,道里,哈一百,2000,小高层,安松街2-6号(双号),126.6105907,45.7598518,1.0,30.0,,63,公寓住宅,民用,8.5,12,0.0,10437.0,Heilongjiang,Haerbin,Daoli,Heilongjiang-Haerbin
266156,新阳路51号小区,哈尔滨,道里,哈一百,2000,小高层,新阳路51号,126.6116567,45.76045579,1.0,30.0,,70,公寓住宅,民用,8.5,12,0.0,8352.0,Heilongjiang,Haerbin,Daoli,Heilongjiang-Haerbin
266155,安静街小区(安静街6号-10号(双号)),哈尔滨,道里,哈一百,2015,小高层,安静街6号-10号(双号),126.610396,45.7620621,1.0,30.0,,66,公寓住宅,民用,8.6,12,-0.68,8633.0,Heilongjiang,Haerbin,Daoli,Heilongjiang-Haerbin
266154,安静街小区(安静街12号-20号(双号)),哈尔滨,道里,哈一百,2015,小高层,安静街12号-20号(双号),126.6103166,45.76203796,1.0,30.0,,156,公寓住宅,民用,8.6,12,-4.62,7397.0,Heilongjiang,Haerbin,Daoli,Heilongjiang-Haerbin
266153,"地段街小区(地段街167号,173号)",哈尔滨,道里,哈一百,1996,多层,"地段街167号,173号",126.6208149,45.77303224,1.0,30.0,,170,公寓住宅,民用,8.2,12,0.0,9764.0,Heilongjiang,Haerbin,Daoli,Heilongjiang-Haerbin
266166,"中医街小区(中医街25号-77号(单号),通江街147号)",哈尔滨,道里,哈一百,1991,小高层,"中医街25号-77号(单号),通江街147号",126.6092745,45.77280466,1.0,20.0,,478,公寓住宅,民用,7.7,12,0.0,10270.0,Heilongjiang,Haerbin,Daoli,Heilongjiang-Haerbin
266397,经纬三道街44号小区,哈尔滨,道里,安发街,1997,小高层,经纬三道街44号,126.6128756,45.76369323,1.0,20.0,,242,公寓住宅,民用,8.8,12,0.0,9666.0,Heilongjiang,Haerbin,Daoli,Heilongjiang-Haerbin
266396,安国街247号小区,哈尔滨,道里,安发街,1992,小高层,安国街247号,126.6020155,45.7542669,1.0,20.0,,168,公寓住宅,民用,8.0,12,-2.8,9125.0,Heilongjiang,Haerbin,Daoli,Heilongjiang-Haerbin
266395,安定街158号小区,哈尔滨,道里,安发街,1996,小高层,安定街158号,126.602253,45.75591337,1.0,20.0,,249,公寓住宅,民用,8.0,12,-0.43,8486.0,Heilongjiang,Haerbin,Daoli,Heilongjiang-Haerbin
266366,"安道街小区(安道街60号-64号(双号),安静街1号)",哈尔滨,道里,安发街,1987,小高层,"安道街60号-64号(双号),安静街1号",126.6106908,45.76337001,1.0,20.0,,203,公寓住宅,民用,8.2,12,0.0,8121.0,Heilongjiang,Haerbin,Daoli,Heilongjiang-Haerbin
266367,木器厂家属楼,哈尔滨,道里,安发街,1986,小高层,"河鼓街62号,河鼓街60号",126.5847839,45.75422112,1.0,20.0,,840,公寓住宅,民用,7.4,12,0.0,8123.0,Heilongjiang,Haerbin,Daoli,Heilongjiang-Haerbin
266368,河广街小区(河广街62号-90号(双号)),哈尔滨,道里,安发街,1994,小高层,河广街62号-90号(双号),126.5965973,45.7514693,1.0,20.0,,320,公寓住宅,民用,7.8,12,0.0,7742.0,Heilongjiang,Haerbin,Daoli,Heilongjiang-Haerbin
266369,尚志大街38号小区,哈尔滨,道里,安发街,1995,小高层,尚志大街38号,126.618558,45.76356727,1.0,20.0,,638,公寓住宅,民用,8.1,12,0.0,7608.0,Heilongjiang,Haerbin,Daoli,Heilongjiang-Haerbin
266370,"建河街24,26号小区",哈尔滨,道里,安发街,1996,小高层,建河街24号,126.6012927,45.75068945,1.0,20.0,,586,公寓住宅,民用,7.9,12,0.0,6862.0,Heilongjiang,Haerbin,Daoli,Heilongjiang-Haerbin
266371,安康街小区(安康街92号-118号(双号)),哈尔滨,道里,安发街,1994,小高层,安康街92号-118号(双号),126.6033305,45.76261937,1.0,20.0,,290,公寓住宅,民用,8.4,12,0.0,8844.0,Heilongjiang,Haerbin,Daoli,Heilongjiang-Haerbin
266372,高谊街小区(高谊街92号-114号(双号)),哈尔滨,道里,安发街,1979,小高层,高谊街92号-114号(双号),126.6046732,45.77338706,1.0,20.0,,274,公寓住宅,民用,7.7,12,0.0,10188.0,Heilongjiang,Haerbin,Daoli,Heilongjiang-Haerbin
266373,侨联商住公寓,哈尔滨,道里,安发街,2012,高层,斜角街6号,126.6210308,45.76422918,1.0,30.0,,168,公寓住宅,民用,8.6,12,0.0,10949.0,Heilongjiang,Haerbin,Daoli,Heilongjiang-Haerbin
266374,"经纬八道街小区(经纬八道街6号-12号(双号),经纬街230号,232号)",哈尔滨,道里,安发街,1994,小高层,"经纬八道街6号-12号(双号),经纬街230号,232号",126.6064025,45.76798811,1.0,20.0,,237,公寓住宅,民用,8.4,12,-2.67,8330.0,Heilongjiang,Haerbin,Daoli,Heilongjiang-Haerbin
266375,"安国街小区(安国街57号,59号,安松胡同7号)",哈尔滨,道里,安发街,1988,小高层,"安国街57号,59号,安松胡同7号",126.6067856,45.76166005,1.0,20.0,,256,公寓住宅,民用,8.1,12,0.0,7837.0,Heilongjiang,Haerbin,Daoli,Heilongjiang-Haerbin
266376,经纬八道街31号小区,哈尔滨,道里,安发街,1993,小高层,经纬八道街31号,126.6051562,45.76711016,1.0,20.0,,256,公寓住宅,民用,8.0,12,0.0,7647.0,Heilongjiang,Haerbin,Daoli,Heilongjiang-Haerbin
266377,"友谊路小区(友谊路290号-312号(双号),280-1号,314-2号)",哈尔滨,道里,安发街,1989,小高层,"友谊路290号-312号(双号),280-1号,314-2号",126.596599,45.76943604,1.0,20.0,,304,公寓住宅,民用,7.6,12,0.45,9005.0,Heilongjiang,Haerbin,Daoli,Heilongjiang-Haerbin
266378,"红霞街小区(红霞街107号,107-5号,副107号,117号,119号)",哈尔滨,道里,安发街,1994,小高层,"红霞街107号,107-5号,副107号,117号,119号",126.6054075,45.77070489,1.0,20.0,,304,公寓住宅,民用,8.0,12,-0.78,8038.0,Heilongjiang,Haerbin,Daoli,Heilongjiang-Haerbin
266379,红霞街80-82号小区,哈尔滨,道里,安发街,1998,小高层,"红霞街80号,82号",126.6075844,45.77124496,1.0,20.0,,111,公寓住宅,民用,8.0,12,0.0,10097.0,Heilongjiang,Haerbin,Daoli,Heilongjiang-Haerbin
266380,安静街44号小区,哈尔滨,道里,安发街,2015,小高层,安静街44号,126.6088707,45.75970999,1.0,30.0,,36,公寓住宅,民用,8.5,12,0.0,7692.0,Heilongjiang,Haerbin,Daoli,Heilongjiang-Haerbin
266381,"安道街小区(安道街152号-164号(双号),安正街2号-8号(双号))",哈尔滨,道里,安发街,1988,小高层,"安道街152号-164号(双号),安正街2号-8号(双号)",126.6059505,45.76596493,1.0,20.0,,238,公寓住宅,民用,7.9,12,-4.15,8046.0,Heilongjiang,Haerbin,Daoli,Heilongjiang-Haerbin
266382,"通江街小区(通江街94号-116号(双号),中医街104号-108号(双号),红霞街91号)",哈尔滨,道里,安发街,1998,小高层,"通江街94号-116号(双号),中医街104号-108号(双号),红霞街91号",126.6077112,45.77190492,1.0,20.0,,392,公寓住宅,民用,7.9,12,0.0,9714.0,Heilongjiang,Haerbin,Daoli,Heilongjiang-Haerbin
266383,"红专街小区(红专街104号-138号(双号),经纬街253号)",哈尔滨,道里,安发街,1981,小高层,"红专街104号-138号(双号),经纬街253号",126.6063838,45.76959585,1.0,20.0,,620,公寓住宅,民用,8.0,12,0.0,8601.0,Heilongjiang,Haerbin,Daoli,Heilongjiang-Haerbin
266384,"友谊路小区(友谊路150号,150-1号,上游街17号,17-1号,17-2号,17-3号)",哈尔滨,道里,安发街,1988,小高层,"友谊路150号,150-1号,上游街17号,17-1号,17-2号,17-3号",126.6094091,45.77578033,1.0,20.0,,300,公寓住宅,民用,8.0,12,0.0,8032.0,Heilongjiang,Haerbin,Daoli,Heilongjiang-Haerbin
266385,"安静街小区(安静街70号,安静街82号-104号(双号))",哈尔滨,道里,安发街,2015,小高层,"安静街70号,安静街82号-104号(双号)",126.6077655,45.75783598,1.0,30.0,,153,公寓住宅,民用,8.3,12,-0.71,8194.0,Heilongjiang,Haerbin,Daoli,Heilongjiang-Haerbin
266386,安广街61号小区,哈尔滨,道里,安发街,2004,小高层,安广街61号,126.6086917,45.75654921,1.0,30.0,,168,公寓住宅,民用,8.2,12,0.0,7681.0,Heilongjiang,Haerbin,Daoli,Heilongjiang-Haerbin
266387,安国街210号小区,哈尔滨,道里,安发街,2006,小高层,安国街210号,126.6040131,45.75624149,1.0,30.0,,126,公寓住宅,民用,8.3,12,0.0,8064.0,Heilongjiang,Haerbin,Daoli,Heilongjiang-Haerbin
266388,正义街小区(正义街8号-14号(双号)),哈尔滨,道里,安发街,2000,小高层,正义街8号-14号(双号),126.6060599,45.75811813,1.0,30.0,,136,公寓住宅,民用,8.5,12,0.0,9418.0,Heilongjiang,Haerbin,Daoli,Heilongjiang-Haerbin
266389,安静二胡同小区(安静二胡同8号-16号(双号)),哈尔滨,道里,安发街,2000,小高层,安静二胡同8号-16号(双号),126.607958,45.75952115,1.0,30.0,,204,公寓住宅,民用,8.4,12,0.0,8844.0,Heilongjiang,Haerbin,Daoli,Heilongjiang-Haerbin
266390,"安定街小区(安定街132号,140号)",哈尔滨,道里,安发街,2010,小高层,"安定街132号,140号",126.6027724,45.75702398,1.0,30.0,,42,公寓住宅,民用,8.2,12,0.0,9085.0,Heilongjiang,Haerbin,Daoli,Heilongjiang-Haerbin
266391,新阳路51号小区,哈尔滨,道里,安发街,2000,小高层,新阳路51号,126.6116567,45.76045579,1.0,30.0,,70,公寓住宅,民用,8.5,12,0.0,8352.0,Heilongjiang,Haerbin,Daoli,Heilongjiang-Haerbin
266392,安松街小区(安松街2-6号(双号)),哈尔滨,道里,安发街,2000,小高层,安松街2-6号(双号),126.6105907,45.7598518,1.0,30.0,,63,公寓住宅,民用,8.5,12,0.0,10437.0,Heilongjiang,Haerbin,Daoli,Heilongjiang-Haerbin
266393,安良街44号小区,哈尔滨,道里,安发街,2008,小高层,安良街44号,126.6094814,45.7584536,1.0,30.0,,84,公寓住宅,民用,8.3,12,0.0,7942.0,Heilongjiang,Haerbin,Daoli,Heilongjiang-Haerbin
266394,安升街93号小区,哈尔滨,道里,安发街,1999,小高层,安升街93号,126.6058436,45.75958144,1.0,20.0,,0,公寓住宅,民用,8.5,12,0.0,8352.0,Heilongjiang,Haerbin,Daoli,Heilongjiang-Haerbin
266364,建河头道街小区(建河头道街12-28号(双号)),哈尔滨,道里,安发街,1999,多层,建河头道街12-28号(双号),126.6013186,45.74944124,1.0,20.0,,376,公寓住宅,民用,7.9,12,0.0,9960.0,Heilongjiang,Haerbin,Daoli,Heilongjiang-Haerbin
266286,"安广街小区(安广街125号,127号)",哈尔滨,道里,安升街,1992,多层,"安广街125号,127号",126.6036068,45.75783043,1.0,20.0,,246,公寓住宅,民用,7.9,12,0.0,8400.0,Heilongjiang,Haerbin,Daoli,Heilongjiang-Haerbin
266284,"安固街小区(安固街66-76号(双号),安平街59号,75号)",哈尔滨,道里,安升街,2000,多层,"安固街66-76号(双号),安平街59号,75号",126.6110902,45.75653657,1.0,30.0,,331,公寓住宅,民用,8.3,12,0.0,8061.0,Heilongjiang,Haerbin,Daoli,Heilongjiang-Haerbin
266283,"安松街小区(安松街82号,86号)",哈尔滨,道里,安升街,2000,小高层," 安松街82号,86号",126.6041036,45.76133369,1.0,25.0,,141,公寓住宅,民用,8.3,12,0.0,8468.0,Heilongjiang,Haerbin,Daoli,Heilongjiang-Haerbin
266282,"安信街小区(安信街10-48号(双号),新阳路267号)",哈尔滨,道里,安升街,1991,小高层,"安信街10-48号(双号),新阳路267号",126.6040583,45.75355783,1.0,30.0,,764,公寓住宅,民用,8.0,12,0.0,8217.0,Heilongjiang,Haerbin,Daoli,Heilongjiang-Haerbin
266281,"安平街小区(安平街99号,安广街44-62号(双号))",哈尔滨,道里,安升街,1991,小高层,"安平街99号,安广街44-62号(双号)",126.6106975,45.75508824,1.0,20.0,,322,公寓住宅,民用,8.2,12,0.0,9507.0,Heilongjiang,Haerbin,Daoli,Heilongjiang-Haerbin
266280,"抚顺街小区(抚顺街65-127号(单号),安心街46号)",哈尔滨,道里,安升街,2007,小高层,"抚顺街65-127号(单号),安心街46号",126.6153659,45.75791928,1.0,30.0,,368,公寓住宅,民用,8.4,12,0.0,9461.0,Heilongjiang,Haerbin,Daoli,Heilongjiang-Haerbin
266279,"安固街小区(安固街93号,103号,安吉街2号)",哈尔滨,道里,安升街,1991,多层,"安固街93号,103号,安吉街2号",126.6092497,45.75454079,1.0,20.0,,0,公寓住宅,民用,8.1,12,0.0,7735.0,Heilongjiang,Haerbin,Daoli,Heilongjiang-Haerbin
266278,"安平街小区(安平街102号,104号,安广街26号,34号)",哈尔滨,道里,安升街,1991,小高层,"安平街102号,104号,安广街26号,34号",126.6115486,45.75491571,1.0,20.0,,273,公寓住宅,民用,8.0,12,0.0,8514.0,Heilongjiang,Haerbin,Daoli,Heilongjiang-Haerbin
266276,"安宁街小区(安宁街23-1号,23号-25号(单号),安顺街2-8号(双号))",哈尔滨,道里,安升街,1987,小高层,"安宁街23-1号,23号-25号(单号),安顺街2-8号(双号)",126.615479,45.76057945,1.0,20.0,,208,公寓住宅,民用,7.7,12,0.0,8364.0,Heilongjiang,Haerbin,Daoli,Heilongjiang-Haerbin
266275,北安街25号小区,哈尔滨,道里,安升街,1988,小高层,北安街25号,126.6131921,45.76342411,1.0,20.0,,133,公寓住宅,民用,8.2,12,0.0,8171.0,Heilongjiang,Haerbin,Daoli,Heilongjiang-Haerbin
266274,安良街44号小区,哈尔滨,道里,安升街,2008,小高层,安良街44号,126.6094814,45.7584536,1.0,30.0,,84,公寓住宅,民用,8.3,12,0.0,7942.0,Heilongjiang,Haerbin,Daoli,Heilongjiang-Haerbin
266287,"安升街小区(安升街7,9号)",哈尔滨,道里,安升街,1999,小高层,"安升街7,9号",126.6139674,45.75658936,1.0,20.0,,126,公寓住宅,民用,8.5,12,0.0,5797.0,Heilongjiang,Haerbin,Daoli,Heilongjiang-Haerbin
266273,安静街小区(安静街6号-10号(双号)),哈尔滨,道里,安升街,2015,小高层,安静街6号-10号(双号),126.610396,45.7620621,1.0,30.0,,66,公寓住宅,民用,8.6,12,-0.68,8633.0,Heilongjiang,Haerbin,Daoli,Heilongjiang-Haerbin
266271,安静街小区(安静街12号-20号(双号)),哈尔滨,道里,安升街,2015,小高层,安静街12号-20号(双号),126.6103166,45.76203796,1.0,30.0,,156,公寓住宅,民用,8.6,12,-4.62,7397.0,Heilongjiang,Haerbin,Daoli,Heilongjiang-Haerbin
266270,正义街小区(正义街8号-14号(双号)),哈尔滨,道里,安升街,2000,小高层,正义街8号-14号(双号),126.6060599,45.75811813,1.0,30.0,,136,公寓住宅,民用,8.5,12,0.0,9418.0,Heilongjiang,Haerbin,Daoli,Heilongjiang-Haerbin
266269,安广街61号小区,哈尔滨,道里,安升街,2004,小高层,安广街61号,126.6086917,45.75654921,1.0,30.0,,168,公寓住宅,民用,8.2,12,0.0,7681.0,Heilongjiang,Haerbin,Daoli,Heilongjiang-Haerbin
266268,"安顺街小区(安顺街142号,144号,安定街18号)",哈尔滨,道里,安升街,2006,小高层,"安顺街142号,144号,安定街18号",126.6068445,45.7638969,1.0,30.0,,127,公寓住宅,民用,8.4,12,0.0,9428.0,Heilongjiang,Haerbin,Daoli,Heilongjiang-Haerbin
266267,安道街小区(安道街42号-56号(双号)),哈尔滨,道里,安升街,2002,小高层,安道街42号-56号(双号),126.6106123,45.7634049,1.0,30.0,,224,公寓住宅,民用,8.4,12,0.0,9371.0,Heilongjiang,Haerbin,Daoli,Heilongjiang-Haerbin
266266,"经纬二道街小区(经纬二道街45号,57号)",哈尔滨,道里,安升街,2000,小高层,"经纬二道街45号,57号",126.614593,45.76428741,1.0,30.0,,292,公寓住宅,民用,8.4,12,0.0,9076.0,Heilongjiang,Haerbin,Daoli,Heilongjiang-Haerbin
266265,安静街44号小区,哈尔滨,道里,安升街,2015,小高层,安静街44号,126.6088707,45.75970999,1.0,30.0,,36,公寓住宅,民用,8.5,12,0.0,7692.0,Heilongjiang,Haerbin,Daoli,Heilongjiang-Haerbin
266264,安平街小区(安平街4-12号(双号)),哈尔滨,道里,安升街,1991,小高层,安平街4-12号(双号),126.614639,45.76121959,1.0,20.0,,232,公寓住宅,民用,8.1,12,-0.8,8400.0,Heilongjiang,Haerbin,Daoli,Heilongjiang-Haerbin
266263,"安国街小区(安国街57号,59号,安松胡同7号)",哈尔滨,道里,安升街,1988,小高层,"安国街57号,59号,安松胡同7号",126.6067856,45.76166005,1.0,20.0,,256,公寓住宅,民用,8.1,12,0.0,7837.0,Heilongjiang,Haerbin,Daoli,Heilongjiang-Haerbin
266262,北安街小区(北安街66号-96号(双号)),哈尔滨,道里,安升街,1991,小高层,北安街66号-96号(双号),126.6122559,45.76329436,,20.0,,189,公寓住宅,民用,8.5,12,6.9,8548.0,Heilongjiang,Haerbin,Daoli,Heilongjiang-Haerbin
266261,安升小区,哈尔滨,道里,安升街,1999,多层,安升街,126.6039617,45.76022483,1.0,25.0,,321,公寓住宅,民用,8.4,12,0.0,9548.0,Heilongjiang,Haerbin,Daoli,Heilongjiang-Haerbin
266260,安广小区,哈尔滨,道里,安升街,1995,多层|小高层,安广街35号,126.6077263,45.75632484,1.0,36.0,,373,公寓住宅,民用,8.4,12,0.0,8166.0,Heilongjiang,Haerbin,Daoli,Heilongjiang-Haerbin
266259,"安顺街小区(安顺街122-134号(双号),130-1号,安丰街29号,安定街120号)",哈尔滨,道里,安升街,1998,小高层,"安顺街122-134号(双号),130-1号,安丰街29号,安定街120号",126.6076697,45.76361064,1.0,20.0,,526,公寓住宅,民用,8.3,12,0.0,9407.0,Heilongjiang,Haerbin,Daoli,Heilongjiang-Haerbin
266272,安静二胡同小区(安静二胡同8号-16号(双号)),哈尔滨,道里,安升街,2000,小高层,安静二胡同8号-16号(双号),126.607958,45.75952115,1.0,30.0,,204,公寓住宅,民用,8.4,12,0.0,8844.0,Heilongjiang,Haerbin,Daoli,Heilongjiang-Haerbin
266288,安国街小区(安国街202-204号(双号)),哈尔滨,道里,安升街,2000,小高层,安国街202-204号(双号),126.6040718,45.75638609,1.0,30.0,,0,公寓住宅,民用,8.4,12,0.0,9133.0,Heilongjiang,Haerbin,Daoli,Heilongjiang-Haerbin
266289,安宁街小区(安宁街130号-146号(双号)),哈尔滨,道里,安升街,1991,小高层,安宁街130号-146号(双号),126.6060449,45.76245107,1.0,20.0,,91,公寓住宅,民用,7.9,12,0.0,9161.0,Heilongjiang,Haerbin,Daoli,Heilongjiang-Haerbin
266290,安松街小区(安松街90号-106号(双号)),哈尔滨,道里,安升街,1991,小高层,安松街90号-106号(双号),126.6028828,45.76163507,1.0,20.0,,311,公寓住宅,民用,8.1,12,0.0,7960.0,Heilongjiang,Haerbin,Daoli,Heilongjiang-Haerbin
266319,安顺街66号小区,哈尔滨,道里,安升街,2006,小高层,安顺街66号,126.6122343,45.76193432,1.0,30.0,,72,公寓住宅,民用,8.2,12,0.0,5609.0,Heilongjiang,Haerbin,Daoli,Heilongjiang-Haerbin
266318,"安静街小区(安静街38号,40号)",哈尔滨,道里,安升街,2015,小高层,"安静街38号,40号",126.6090318,45.76001027,1.0,30.0,,36,公寓住宅,民用,8.2,12,0.0,8422.0,Heilongjiang,Haerbin,Daoli,Heilongjiang-Haerbin
266317,正义街小区(正义街16号-22号(双号)),哈尔滨,道里,安升街,2000,小高层,正义街16号-22号(双号),126.60566,45.75819382,1.0,30.0,,216,公寓住宅,民用,8.3,12,0.0,8263.0,Heilongjiang,Haerbin,Daoli,Heilongjiang-Haerbin
266316,"安国街小区(安国街168号,安广街91号,安国街182号)",哈尔滨,道里,安升街,2015,小高层,安国街168号,126.6049961,45.75790377,1.0,30.0,,344,公寓住宅,民用,8.4,12,0.0,9106.0,Heilongjiang,Haerbin,Daoli,Heilongjiang-Haerbin
266315,安静街57号小区,哈尔滨,道里,安升街,2015,小高层,安静街57号,126.6072323,45.75706315,1.0,30.0,,28,公寓住宅,民用,8.2,12,0.0,10166.0,Heilongjiang,Haerbin,Daoli,Heilongjiang-Haerbin
266314,安升街84号小区,哈尔滨,道里,安升街,2002,小高层,安升街84号,126.6096341,45.75767934,1.0,30.0,,91,公寓住宅,民用,8.0,12,0.0,8558.0,Heilongjiang,Haerbin,Daoli,Heilongjiang-Haerbin
266313,新阳路127号小区,哈尔滨,道里,安升街,1988,小高层,新阳路127号,126.6090963,45.75704277,1.0,20.0,,48,公寓住宅,民用,7.9,12,0.0,8000.0,Heilongjiang,Haerbin,Daoli,Heilongjiang-Haerbin
266312,安升街小区(安升街90-128号(双号)),哈尔滨,道里,安升街,1999,小高层,安升街90-128号(双号),126.6081554,45.75826406,1.0,20.0,,210,公寓住宅,民用,8.0,12,0.0,7760.0,Heilongjiang,Haerbin,Daoli,Heilongjiang-Haerbin
266311,"正义街小区(正义街2号,6号)",哈尔滨,道里,安升街,1988,小高层,"正义街2号,6号",126.6070167,45.75781492,1.0,20.0,,63,公寓住宅,民用,8.1,12,0.0,9576.0,Heilongjiang,Haerbin,Daoli,Heilongjiang-Haerbin
266310,新阳路209号小区,哈尔滨,道里,安升街,2000,小高层,新阳路209号,126.6074476,45.75502189,1.0,30.0,,16,公寓住宅,民用,8.1,12,0.0,8800.0,Heilongjiang,Haerbin,Daoli,Heilongjiang-Haerbin
266309,正义街小区(正义街32号-42号(双号)),哈尔滨,道里,安升街,2002,小高层,正义街32号-42号(双号),126.6043403,45.75853159,1.0,30.0,,80,公寓住宅,民用,8.0,12,0.0,8514.0,Heilongjiang,Haerbin,Daoli,Heilongjiang-Haerbin
266308,安顺街140号小区,哈尔滨,道里,安升街,2006,小高层,安顺街140号,126.6072104,45.76373913,1.0,30.0,,21,公寓住宅,民用,8.3,12,0.0,7269.0,Heilongjiang,Haerbin,Daoli,Heilongjiang-Haerbin
266307,安升街小区(安升街56-78号(双号)),哈尔滨,道里,安升街,2000,多层,安升街56-78号(双号),126.6102848,45.75740831,1.0,30.0,,129,公寓住宅,民用,8.1,12,0.0,9507.0,Heilongjiang,Haerbin,Daoli,Heilongjiang-Haerbin
266306,安顺街73号小区,哈尔滨,道里,安升街,2006,小高层,安顺街73号,126.611176,45.76250465,1.0,30.0,,154,公寓住宅,民用,8.2,12,0.0,8111.0,Heilongjiang,Haerbin,Daoli,Heilongjiang-Haerbin
266305,"安道街小区(安道街34号,38号,安良街1号,2号,3号,安顺街63号,新阳路9号)",哈尔滨,道里,安升街,2000,小高层,"安道街34号,38号,安良街1号,2号,3号,安顺街63号,新阳路9号",126.61259,45.76241508,1.0,30.0,,340,公寓住宅,民用,8.1,12,0.0,9684.0,Heilongjiang,Haerbin,Daoli,Heilongjiang-Haerbin
266304,安道街小区(安道街45号-51号(单号)),哈尔滨,道里,安升街,1987,小高层,安道街45号-51号(单号),126.6120095,45.76313749,1.0,20.0,,54,公寓住宅,民用,8.1,12,0.0,5757.0,Heilongjiang,Haerbin,Daoli,Heilongjiang-Haerbin
266303,经纬三道街24号小区,哈尔滨,道里,安升街,1991,小高层,经纬三道街24号,126.6137737,45.76504934,1.0,20.0,,0,公寓住宅,民用,8.2,12,0.0,8974.0,Heilongjiang,Haerbin,Daoli,Heilongjiang-Haerbin
266302,安静街7号小区,哈尔滨,道里,安升街,2015,小高层,安静街7号,126.6103617,45.76283101,1.0,30.0,,30,公寓住宅,民用,8.4,12,0.0,8514.0,Heilongjiang,Haerbin,Daoli,Heilongjiang-Haerbin
266301,"安定街小区(安定街38号,副40号,安宁街148号)",哈尔滨,道里,安升街,2010,小高层,"安定街38号,副40号,安宁街148号",126.6055793,45.76260011,1.0,30.0,,189,公寓住宅,民用,8.1,12,0.0,7633.0,Heilongjiang,Haerbin,Daoli,Heilongjiang-Haerbin
266300,"安吉街小区(安吉街20号,28号,36号)",哈尔滨,道里,安升街,2000,多层,"安吉街20号,28号,36号",126.6080926,45.75355531,1.0,30.0,,45,公寓住宅,民用,8.0,12,0.0,9000.0,Heilongjiang,Haerbin,Daoli,Heilongjiang-Haerbin
266292,北安街小区(北安街100号-112号(双号)),哈尔滨,道里,安升街,1991,小高层,北安街100号-112号(双号),126.6112135,45.76381389,1.0,20.0,,105,公寓住宅,民用,8.4,12,0.0,8303.0,Heilongjiang,Haerbin,Daoli,Heilongjiang-Haerbin
266291,安固街小区(安固街46-50号(双号)),哈尔滨,道里,安升街,1991,小高层,安固街46-50号(双号),126.6120757,45.75789996,1.0,20.0,,273,公寓住宅,民用,8.2,12,0.0,8471.0,Heilongjiang,Haerbin,Daoli,Heilongjiang-Haerbin
266258,"安松街小区(安松街35号,37号)",哈尔滨,道里,安升街,1989,小高层,"安松街35号,37号",126.6082945,45.76063695,1.0,20.0,,232,公寓住宅,民用,8.4,12,0.0,10211.0,Heilongjiang,Haerbin,Daoli,Heilongjiang-Haerbin
266257,"工厂街小区(工厂街127号,127-1号,131号,131-1号,经纬头道街3号,11号,25-4号)",哈尔滨,道里,安升街,1988,小高层,"工厂街127号,127-1号,131号,131-1号,经纬头道街3号,11号,25-4号",126.6158681,45.76302335,1.0,20.0,,458,公寓住宅,民用,8.1,12,0.0,8904.0,Heilongjiang,Haerbin,Daoli,Heilongjiang-Haerbin
266256,"安丰街小区(安丰街72号-80号(双号),安康街60号-68号(双号),安宁街157号,安宁街167号))",哈尔滨,道里,安升街,1987,小高层,"安丰街72号-80号(双号),安康街60号-68号(双号),安宁街157号,安宁街167号)",126.6052662,45.7631421,1.0,20.0,,424,公寓住宅,民用,8.0,12,0.0,8287.0,Heilongjiang,Haerbin,Daoli,Heilongjiang-Haerbin
266255,安定街124号小区,哈尔滨,道里,安升街,1997,小高层,安定街124号,126.6042954,45.7544134,1.0,20.0,,156,公寓住宅,民用,8.1,12,0.0,10562.0,Heilongjiang,Haerbin,Daoli,Heilongjiang-Haerbin
266221,安静街22号小区,哈尔滨,道里,哈一百,2015,小高层,安静街22号,126.6098084,45.7611844,1.0,30.0,,203,公寓住宅,民用,8.4,12,0.0,8747.0,Heilongjiang,Haerbin,Daoli,Heilongjiang-Haerbin
266220,"安宁街小区(安宁街50号,54号)",哈尔滨,道里,哈一百,1991,小高层,"安宁街50号,54号",126.6110353,45.76112388,1.0,20.0,,54,公寓住宅,民用,8.0,12,0.0,9541.0,Heilongjiang,Haerbin,Daoli,Heilongjiang-Haerbin
266219,安宁街小区(安宁街80号-114号(双号)),哈尔滨,道里,哈一百,2016,小高层,安宁街80号-114号(双号),126.6087354,45.7617342,1.0,30.0,,453,公寓住宅,民用,8.4,12,0.0,7960.0,Heilongjiang,Haerbin,Daoli,Heilongjiang-Haerbin
266218,安静街21号小区,哈尔滨,道里,哈一百,2015,小高层,安静街21号,126.6093205,45.76119872,1.0,30.0,,0,公寓住宅,民用,8.4,12,0.0,8773.0,Heilongjiang,Haerbin,Daoli,Heilongjiang-Haerbin
266217,工厂街31号小区,哈尔滨,道里,哈一百,2015,小高层,工厂街31号,126.6236088,45.76471782,1.0,30.0,,0,公寓住宅,民用,8.5,12,0.0,7657.0,Heilongjiang,Haerbin,Daoli,Heilongjiang-Haerbin
266216,透笼街16号小区,哈尔滨,道里,哈一百,2007,小高层,透笼街16号,126.6255248,45.76856295,1.0,30.0,,30,公寓住宅,民用,8.2,12,0.0,6641.0,Heilongjiang,Haerbin,Daoli,Heilongjiang-Haerbin
266215,安顺街73号小区,哈尔滨,道里,哈一百,2006,小高层,安顺街73号,126.611176,45.76250465,1.0,30.0,,154,公寓住宅,民用,8.2,12,0.0,8111.0,Heilongjiang,Haerbin,Daoli,Heilongjiang-Haerbin
266214,"安道街小区(安道街34号,38号,安良街1号,2号,3号,安顺街63号,新阳路9号)",哈尔滨,道里,哈一百,2000,小高层,"安道街34号,38号,安良街1号,2号,3号,安顺街63号,新阳路9号",126.61259,45.76241508,1.0,30.0,,340,公寓住宅,民用,8.1,12,0.0,9684.0,Heilongjiang,Haerbin,Daoli,Heilongjiang-Haerbin
266213,安静街7号小区,哈尔滨,道里,哈一百,2015,小高层,安静街7号,126.6103617,45.76283101,1.0,30.0,,30,公寓住宅,民用,8.4,12,0.0,8514.0,Heilongjiang,Haerbin,Daoli,Heilongjiang-Haerbin
266212,"工厂街小区(工厂街24号,地段街3号)",哈尔滨,道里,哈一百,2015,小高层,"工厂街24号,地段街3号",126.6256758,45.76454753,1.0,30.0,,285,公寓住宅,民用,8.4,12,0.0,7300.0,Heilongjiang,Haerbin,Daoli,Heilongjiang-Haerbin
266211,安顺街129号小区,哈尔滨,道里,哈一百,2006,小高层,安顺街129号,126.6088218,45.76343722,1.0,30.0,,318,公寓住宅,民用,8.1,12,0.0,8819.0,Heilongjiang,Haerbin,Daoli,Heilongjiang-Haerbin
266210,铭钻家园,哈尔滨,道里,哈一百,2007,小高层,斜角街34号,126.6203568,45.76429968,1.0,20.0,,0,公寓住宅,民用,8.3,12,0.0,8000.0,Heilongjiang,Haerbin,Daoli,Heilongjiang-Haerbin
266209,"经纬七道街小区(经纬七道街54号,56号)",哈尔滨,道里,哈一百,2002,小高层,"经纬七道街54号,56号",126.6073125,45.76651689,1.0,30.0,,28,公寓住宅,民用,8.2,12,0.0,10312.0,Heilongjiang,Haerbin,Daoli,Heilongjiang-Haerbin
266208,"安道街小区(安道街66号-70(双号),70-1号)",哈尔滨,道里,哈一百,1995,小高层,"安道街66号-70(双号),70-1号",126.6100441,45.76351188,1.0,20.0,,122,公寓住宅,民用,7.8,12,0.0,7740.0,Heilongjiang,Haerbin,Daoli,Heilongjiang-Haerbin
266207,安道街小区(安道街78-86号(双号)),哈尔滨,道里,哈一百,2004,小高层,安道街78-86号(双号),126.6095068,45.76384062,1.0,30.0,,108,公寓住宅,民用,8.1,12,0.0,9800.0,Heilongjiang,Haerbin,Daoli,Heilongjiang-Haerbin
266206,安定街5号小区,哈尔滨,道里,哈一百,2010,小高层,安定街5号,126.6064497,45.76410147,1.0,30.0,,63,公寓住宅,民用,8.1,12,0.0,7500.0,Heilongjiang,Haerbin,Daoli,Heilongjiang-Haerbin
266205,"安顺街小区(安顺街150号,152号)",哈尔滨,道里,哈一百,2006,小高层,"安顺街150号,152号",126.606224,45.76426602,1.0,30.0,,52,公寓住宅,民用,8.1,12,0.0,9483.0,Heilongjiang,Haerbin,Daoli,Heilongjiang-Haerbin
266204,安顺街小区(安顺街154-162号(双号)),哈尔滨,道里,哈一百,2006,小高层,安顺街154-162号(双号),126.6058261,45.76440371,1.0,30.0,,137,公寓住宅,民用,8.1,12,0.0,6660.0,Heilongjiang,Haerbin,Daoli,Heilongjiang-Haerbin
266203,黑龙江日报家属楼,哈尔滨,道里,哈一百,1998,多层,电车街26号,126.6227527,45.76308585,1.0,20.0,,68,公寓住宅,民用,8.4,12,0.0,6250.0,Heilongjiang,Haerbin,Daoli,Heilongjiang-Haerbin
266202,经纬街81号小区,哈尔滨,道里,哈一百,2007,低层,经纬街81号,126.6161858,45.76518799,1.0,30.0,,36,公寓住宅,民用,8.4,12,0.0,10100.0,Heilongjiang,Haerbin,Daoli,Heilongjiang-Haerbin
266201,经纬大厦,哈尔滨,道里,哈一百,2014,高层,工厂街69号,126.6207285,45.76421754,1.0,30.0,,85,公寓住宅,民用,8.6,12,0.0,10100.0,Heilongjiang,Haerbin,Daoli,Heilongjiang-Haerbin
266200,上游街小区(上游街副58号-副64号(双号)),哈尔滨,道里,哈一百,1996,多层,上游街副58号-副64号(双号),126.6095355,45.77352765,1.0,20.0,,132,公寓住宅,民用,7.8,12,0.0,9420.0,Heilongjiang,Haerbin,Daoli,Heilongjiang-Haerbin
266199,安丰街5号小区,哈尔滨,道里,哈一百,2005,多层,安丰街5号,126.6084647,45.76303235,1.0,30.0,,126,公寓住宅,民用,8.2,12,0.0,7781.0,Heilongjiang,Haerbin,Daoli,Heilongjiang-Haerbin
266198,"高谊街小区(高谊街47号,49号,84号)",哈尔滨,道里,哈一百,2000,多层,"高谊街47号,49号,84号",126.6069115,45.77039539,1.0,30.0,,159,公寓住宅,民用,8.1,12,0.0,8875.0,Heilongjiang,Haerbin,Daoli,Heilongjiang-Haerbin
266197,电车街小区(电车街32-62号(双号),哈尔滨,道里,哈一百,2004,多层,电车街32-62号(双号),126.6204244,45.76280615,1.0,30.0,,156,公寓住宅,民用,8.3,12,0.0,8580.0,Heilongjiang,Haerbin,Daoli,Heilongjiang-Haerbin
266196,一面街10号住宅楼,哈尔滨,道里,哈一百,1997,多层,一面街,126.6269901,45.76824803,1.0,20.0,,152,公寓住宅,民用,8.0,12,0.0,7500.0,Heilongjiang,Haerbin,Daoli,Heilongjiang-Haerbin
266195,西十一道街25号小区,哈尔滨,道里,哈一百,2017,多层,西十一道街25号,126.6153634,45.76949832,,30.0,,14,公寓住宅,民用,8.1,12,0.0,12500.0,Heilongjiang,Haerbin,Daoli,Heilongjiang-Haerbin
266194,安康街20号院,哈尔滨,道里,哈一百,2003,多层,安康街20号,126.6059642,45.7656349,1.0,30.0,,453,公寓住宅,民用,8.1,12,0.0,9600.0,Heilongjiang,Haerbin,Daoli,Heilongjiang-Haerbin
266222,安宁街58号小区,哈尔滨,道里,哈一百,1991,小高层,安宁街58号,126.6115865,45.76108904,1.0,20.0,,72,公寓住宅,民用,8.0,12,0.0,8000.0,Heilongjiang,Haerbin,Daoli,Heilongjiang-Haerbin
266152,安平街小区(安平街4-12号(双号)),哈尔滨,道里,哈一百,1991,小高层,安平街4-12号(双号),126.614639,45.76121959,1.0,20.0,,232,公寓住宅,民用,8.1,12,-0.8,8400.0,Heilongjiang,Haerbin,Daoli,Heilongjiang-Haerbin
266223,安宁街95号小区,哈尔滨,道里,哈一百,1991,小高层,安宁街95号,126.61004,45.76131669,1.0,20.0,,88,公寓住宅,民用,8.0,12,0.0,8807.0,Heilongjiang,Haerbin,Daoli,Heilongjiang-Haerbin
266225,安宁街81号小区,哈尔滨,道里,哈一百,1991,小高层,安宁街81号,126.6114576,45.76151232,1.0,20.0,,64,公寓住宅,民用,8.0,12,0.0,8133.0,Heilongjiang,Haerbin,Daoli,Heilongjiang-Haerbin
266254,经纬五道街44号小区,哈尔滨,道里,安升街,1990,小高层,经纬五道街44号,126.6094128,45.76449569,2.0,20.0,,205,公寓住宅,民用,8.6,12,0.0,17000.0,Heilongjiang,Haerbin,Daoli,Heilongjiang-Haerbin
266253,"安化街小区(安化街140号,146号,150号,154号)",哈尔滨,道里,安升街,1995,小高层,"安化街140号,146号,150号,154号",126.6112326,45.75343743,1.0,20.0,,133,公寓住宅,民用,8.6,12,0.0,9639.0,Heilongjiang,Haerbin,Daoli,Heilongjiang-Haerbin
266252,经纬五道街22号小区,哈尔滨,道里,安升街,1991,小高层,经纬五道街22号,126.6102886,45.76536533,1.0,20.0,,318,公寓住宅,民用,8.7,12,-4.77,17515.0,Heilongjiang,Haerbin,Daoli,Heilongjiang-Haerbin
266251,"安松街小区(安松街40号,42号)",哈尔滨,道里,安升街,1991,小高层,"安松街40号,42号",126.6071879,45.76057924,1.0,20.0,,63,公寓住宅,民用,8.4,12,0.0,9785.0,Heilongjiang,Haerbin,Daoli,Heilongjiang-Haerbin
266250,"安广街小区(新阳路187-1号,安广街78号)",哈尔滨,道里,安升街,2004,小高层,"新阳路187-1号,安广街78号",126.6083864,45.75617709,1.0,30.0,,510,公寓住宅,民用,8.1,12,-0.27,9984.0,Heilongjiang,Haerbin,Daoli,Heilongjiang-Haerbin
266249,安静街78号小区,哈尔滨,道里,安升街,2015,小高层,安静街78号,126.607837,45.75738967,1.0,30.0,,152,公寓住宅,民用,8.3,12,-2.5,7587.0,Heilongjiang,Haerbin,Daoli,Heilongjiang-Haerbin
266248,安丰街45号小区,哈尔滨,道里,安升街,1991,小高层,安丰街45号,126.6060107,45.76354727,1.0,20.0,,105,公寓住宅,民用,8.2,12,0.0,8807.0,Heilongjiang,Haerbin,Daoli,Heilongjiang-Haerbin
266247,安丰街55号小区,哈尔滨,道里,安升街,1991,小高层,安丰街55号,126.6057929,45.76379903,1.0,20.0,,151,公寓住宅,民用,8.2,12,0.0,8057.0,Heilongjiang,Haerbin,Daoli,Heilongjiang-Haerbin
266246,"安升街小区(正义街39号,安升街158号-162号(双号))",哈尔滨,道里,安升街,2000,小高层,"正义街39号,安升街158号-162号(双号)",126.6055368,45.75876777,1.0,30.0,,323,公寓住宅,民用,8.1,12,5.13,8806.0,Heilongjiang,Haerbin,Daoli,Heilongjiang-Haerbin
266245,安固街51-65号小区,哈尔滨,道里,安升街,1990,小高层,安固街51-65号,126.610681,45.75671468,1.0,20.0,,473,公寓住宅,民用,8.3,12,-0.86,9708.0,Heilongjiang,Haerbin,Daoli,Heilongjiang-Haerbin
266244,安德街31号小区,哈尔滨,道里,安升街,1991,小高层,安德街31号,126.6062939,45.75859895,1.0,20.0,,133,公寓住宅,民用,8.3,12,-0.02,8900.0,Heilongjiang,Haerbin,Daoli,Heilongjiang-Haerbin
266243,"抚顺街小区(抚顺街副1号,安新街6号)",哈尔滨,道里,安升街,1990,小高层,"抚顺街副1号,安新街6号",126.6168759,45.76111093,1.0,20.0,,247,公寓住宅,民用,8.2,12,0.0,8297.0,Heilongjiang,Haerbin,Daoli,Heilongjiang-Haerbin
266242,"安固街小区(安固街16-42号(双号),安平街29号,37号)",哈尔滨,道里,哈一百,1990,小高层,"安固街16-42号(双号),安平街29号,37号",126.612549,45.75960205,1.0,20.0,,514,公寓住宅,民用,8.0,12,0.0,9311.0,Heilongjiang,Haerbin,Daoli,Heilongjiang-Haerbin
266241,安顺街小区(安顺街82号-98号(双号)),哈尔滨,道里,哈一百,1985,小高层,安顺街82号-98号(双号),126.6110716,45.76220796,1.0,20.0,,190,公寓住宅,民用,8.1,12,0.0,7591.0,Heilongjiang,Haerbin,Daoli,Heilongjiang-Haerbin
266240,"安松街小区(安松街23号,副23号,23-1号)",哈尔滨,道里,哈一百,1994,小高层,"安松街23号,副23号,23-1号",126.6098676,45.76029178,1.0,20.0,,272,公寓住宅,民用,8.1,12,0.0,8687.0,Heilongjiang,Haerbin,Daoli,Heilongjiang-Haerbin
266239,北安街小区(北安街48号-60号(双号)),哈尔滨,道里,哈一百,1986,小高层,北安街48号-60号(双号),126.6131283,45.76296485,1.0,20.0,,88,公寓住宅,民用,8.0,12,0.0,8276.0,Heilongjiang,Haerbin,Daoli,Heilongjiang-Haerbin
266238,"电车街小区(电车街7号,9号)",哈尔滨,道里,哈一百,1994,小高层,"电车街7号,9号",126.6231721,45.76357699,1.0,20.0,,66,公寓住宅,民用,8.4,12,0.0,8666.0,Heilongjiang,Haerbin,Daoli,Heilongjiang-Haerbin
266237,"买卖街小区(买卖街14-1号,14-2号,26号,32号)",哈尔滨,道里,哈一百,1991,小高层,"买卖街14-1号,14-2号,26号,32号",126.6259944,45.76545097,1.0,20.0,,192,公寓住宅,民用,8.1,12,0.0,8020.0,Heilongjiang,Haerbin,Daoli,Heilongjiang-Haerbin
266236,安良街26号小区,哈尔滨,道里,哈一百,1988,小高层,安良街26号,126.6104078,45.75946299,1.0,20.0,,96,公寓住宅,民用,7.9,12,0.0,9952.0,Heilongjiang,Haerbin,Daoli,Heilongjiang-Haerbin
266235,田地街24号小区,哈尔滨,道里,哈一百,2006,小高层,田地街24号,126.6267979,45.76674262,1.0,30.0,,205,公寓住宅,民用,8.4,12,0.0,7538.0,Heilongjiang,Haerbin,Daoli,Heilongjiang-Haerbin
266234,"安顺街小区(安顺街74号,78号)",哈尔滨,道里,哈一百,2006,小高层,"安顺街74号,78号",126.6115641,45.76209421,1.0,30.0,,56,公寓住宅,民用,8.3,12,0.0,10276.0,Heilongjiang,Haerbin,Daoli,Heilongjiang-Haerbin
266233,安松街小区(安松街12号-16号(双号)),哈尔滨,道里,哈一百,1996,小高层,安松街12号-16号(双号),126.6095476,45.76008327,1.0,20.0,,63,公寓住宅,民用,8.2,12,0.0,9450.0,Heilongjiang,Haerbin,Daoli,Heilongjiang-Haerbin
266232,安宁街46号小区,哈尔滨,道里,哈一百,1991,小高层,安宁街46号,126.6118685,45.76111732,1.0,20.0,,56,公寓住宅,民用,7.9,12,0.0,10170.0,Heilongjiang,Haerbin,Daoli,Heilongjiang-Haerbin
266231,安良街8号小区,哈尔滨,道里,哈一百,2002,小高层,安良街8号,126.6113102,45.76072274,,30.0,,18,公寓住宅,民用,8.2,12,0.0,9966.0,Heilongjiang,Haerbin,Daoli,Heilongjiang-Haerbin
266230,安宁街75号小区,哈尔滨,道里,哈一百,1991,小高层,安宁街75号,126.6119559,45.76121069,1.0,20.0,,84,公寓住宅,民用,7.9,12,0.0,8492.0,Heilongjiang,Haerbin,Daoli,Heilongjiang-Haerbin
266229,"安顺街小区(安顺街60号,64号)",哈尔滨,道里,哈一百,2006,小高层,"安顺街60号,64号",126.6123653,45.76189733,1.0,30.0,,42,公寓住宅,民用,8.3,12,0.0,8000.0,Heilongjiang,Haerbin,Daoli,Heilongjiang-Haerbin
266228,安顺街68号小区,哈尔滨,道里,哈一百,2006,小高层,安顺街68号,126.6118183,45.76201601,1.0,30.0,,86,公寓住宅,民用,8.2,12,0.0,7533.0,Heilongjiang,Haerbin,Daoli,Heilongjiang-Haerbin
266227,安松街9号小区,哈尔滨,道里,哈一百,1991,小高层,安松街9号,126.6108799,45.76014913,1.0,20.0,,64,公寓住宅,民用,8.0,12,0.0,7500.0,Heilongjiang,Haerbin,Daoli,Heilongjiang-Haerbin
266226,安顺街66号小区,哈尔滨,道里,哈一百,2006,小高层,安顺街66号,126.6122343,45.76193432,1.0,30.0,,72,公寓住宅,民用,8.2,12,0.0,5609.0,Heilongjiang,Haerbin,Daoli,Heilongjiang-Haerbin
266224,安宁街副83号小区,哈尔滨,道里,哈一百,1991,小高层,安宁街副83号,126.6106808,45.76146989,1.0,20.0,,21,公寓住宅,民用,8.1,12,0.0,8960.0,Heilongjiang,Haerbin,Daoli,Heilongjiang-Haerbin
264601,"安平街小区(安平街36-64号(双号),安化街47号,47-1号,安达街12号,14号)",哈尔滨,道里,中央大街,1988,小高层,"安平街36-64号(双号),安化街47号,47-1号,安达街12号,14号",126.6133275,45.75770349,,20.0,,782,公寓住宅,民用,7.9,12,0.0,8633.0,Heilongjiang,Haerbin,Daoli,Heilongjiang-Haerbin
266151,银行小区,哈尔滨,道里,哈一百,1986,小高层,买卖街231号,126.6230522,45.77449965,1.0,20.0,,439,公寓住宅,民用,7.7,12,0.0,7548.0,Heilongjiang,Haerbin,Daoli,Heilongjiang-Haerbin
266149,"东安街小区(东安街2-1号,副50号,10-70号(双号))",哈尔滨,道里,哈一百,1998,小高层,"东安街2-1号,副50号,10-70号(双号)",126.6187621,45.7612508,1.0,20.0,,476,公寓住宅,民用,8.3,12,0.0,9312.0,Heilongjiang,Haerbin,Daoli,Heilongjiang-Haerbin
266435,"安和街小区(安和街65-91号(单号),148号)",哈尔滨,道里,安发街,1991,小高层,"安和街65-91号(单号),148号",126.6042178,45.75481582,1.0,20.0,,486,公寓住宅,民用,8.2,12,-0.18,8544.0,Heilongjiang,Haerbin,Daoli,Heilongjiang-Haerbin
266436,"安顺街小区(安顺街170-182号(双号),安正街20号,22号,安丰街69号,71号)",哈尔滨,道里,安发街,2006,小高层,"安顺街170-182号(双号),安正街20号,22号,安丰街69号,71号",126.6046232,45.7647995,1.0,30.0,,415,公寓住宅,民用,8.2,12,-1.72,8311.0,Heilongjiang,Haerbin,Daoli,Heilongjiang-Haerbin
266437,"安固街小区(安固街66-76号(双号),安平街59号,75号)",哈尔滨,道里,安发街,2000,多层,"安固街66-76号(双号),安平街59号,75号",126.6110902,45.75653657,1.0,30.0,,331,公寓住宅,民用,8.3,12,0.0,8061.0,Heilongjiang,Haerbin,Daoli,Heilongjiang-Haerbin
266438,安发街102号院,哈尔滨,道里,安发街,2004,多层,安发街102号,126.6052819,45.75493244,1.0,30.0,,120,公寓住宅,民用,8.4,12,0.0,8000.0,Heilongjiang,Haerbin,Daoli,Heilongjiang-Haerbin
266439,抚顺街小区(抚顺街341号),哈尔滨,道里,安发街,2000,多层,抚顺街341号,126.6109156,45.75077985,1.0,30.0,,160,公寓住宅,民用,8.2,12,-0.52,8256.0,Heilongjiang,Haerbin,Daoli,Heilongjiang-Haerbin
266440,"安平街小区(安平街151号,安和街17号)",哈尔滨,道里,安发街,1995,小高层,"安平街151号,安和街17号",126.6096937,45.75271116,1.0,20.0,,128,公寓住宅,民用,8.2,12,0.0,9225.0,Heilongjiang,Haerbin,Daoli,Heilongjiang-Haerbin
266441,"安广街小区(安广街125号,127号)",哈尔滨,道里,安发街,1992,多层,"安广街125号,127号",126.6036068,45.75783043,1.0,20.0,,246,公寓住宅,民用,7.9,12,0.0,8400.0,Heilongjiang,Haerbin,Daoli,Heilongjiang-Haerbin
266442,"安升街小区(安升街7,9号)",哈尔滨,道里,安发街,1999,小高层,"安升街7,9号",126.6139674,45.75658936,1.0,20.0,,126,公寓住宅,民用,8.5,12,0.0,5797.0,Heilongjiang,Haerbin,Daoli,Heilongjiang-Haerbin
266443,"抚顺街小区(抚顺街371号,373号,安心街172号,180号)",哈尔滨,道里,安发街,2007,小高层,"抚顺街371号,373号,安心街172号,180号",126.6099877,45.74978026,1.0,30.0,,486,公寓住宅,民用,8.1,12,0.0,7149.0,Heilongjiang,Haerbin,Daoli,Heilongjiang-Haerbin
266444,安国街小区(安国街202-204号(双号)),哈尔滨,道里,安发街,2000,小高层,安国街202-204号(双号),126.6040718,45.75638609,1.0,30.0,,0,公寓住宅,民用,8.4,12,0.0,9133.0,Heilongjiang,Haerbin,Daoli,Heilongjiang-Haerbin
266445,安固街小区(安固街46-50号(双号)),哈尔滨,道里,安发街,1991,小高层,安固街46-50号(双号),126.6120757,45.75789996,1.0,20.0,,273,公寓住宅,民用,8.2,12,0.0,8471.0,Heilongjiang,Haerbin,Daoli,Heilongjiang-Haerbin
266446,安道街小区(安道街100号-116号(双号)),哈尔滨,道里,安发街,1986,小高层,安道街100号-116号(双号),126.6077748,45.76479357,1.0,20.0,,161,公寓住宅,民用,7.8,12,0.0,9800.0,Heilongjiang,Haerbin,Daoli,Heilongjiang-Haerbin
266434,"阳明街小区(阳明街4号-12号(双号),建国街83号)",哈尔滨,道里,安发街,2014,多层,"阳明街4号-12号(双号),建国街83号",126.5989172,45.75133315,1.0,30.0,,158,公寓住宅,民用,8.2,12,0.0,9448.0,Heilongjiang,Haerbin,Daoli,Heilongjiang-Haerbin
266457,"安吉街小区(安吉街20号,28号,36号)",哈尔滨,道里,安发街,2000,多层,"安吉街20号,28号,36号",126.6080926,45.75355531,1.0,30.0,,45,公寓住宅,民用,8.0,12,0.0,9000.0,Heilongjiang,Haerbin,Daoli,Heilongjiang-Haerbin
266458,安升街小区(安升街56-78号(双号)),哈尔滨,道里,安发街,2000,多层,安升街56-78号(双号),126.6102848,45.75740831,1.0,30.0,,129,公寓住宅,民用,8.1,12,0.0,9507.0,Heilongjiang,Haerbin,Daoli,Heilongjiang-Haerbin
266459,正义街小区(正义街32号-42号(双号)),哈尔滨,道里,安发街,2002,小高层,正义街32号-42号(双号),126.6043403,45.75853159,1.0,30.0,,80,公寓住宅,民用,8.0,12,0.0,8514.0,Heilongjiang,Haerbin,Daoli,Heilongjiang-Haerbin
266460,新阳路209号小区,哈尔滨,道里,安发街,2000,小高层,新阳路209号,126.6074476,45.75502189,1.0,30.0,,16,公寓住宅,民用,8.1,12,0.0,8800.0,Heilongjiang,Haerbin,Daoli,Heilongjiang-Haerbin
266461,"正义街小区(正义街2号,6号)",哈尔滨,道里,安发街,1988,小高层,"正义街2号,6号",126.6070167,45.75781492,1.0,20.0,,63,公寓住宅,民用,8.1,12,0.0,9576.0,Heilongjiang,Haerbin,Daoli,Heilongjiang-Haerbin
266462,安升街小区(安升街90-128号(双号)),哈尔滨,道里,安发街,1999,小高层,安升街90-128号(双号),126.6081554,45.75826406,1.0,20.0,,210,公寓住宅,民用,8.0,12,0.0,7760.0,Heilongjiang,Haerbin,Daoli,Heilongjiang-Haerbin
266433,"安松街小区(安松街82号,86号)",哈尔滨,道里,安发街,2000,小高层," 安松街82号,86号",126.6041036,45.76133369,1.0,25.0,,141,公寓住宅,民用,8.3,12,0.0,8468.0,Heilongjiang,Haerbin,Daoli,Heilongjiang-Haerbin
266432,安信街小区(安信街58号-86号(双号)),哈尔滨,道里,安发街,1993,小高层,安信街58号-86号(双号),126.6035903,45.75346653,1.0,20.0,,671,公寓住宅,民用,8.2,12,-4.9,8675.0,Heilongjiang,Haerbin,Daoli,Heilongjiang-Haerbin
266431,安国街小区(安国街198号-200号(双号)),哈尔滨,道里,安发街,1992,小高层,安国街198号-200号(双号),126.6040938,45.75659439,1.0,20.0,,297,公寓住宅,民用,8.1,12,0.0,8863.0,Heilongjiang,Haerbin,Daoli,Heilongjiang-Haerbin
266019,"哈药路小区(哈药路417号,425号,439号)",哈尔滨,道里,哈药路,2002,小高层,"哈药路417号,425号,439号",126.5900758,45.75638663,1.0,30.0,,225,公寓住宅,民用,8.0,12,0.0,9000.0,Heilongjiang,Haerbin,Daoli,Heilongjiang-Haerbin
266018,"阳明街小区(阳明街4号-12号(双号),建国街83号)",哈尔滨,道里,哈药路,2014,多层,"阳明街4号-12号(双号),建国街83号",126.5989172,45.75133315,1.0,30.0,,158,公寓住宅,民用,8.2,12,0.0,9448.0,Heilongjiang,Haerbin,Daoli,Heilongjiang-Haerbin
266017,"哈药路小区(哈药路277号-279号(单号),建国街97号-111号(单号))",哈尔滨,道里,哈药路,1993,多层,"哈药路277号-279号(单号),建国街97号-111号(单号)",126.5969708,45.75099005,1.0,20.0,,394,公寓住宅,民用,8.0,12,0.0,8454.0,Heilongjiang,Haerbin,Daoli,Heilongjiang-Haerbin
262148,哈西民主家园,哈尔滨,南岗,哈西,2017,高层,"顾新路,近西兴江南路",126.5697414,45.71723015,1.0,30.0,,4554,公寓住宅,民用,7.8,12,0.05,9532.0,Heilongjiang,Haerbin,Daoli,Heilongjiang-Haerbin
263141,经纬三道街小区(经纬三道街26号-30号(双号)),哈尔滨,南岗,和兴路,1998,多层,经纬三道街26号-30号(双号),126.6133336,45.76428483,1.0,20.0,,98,公寓住宅,民用,8.1,12,0.0,8384.0,Heilongjiang,Haerbin,Daoli,Heilongjiang-Haerbin
266016,"河广街小区(河广街16号-58号(双号),阳明街13号,建国街55号)",哈尔滨,道里,哈药路,1993,多层,"河广街16号-58号(双号),阳明街13号,建国街55号",126.5973962,45.75219867,1.0,20.0,,1086,公寓住宅,民用,7.7,12,-2.91,7359.0,Heilongjiang,Haerbin,Daoli,Heilongjiang-Haerbin
266015,"建国街小区(建国街146-184号(双号),建国南头道街39号)",哈尔滨,道里,哈药路,1991,小高层,"建国街146-184号(双号),建国南头道街39号",126.5960442,45.74738697,1.0,20.0,,265,公寓住宅,民用,8.2,12,0.0,9305.0,Heilongjiang,Haerbin,Daoli,Heilongjiang-Haerbin
263363,警校小区,哈尔滨,南岗,哈站,1993,多层|小高层,警校胡同7号,126.6213879,45.76089514,1.0,20.0,,904,公寓住宅,民用,8.8,12,0.0,10232.0,Heilongjiang,Haerbin,Daoli,Heilongjiang-Haerbin
264519,工厂街13号小区,哈尔滨,道里,霁虹街,2015,小高层,工厂街13号,126.625467,45.7650499,1.0,30.0,,105,公寓住宅,民用,9.1,12,-10.46,6910.0,Heilongjiang,Haerbin,Daoli,Heilongjiang-Haerbin
264520,霁虹街小区(霁虹街28号-34-3号),哈尔滨,道里,霁虹街,1996,多层,霁虹街28号-34-3号(双号),126.620138,45.76098093,1.0,30.0,,462,公寓住宅,民用,8.4,12,0.0,10222.0,Heilongjiang,Haerbin,Daoli,Heilongjiang-Haerbin
264521,"斜角街小区(斜角街14号-30号(双号),工厂街79号,工厂街106-118号(双号))",哈尔滨,道里,霁虹街,1990,小高层,"斜角街14号-30号(双号),工厂街79号,工厂街106-118号(双号)",126.6204343,45.76461229,1.0,20.0,,386,公寓住宅,民用,8.1,12,0.06,9968.0,Heilongjiang,Haerbin,Daoli,Heilongjiang-Haerbin
266414,"兆麟街小区(兆麟街23号,25-1号,25-2号)",哈尔滨,道里,安发街,1990,多层,"兆麟街23号,25-1号,25-2号",126.6216706,45.76507559,1.0,20.0,,189,公寓住宅,民用,8.3,12,0.0,8858.0,Heilongjiang,Haerbin,Daoli,Heilongjiang-Haerbin
266415,霁虹街60号小区,哈尔滨,道里,安发街,1994,小高层,霁虹街60号,126.6177099,45.76099768,1.0,20.0,,312,公寓住宅,民用,8.7,12,0.0,7394.0,Heilongjiang,Haerbin,Daoli,Heilongjiang-Haerbin
266416,"工厂街小区(工厂街174号,176-2号)",哈尔滨,道里,安发街,1994,小高层,"工厂街174号,176-2号",126.6152568,45.76261169,1.0,20.0,,156,公寓住宅,民用,8.3,12,0.0,8513.0,Heilongjiang,Haerbin,Daoli,Heilongjiang-Haerbin
266417,正阳小区西二街区,哈尔滨,道里,安发街,1986,小高层,河曲街26号,126.5865713,45.75505663,1.0,20.0,,623,公寓住宅,民用,7.6,12,0.0,10145.0,Heilongjiang,Haerbin,Daoli,Heilongjiang-Haerbin
266418,"经纬街小区(经纬街201号-207号(单号),225号)",哈尔滨,道里,安发街,1989,小高层,"经纬街201号-207号(单号),225号",126.6092906,45.7676478,1.0,20.0,,256,公寓住宅,民用,8.1,12,0.0,7323.0,Heilongjiang,Haerbin,Daoli,Heilongjiang-Haerbin
266419,"友谊路小区(友谊路30号-42号(双号),地段街225号,233号,239号)",哈尔滨,道里,安发街,1988,小高层,"友谊路30号-42号(双号),地段街225号,233号,239号",126.6206073,45.77732703,1.0,20.0,,510,公寓住宅,民用,7.9,12,0.0,10666.0,Heilongjiang,Haerbin,Daoli,Heilongjiang-Haerbin
266420,上游街37号小区,哈尔滨,道里,安发街,1996,小高层,上游街37号,126.6078118,45.7734261,1.0,20.0,,84,公寓住宅,民用,8.8,12,0.0,8319.0,Heilongjiang,Haerbin,Daoli,Heilongjiang-Haerbin
266421,安心街小区(安心街21-39号(单号)),哈尔滨,道里,安发街,1985,小高层,安心街21-39号(单号),126.6146217,45.75775067,,20.0,,174,公寓住宅,民用,8.5,12,0.05,8000.0,Heilongjiang,Haerbin,Daoli,Heilongjiang-Haerbin
266422,安顺街103号小区,哈尔滨,道里,安发街,1987,小高层,安顺街103号,126.609603,45.76349175,,20.0,,126,公寓住宅,民用,8.2,12,0.0,10000.0,Heilongjiang,Haerbin,Daoli,Heilongjiang-Haerbin
266423,"安祥街小区(安祥街5号,7号,安心街59号,安化街104-122(双号),安广街12-18(双号))",哈尔滨,道里,安发街,2000,多层,"安祥街5号,7号,安心街59号,安化街104-122(双号),安广街12-18(双号)",126.612185,45.75418009,1.0,20.0,,817,公寓住宅,民用,8.5,12,-0.16,8228.0,Heilongjiang,Haerbin,Daoli,Heilongjiang-Haerbin
266424,"安心街小区(安心街100号,102号,112-118号(双号),安祥街副2号)",哈尔滨,道里,安发街,1994,小高层,"安心街100号,102号,112-118号(双号),安祥街副2号",126.6130556,45.75371652,,20.0,,521,公寓住宅,民用,8.1,12,0.0,9483.0,Heilongjiang,Haerbin,Daoli,Heilongjiang-Haerbin
266425,"安平街小区(安平街102号,104号,安广街26号,34号)",哈尔滨,道里,安发街,1991,小高层,"安平街102号,104号,安广街26号,34号",126.6115486,45.75491571,1.0,20.0,,273,公寓住宅,民用,8.0,12,0.0,8514.0,Heilongjiang,Haerbin,Daoli,Heilongjiang-Haerbin
266426,"安固街小区(安固街93号,103号,安吉街2号)",哈尔滨,道里,安发街,1991,多层,"安固街93号,103号,安吉街2号",126.6092497,45.75454079,1.0,20.0,,0,公寓住宅,民用,8.1,12,0.0,7735.0,Heilongjiang,Haerbin,Daoli,Heilongjiang-Haerbin
266427,安化街小区(安化街52-78号(双号)),哈尔滨,道里,安发街,2000,小高层,安化街52-78号(双号),126.6141662,45.75787618,1.0,30.0,,670,公寓住宅,民用,8.5,12,-1.01,8097.0,Heilongjiang,Haerbin,Daoli,Heilongjiang-Haerbin
266428,"安平街小区(安平街99号,安广街44-62号(双号))",哈尔滨,道里,安发街,1991,小高层,"安平街99号,安广街44-62号(双号)",126.6106975,45.75508824,1.0,20.0,,322,公寓住宅,民用,8.2,12,0.0,9507.0,Heilongjiang,Haerbin,Daoli,Heilongjiang-Haerbin
266429,安定街107号小区,哈尔滨,道里,安发街,2010,小高层,安定街107号,126.6026254,45.75826734,1.0,30.0,,144,公寓住宅,民用,8.3,12,0.0,9138.0,Heilongjiang,Haerbin,Daoli,Heilongjiang-Haerbin
266430,"安信街小区(安信街10-48号(双号),新阳路267号)",哈尔滨,道里,安发街,1991,小高层,"安信街10-48号(双号),新阳路267号",126.6040583,45.75355783,1.0,30.0,,764,公寓住宅,民用,8.0,12,0.0,8217.0,Heilongjiang,Haerbin,Daoli,Heilongjiang-Haerbin
266463,新阳路127号小区,哈尔滨,道里,安发街,1988,小高层,新阳路127号,126.6090963,45.75704277,1.0,20.0,,48,公寓住宅,民用,7.9,12,0.0,8000.0,Heilongjiang,Haerbin,Daoli,Heilongjiang-Haerbin
266020,北五家园,哈尔滨,道里,哈药路,2002,多层,建国北四道街5号,126.5952136,45.75072188,1.0,30.0,,281,公寓住宅,民用,8.0,12,0.0,8533.0,Heilongjiang,Haerbin,Daoli,Heilongjiang-Haerbin
266464,安升街84号小区,哈尔滨,道里,安发街,2002,小高层,安升街84号,126.6096341,45.75767934,1.0,30.0,,91,公寓住宅,民用,8.0,12,0.0,8558.0,Heilongjiang,Haerbin,Daoli,Heilongjiang-Haerbin
266466,安德街77号小区,哈尔滨,道里,安发街,1991,小高层,安德街77号,126.6050813,45.75651702,1.0,20.0,,45,公寓住宅,民用,7.9,12,0.0,8400.0,Heilongjiang,Haerbin,Daoli,Heilongjiang-Haerbin
266500,新阳路319号小区,哈尔滨,道里,安发街,2002,小高层,新阳路319号,126.6018369,45.74882573,1.0,30.0,,104,公寓住宅,民用,7.9,12,0.0,9000.0,Heilongjiang,Haerbin,Daoli,Heilongjiang-Haerbin
266501,安心街79号小区,哈尔滨,道里,安发街,1987,小高层,安心街79号,126.6119565,45.75326724,1.0,20.0,,0,公寓住宅,民用,7.9,12,0.0,9503.0,Heilongjiang,Haerbin,Daoli,Heilongjiang-Haerbin
266502,安良街26号小区,哈尔滨,道里,安发街,1988,小高层,安良街26号,126.6104078,45.75946299,1.0,20.0,,96,公寓住宅,民用,7.9,12,0.0,9952.0,Heilongjiang,Haerbin,Daoli,Heilongjiang-Haerbin
266503,"安化街小区(安发街2-6号(双号),安心街95号,安化街162号)",哈尔滨,道里,安发街,1995,小高层,"安发街2-6号(双号),安心街95号,安化街162号",126.6096519,45.75173424,,20.0,,451,公寓住宅,民用,7.9,12,0.0,9275.0,Heilongjiang,Haerbin,Daoli,Heilongjiang-Haerbin
264522,工厂街小区(工厂街140-160号(双号)),哈尔滨,道里,霁虹街,1984,小高层,工厂街140-160号(双号),126.6175791,45.76303738,1.0,20.0,,224,公寓住宅,民用,8.2,12,0.0,8000.0,Heilongjiang,Haerbin,Daoli,Heilongjiang-Haerbin
264523,工厂街小区(工厂街38号-80号(双号)),哈尔滨,道里,霁虹街,1992,小高层,工厂街38号-80号(双号),126.6246029,45.76494864,1.0,20.0,,245,公寓住宅,民用,8.4,12,0.0,8103.0,Heilongjiang,Haerbin,Daoli,Heilongjiang-Haerbin
266504,抚顺街小区(抚顺街143-173号(单号)),哈尔滨,道里,安发街,2007,小高层,抚顺街143-173号,126.614107,45.75529411,1.0,30.0,,240,公寓住宅,民用,8.1,12,0.0,9476.0,Heilongjiang,Haerbin,Daoli,Heilongjiang-Haerbin
266505,安发街45号小区,哈尔滨,道里,安发街,1993,小高层,安发街45号,126.608222,45.75428723,1.0,20.0,,144,公寓住宅,民用,8.0,12,0.0,8068.0,Heilongjiang,Haerbin,Daoli,Heilongjiang-Haerbin
266506,"安松街小区(安松街23号,副23号,23-1号)",哈尔滨,道里,安发街,1994,小高层,"安松街23号,副23号,23-1号",126.6098676,45.76029178,1.0,20.0,,272,公寓住宅,民用,8.1,12,0.0,8687.0,Heilongjiang,Haerbin,Daoli,Heilongjiang-Haerbin
266507,"安固街小区(安固街16-42号(双号),安平街29号,37号)",哈尔滨,道里,安发街,1990,小高层,"安固街16-42号(双号),安平街29号,37号",126.612549,45.75960205,1.0,20.0,,514,公寓住宅,民用,8.0,12,0.0,9311.0,Heilongjiang,Haerbin,Daoli,Heilongjiang-Haerbin
266508,安定街小区(安定街147号-165号(单号)),哈尔滨,道里,安发街,1997,多层,安定街147号-165号(单号),126.6018345,45.75596225,1.0,20.0,,269,公寓住宅,民用,8.1,12,0.0,8666.0,Heilongjiang,Haerbin,Daoli,Heilongjiang-Haerbin
264524,警校小区,哈尔滨,道里,霁虹街,1993,多层|小高层,警校胡同7号,126.6213879,45.76089514,1.0,20.0,,904,公寓住宅,民用,8.8,12,0.0,10232.0,Heilongjiang,Haerbin,Daoli,Heilongjiang-Haerbin
264525,"抚顺街小区(抚顺街65-127号(单号),安心街46号)",哈尔滨,道里,霁虹街,2007,小高层,"抚顺街65-127号(单号),安心街46号",126.6153659,45.75791928,1.0,30.0,,368,公寓住宅,民用,8.4,12,0.0,9461.0,Heilongjiang,Haerbin,Daoli,Heilongjiang-Haerbin
266499,安升街127号小区,哈尔滨,道里,安发街,2002,小高层,安升街127号,126.6032399,45.76060457,1.0,30.0,,168,公寓住宅,民用,8.0,12,0.0,8761.0,Heilongjiang,Haerbin,Daoli,Heilongjiang-Haerbin
264528,工厂街31号小区,哈尔滨,道里,霁虹街,2015,小高层,工厂街31号,126.6236088,45.76471782,1.0,30.0,,0,公寓住宅,民用,8.5,12,0.0,7657.0,Heilongjiang,Haerbin,Daoli,Heilongjiang-Haerbin
264529,田地街24号小区,哈尔滨,道里,霁虹街,2006,小高层,田地街24号,126.6267979,45.76674262,1.0,30.0,,205,公寓住宅,民用,8.4,12,0.0,7538.0,Heilongjiang,Haerbin,Daoli,Heilongjiang-Haerbin
264530,"买卖街小区(买卖街14-1号,14-2号,26号,32号)",哈尔滨,道里,霁虹街,1991,小高层,"买卖街14-1号,14-2号,26号,32号",126.6259944,45.76545097,1.0,20.0,,192,公寓住宅,民用,8.1,12,0.0,8020.0,Heilongjiang,Haerbin,Daoli,Heilongjiang-Haerbin
264531,"电车街小区(电车街7号,9号)",哈尔滨,道里,霁虹街,1994,小高层,"电车街7号,9号",126.6231721,45.76357699,1.0,20.0,,66,公寓住宅,民用,8.4,12,0.0,8666.0,Heilongjiang,Haerbin,Daoli,Heilongjiang-Haerbin
264591,99号公馆,哈尔滨,道里,中央大街,2011,超高层,尚志大街99号,126.6173556,45.77177745,1.0,20.0,,1190,公寓住宅,民用,8.3,12,-0.3,9902.0,Heilongjiang,Haerbin,Daoli,Heilongjiang-Haerbin
264592,公园一品,哈尔滨,道里,中央大街,2008,高层,森林街72号,126.6187421,45.773441,1.0,35.0,,132,公寓住宅,民用,8.4,12,0.0,19841.0,Heilongjiang,Haerbin,Daoli,Heilongjiang-Haerbin
264593,荣耀世纪小区,哈尔滨,道里,中央大街,2000,高层,西十三道街58号,126.6155841,45.76766452,1.0,25.0,,540,公寓住宅,民用,8.8,12,0.0,13473.0,Heilongjiang,Haerbin,Daoli,Heilongjiang-Haerbin
264594,麦凯乐国际公寓,哈尔滨,道里,中央大街,2018,高层,"西七道街73号,兆麟街90号",126.6181499,45.77018161,1.0,36.0,,1651,公寓住宅,民用,8.6,12,-1.62,10611.0,Heilongjiang,Haerbin,Daoli,Heilongjiang-Haerbin
264595,"友谊路小区(友谊路293号,295号)",哈尔滨,道里,中央大街,2000,多层,"友谊路293号,295号",126.6006073,45.7732347,1.0,30.0,,90,公寓住宅,民用,7.9,12,0.0,11857.0,Heilongjiang,Haerbin,Daoli,Heilongjiang-Haerbin
264596,安德街110号小区,哈尔滨,道里,中央大街,1996,小高层,安德街110号,126.6062914,45.75717328,1.0,20.0,,441,公寓住宅,民用,8.0,12,-0.22,8863.0,Heilongjiang,Haerbin,Daoli,Heilongjiang-Haerbin
264597,"经纬头道街小区(经纬头道街52号,北安街2-12号(双号))",哈尔滨,道里,中央大街,1987,小高层,"经纬头道街52号,北安街2-12号(双号)",126.6157712,45.76153692,1.0,20.0,,290,公寓住宅,民用,8.3,12,0.0,8146.0,Heilongjiang,Haerbin,Daoli,Heilongjiang-Haerbin
264598,"地段街小区(地段街193号,森林街31号,朝阳胡同2-10号(双号))",哈尔滨,道里,中央大街,1993,多层,"地段街193号,森林街31号,朝阳胡同2-10号(双号)",126.6204514,45.77460545,1.0,20.0,,508,公寓住宅,民用,8.4,12,0.0,9581.0,Heilongjiang,Haerbin,Daoli,Heilongjiang-Haerbin
264599,尚志小区,哈尔滨,道里,中央大街,1985,小高层,尚志胡同15号,126.6153168,45.77827491,1.0,20.0,,419,公寓住宅,民用,8.0,12,0.0,10327.0,Heilongjiang,Haerbin,Daoli,Heilongjiang-Haerbin
264527,"工厂街小区(工厂街24号,地段街3号)",哈尔滨,道里,霁虹街,2015,小高层,"工厂街24号,地段街3号",126.6256758,45.76454753,1.0,30.0,,285,公寓住宅,民用,8.4,12,0.0,7300.0,Heilongjiang,Haerbin,Daoli,Heilongjiang-Haerbin
266498,安松街小区(安松街47号-55号(单号)),哈尔滨,道里,安发街,1991,小高层,安松街47号-55号(单号),126.6072944,45.76086766,1.0,20.0,,96,公寓住宅,民用,8.0,12,0.0,9135.0,Heilongjiang,Haerbin,Daoli,Heilongjiang-Haerbin
266497,安升街79号小区,哈尔滨,道里,安发街,2000,小高层,安升街79号,126.607576,45.75894215,1.0,30.0,,77,公寓住宅,民用,8.1,12,0.0,7966.0,Heilongjiang,Haerbin,Daoli,Heilongjiang-Haerbin
266496,安松街小区(安松街12号-16号(双号)),哈尔滨,道里,安发街,1996,小高层,安松街12号-16号(双号),126.6095476,45.76008327,1.0,20.0,,63,公寓住宅,民用,8.2,12,0.0,9450.0,Heilongjiang,Haerbin,Daoli,Heilongjiang-Haerbin
266467,安德街116号小区,哈尔滨,道里,安发街,1991,小高层,安德街116号,126.6054633,45.75598776,1.0,20.0,,56,公寓住宅,民用,7.8,12,0.0,8506.0,Heilongjiang,Haerbin,Daoli,Heilongjiang-Haerbin
266468,安德街小区(安德街126号-142号(双号)),哈尔滨,道里,安发街,1991,小高层,安德街126号-142号(双号),126.6050861,45.75598085,1.0,20.0,,224,公寓住宅,民用,7.8,12,0.0,8844.0,Heilongjiang,Haerbin,Daoli,Heilongjiang-Haerbin
266469,安德街91号小区,哈尔滨,道里,安发街,1991,小高层,安德街91号,126.6044391,45.75592539,1.0,20.0,,152,公寓住宅,民用,7.8,12,0.0,8400.0,Heilongjiang,Haerbin,Daoli,Heilongjiang-Haerbin
266470,安定街小区(安定街74号-78号(双号)),哈尔滨,道里,安发街,2010,小高层,安定街74号-78号(双号),126.6042799,45.75939041,1.0,30.0,,106,公寓住宅,民用,8.1,12,0.0,10145.0,Heilongjiang,Haerbin,Daoli,Heilongjiang-Haerbin
266471,安国街169号小区,哈尔滨,道里,安发街,2004,小高层,安国街169号,126.603592,45.75686992,1.0,30.0,,72,公寓住宅,民用,8.0,12,0.0,9000.0,Heilongjiang,Haerbin,Daoli,Heilongjiang-Haerbin
266472,"安国街小区(安国街168号,安广街91号,安国街182号)",哈尔滨,道里,安发街,2015,小高层,安国街168号,126.6049961,45.75790377,1.0,30.0,,344,公寓住宅,民用,8.4,12,0.0,9106.0,Heilongjiang,Haerbin,Daoli,Heilongjiang-Haerbin
266473,安升街小区(安升街166号-170号(双号)),哈尔滨,道里,安发街,2001,小高层,安升街166号-170号(双号),126.6049032,45.7595636,1.0,30.0,,126,公寓住宅,民用,8.0,12,0.0,7160.0,Heilongjiang,Haerbin,Daoli,Heilongjiang-Haerbin
266474,正义街小区(正义街16号-22号(双号)),哈尔滨,道里,安发街,2000,小高层,正义街16号-22号(双号),126.60566,45.75819382,1.0,30.0,,216,公寓住宅,民用,8.3,12,0.0,8263.0,Heilongjiang,Haerbin,Daoli,Heilongjiang-Haerbin
266475,安升街小区(安升街178号-184号(双号)),哈尔滨,道里,安发街,2002,小高层,安升街178号-184号(双号),126.6035892,45.76002435,1.0,30.0,,168,公寓住宅,民用,8.0,12,0.0,7942.0,Heilongjiang,Haerbin,Daoli,Heilongjiang-Haerbin
266476,"正义街小区(正义街48号,52号)",哈尔滨,道里,安发街,2000,小高层,"正义街48号,52号",126.6036912,45.75872564,1.0,30.0,,64,公寓住宅,民用,8.0,12,0.0,7709.0,Heilongjiang,Haerbin,Daoli,Heilongjiang-Haerbin
266477,"安松街小区(安松街97号,109号)",哈尔滨,道里,安发街,1991,小高层,"安松街97号,109号 ",126.6040699,45.76163253,1.0,20.0,,132,公寓住宅,民用,7.9,12,0.0,7916.0,Heilongjiang,Haerbin,Daoli,Heilongjiang-Haerbin
266478,安静街21号小区,哈尔滨,道里,安发街,2015,小高层,安静街21号,126.6093205,45.76119872,1.0,30.0,,0,公寓住宅,民用,8.4,12,0.0,8773.0,Heilongjiang,Haerbin,Daoli,Heilongjiang-Haerbin
266479,安宁街小区(安宁街80号-114号(双号)),哈尔滨,道里,安发街,2016,小高层,安宁街80号-114号(双号),126.6087354,45.7617342,1.0,30.0,,453,公寓住宅,民用,8.4,12,0.0,7960.0,Heilongjiang,Haerbin,Daoli,Heilongjiang-Haerbin
266480,"安静街小区(安静街38号,40号)",哈尔滨,道里,安发街,2015,小高层,"安静街38号,40号",126.6090318,45.76001027,1.0,30.0,,36,公寓住宅,民用,8.2,12,0.0,8422.0,Heilongjiang,Haerbin,Daoli,Heilongjiang-Haerbin
266481,"安宁街小区(安宁街50号,54号)",哈尔滨,道里,安发街,1991,小高层,"安宁街50号,54号",126.6110353,45.76112388,1.0,20.0,,54,公寓住宅,民用,8.0,12,0.0,9541.0,Heilongjiang,Haerbin,Daoli,Heilongjiang-Haerbin
266482,安静街22号小区,哈尔滨,道里,安发街,2015,小高层,安静街22号,126.6098084,45.7611844,1.0,30.0,,203,公寓住宅,民用,8.4,12,0.0,8747.0,Heilongjiang,Haerbin,Daoli,Heilongjiang-Haerbin
266483,安宁街58号小区,哈尔滨,道里,安发街,1991,小高层,安宁街58号,126.6115865,45.76108904,1.0,20.0,,72,公寓住宅,民用,8.0,12,0.0,8000.0,Heilongjiang,Haerbin,Daoli,Heilongjiang-Haerbin
266484,安宁街95号小区,哈尔滨,道里,安发街,1991,小高层,安宁街95号,126.61004,45.76131669,1.0,20.0,,88,公寓住宅,民用,8.0,12,0.0,8807.0,Heilongjiang,Haerbin,Daoli,Heilongjiang-Haerbin
266485,安宁街副83号小区,哈尔滨,道里,安发街,1991,小高层,安宁街副83号,126.6106808,45.76146989,1.0,20.0,,21,公寓住宅,民用,8.1,12,0.0,8960.0,Heilongjiang,Haerbin,Daoli,Heilongjiang-Haerbin
266486,安宁街81号小区,哈尔滨,道里,安发街,1991,小高层,安宁街81号,126.6114576,45.76151232,1.0,20.0,,64,公寓住宅,民用,8.0,12,0.0,8133.0,Heilongjiang,Haerbin,Daoli,Heilongjiang-Haerbin
266487,安松街9号小区,哈尔滨,道里,安发街,1991,小高层,安松街9号,126.6108799,45.76014913,1.0,20.0,,64,公寓住宅,民用,8.0,12,0.0,7500.0,Heilongjiang,Haerbin,Daoli,Heilongjiang-Haerbin
266488,安宁街75号小区,哈尔滨,道里,安发街,1991,小高层,安宁街75号,126.6119559,45.76121069,1.0,20.0,,84,公寓住宅,民用,7.9,12,0.0,8492.0,Heilongjiang,Haerbin,Daoli,Heilongjiang-Haerbin
266489,安良街8号小区,哈尔滨,道里,安发街,2002,小高层,安良街8号,126.6113102,45.76072274,,30.0,,18,公寓住宅,民用,8.2,12,0.0,9966.0,Heilongjiang,Haerbin,Daoli,Heilongjiang-Haerbin
266490,安升街33号小区,哈尔滨,道里,安发街,2002,小高层,安升街33号,126.6099651,45.75801107,1.0,30.0,,70,公寓住宅,民用,8.1,12,0.0,7320.0,Heilongjiang,Haerbin,Daoli,Heilongjiang-Haerbin
266491,安宁街46号小区,哈尔滨,道里,安发街,1991,小高层,安宁街46号,126.6118685,45.76111732,1.0,20.0,,56,公寓住宅,民用,7.9,12,0.0,10170.0,Heilongjiang,Haerbin,Daoli,Heilongjiang-Haerbin
266492,安良街40号小区,哈尔滨,道里,安发街,2005,小高层,安良街40号,126.6098035,45.75903029,1.0,30.0,,105,公寓住宅,民用,8.1,12,0.0,8400.0,Heilongjiang,Haerbin,Daoli,Heilongjiang-Haerbin
266493,"安升街小区(安升街53号,安静街50-56号(双号))",哈尔滨,道里,安发街,1999,小高层,"安升街53号,安静街50-56号(双号)",126.6087917,45.75850038,1.0,20.0,,256,公寓住宅,民用,7.9,12,0.0,8558.0,Heilongjiang,Haerbin,Daoli,Heilongjiang-Haerbin
266494,安良街39号小区,哈尔滨,道里,安发街,2000,小高层,安良街39号,126.6098266,45.75961088,1.0,30.0,,150,公寓住宅,民用,8.3,12,0.0,9312.0,Heilongjiang,Haerbin,Daoli,Heilongjiang-Haerbin
266495,安达街38号小区,哈尔滨,道里,安发街,2000,小高层,安达街38号,126.6102606,45.75917977,1.0,30.0,,56,公寓住宅,民用,8.4,12,0.0,7942.0,Heilongjiang,Haerbin,Daoli,Heilongjiang-Haerbin
266465,安静街57号小区,哈尔滨,道里,安发街,2015,小高层,安静街57号,126.6072323,45.75706315,1.0,30.0,,28,公寓住宅,民用,8.2,12,0.0,10166.0,Heilongjiang,Haerbin,Daoli,Heilongjiang-Haerbin
266021,"建国北头道街小区(建国北头道街3-15号(单号),建国北二道街18,20号)",哈尔滨,道里,哈药路,2015,多层,"建国北头道街3-15号(单号),建国北二道街18,20号",126.5956509,45.74861047,1.0,30.0,,414,公寓住宅,民用,8.1,12,-0.71,8413.0,Heilongjiang,Haerbin,Daoli,Heilongjiang-Haerbin
266022,"河清街小区(河清街25号,河梁街7号)",哈尔滨,道里,哈药路,1991,小高层,"河清街25号,河梁街7号",126.5887461,45.75556472,1.0,20.0,,111,公寓住宅,民用,7.8,12,0.0,7549.0,Heilongjiang,Haerbin,Daoli,Heilongjiang-Haerbin
266023,河曲街5号小区,哈尔滨,道里,哈药路,1991,多层,河曲街5号,126.5882497,45.75404194,1.0,20.0,,140,公寓住宅,民用,7.9,12,0.0,9322.0,Heilongjiang,Haerbin,Daoli,Heilongjiang-Haerbin
266115,环卫汽车对家属楼,哈尔滨,道里,埃德蒙顿路,2014,多层,工农大街160号,126.5570523,45.71865972,1.0,30.0,,16,公寓住宅,民用,7.0,12,0.0,7900.0,Heilongjiang,Haerbin,Daoli,Heilongjiang-Haerbin
266114,城乡路148号小区,哈尔滨,道里,埃德蒙顿路,2007,小高层,城乡路148号,126.5688169,45.7197055,1.0,30.0,,320,公寓住宅,民用,7.6,12,0.0,6243.0,Heilongjiang,Haerbin,Daoli,Heilongjiang-Haerbin
266113,河曲街2号小区,哈尔滨,道里,埃德蒙顿路,1988,小高层,河曲街2号,126.5884781,45.75311226,1.0,20.0,,140,公寓住宅,民用,7.8,12,0.0,9114.0,Heilongjiang,Haerbin,Daoli,Heilongjiang-Haerbin
266112,乡政街149号小区,哈尔滨,道里,埃德蒙顿路,1993,小高层,乡政街149号,126.5850729,45.73265152,1.0,20.0,,180,公寓住宅,民用,7.4,12,0.0,8846.0,Heilongjiang,Haerbin,Daoli,Heilongjiang-Haerbin
266111,"通达街小区(通达街300号,310号)",哈尔滨,道里,埃德蒙顿路,1998,小高层,"通达街300号,310号",126.5948052,45.74702353,1.0,20.0,,36,公寓住宅,民用,8.1,12,0.0,9576.0,Heilongjiang,Haerbin,Daoli,Heilongjiang-Haerbin
266110,康安路39号小区,哈尔滨,道里,埃德蒙顿路,1996,小高层,康安路39号,126.5992046,45.73530849,1.0,20.0,,96,公寓住宅,民用,7.8,12,0.0,7158.0,Heilongjiang,Haerbin,Daoli,Heilongjiang-Haerbin
266109,建议街小区(建议街28号-34号(双号)),哈尔滨,道里,埃德蒙顿路,2000,小高层,建议街28号-34号(双号),126.5977848,45.74749748,1.0,20.0,,90,公寓住宅,民用,8.0,12,0.0,8800.0,Heilongjiang,Haerbin,Daoli,Heilongjiang-Haerbin
266108,"新阳路小区(新阳路236号,238号)",哈尔滨,道里,埃德蒙顿路,1988,小高层,"新阳路236号,238号",126.6062407,45.75249385,1.0,20.0,,96,公寓住宅,民用,7.9,12,0.0,9085.0,Heilongjiang,Haerbin,Daoli,Heilongjiang-Haerbin
266107,前进路小区(前进路81号-85号(单号)),哈尔滨,道里,埃德蒙顿路,1997,小高层,前进路81号-85号(单号)),126.5844038,45.74282943,1.0,20.0,,232,公寓住宅,民用,7.5,12,0.0,7332.0,Heilongjiang,Haerbin,Daoli,Heilongjiang-Haerbin
266106,民庆商住综合楼,哈尔滨,道里,埃德蒙顿路,2006,小高层,新阳路472号,126.5977759,45.74339153,,30.0,,88,公寓住宅,民用,7.7,12,0.0,8448.0,Heilongjiang,Haerbin,Daoli,Heilongjiang-Haerbin
266105,顾乡南二道街20号小区,哈尔滨,道里,埃德蒙顿路,1998,小高层,顾乡南二道街20号,126.5847082,45.73554685,1.0,20.0,,248,公寓住宅,民用,7.5,12,0.0,7859.0,Heilongjiang,Haerbin,Daoli,Heilongjiang-Haerbin
266104,安发街73号小区,哈尔滨,道里,埃德蒙顿路,1993,小高层,安发街73号,126.6048979,45.75556076,1.0,20.0,,136,公寓住宅,民用,7.7,12,0.0,8875.0,Heilongjiang,Haerbin,Daoli,Heilongjiang-Haerbin
266103,正阳小区东一街区,哈尔滨,道里,埃德蒙顿路,1986,小高层,哈药路507号,126.5889353,45.75822787,1.0,20.0,,1100,公寓住宅,民用,7.7,12,0.0,9551.0,Heilongjiang,Haerbin,Daoli,Heilongjiang-Haerbin
266116,"工程街小区(工程街184,186号,友谊路392-398号)",哈尔滨,道里,工程街,1989,小高层,"工程街184,186号,友谊路392-398号",126.5949633,45.76636788,1.0,20.0,,1335,公寓住宅,民用,8.0,12,0.36,9659.0,Heilongjiang,Haerbin,Daoli,Heilongjiang-Haerbin
266102,"共和街小区(共和街2-6号(双号),哈药路4号,民安街25号)",哈尔滨,道里,埃德蒙顿路,2000,小高层,"共和街2-6号(双号),哈药路4号,民安街25号",126.6055458,45.74610138,,30.0,,193,公寓住宅,民用,7.8,12,0.0,8536.0,Heilongjiang,Haerbin,Daoli,Heilongjiang-Haerbin
266100,商业设计院家属楼,哈尔滨,道里,埃德蒙顿路,1991,小高层,民众街42号-64号(双号),126.6010619,45.73604414,1.0,20.0,,128,公寓住宅,民用,8.1,12,0.0,8500.0,Heilongjiang,Haerbin,Daoli,Heilongjiang-Haerbin
266099,松源街小区(松源街4号-18号(双号)),哈尔滨,道里,埃德蒙顿路,1994,小高层,松源街4号-18号(双号),126.5913364,45.7458576,1.0,20.0,,176,公寓住宅,民用,7.7,12,0.0,8796.0,Heilongjiang,Haerbin,Daoli,Heilongjiang-Haerbin
266098,前进路7号小区,哈尔滨,道里,埃德蒙顿路,1991,小高层,前进路7号,126.5919183,45.75178175,1.0,20.0,,144,公寓住宅,民用,7.5,12,0.0,9069.0,Heilongjiang,Haerbin,Daoli,Heilongjiang-Haerbin
266097,原福胜街7号小区,哈尔滨,道里,埃德蒙顿路,1987,小高层,原福胜街7号,126.6108064,45.74851757,1.0,20.0,,30,公寓住宅,民用,8.2,12,0.0,8000.0,Heilongjiang,Haerbin,Daoli,Heilongjiang-Haerbin
266096,中医院家属楼(道里),哈尔滨,道里,埃德蒙顿路,1997,小高层,建国街副270号,126.5905769,45.74162934,1.0,20.0,,182,公寓住宅,民用,7.7,12,0.0,7217.0,Heilongjiang,Haerbin,Daoli,Heilongjiang-Haerbin
266095,融创星美御,哈尔滨,道里,埃德蒙顿路,Apr-22,高层,"埃德蒙顿路,近康安二道街",126.5894754,45.73614247,,30.0,,1,公寓住宅,民用,8.3,12,0.0,12000.0,Heilongjiang,Haerbin,Daoli,Heilongjiang-Haerbin
266094,新华街42号小区,哈尔滨,道里,埃德蒙顿路,2007,小高层,新华街42号,126.5847605,45.73411333,1.0,30.0,,255,公寓住宅,民用,7.8,12,0.0,8760.0,Heilongjiang,Haerbin,Daoli,Heilongjiang-Haerbin
266093,"新阳路小区(新阳路501号,501-1号,501-2号,建国街270-1号,新学路2号)",哈尔滨,道里,埃德蒙顿路,1998,多层,"新阳路501号,501-1号,501-2号,建国街270-1号,新学路2号",126.5937779,45.74017527,1.0,20.0,,0,公寓住宅,民用,7.7,12,0.0,7264.0,Heilongjiang,Haerbin,Daoli,Heilongjiang-Haerbin
266092,康安二道街3号小区,哈尔滨,道里,埃德蒙顿路,2007,小高层,康安二道街3号,126.5882856,45.73804097,1.0,30.0,,0,公寓住宅,民用,7.8,12,0.0,6615.0,Heilongjiang,Haerbin,Daoli,Heilongjiang-Haerbin
266091,顾乡大街77号小区,哈尔滨,道里,埃德蒙顿路,2007,小高层,顾乡大街77号,126.581553,45.73579785,1.0,30.0,,273,公寓住宅,民用,7.7,12,0.0,6651.0,Heilongjiang,Haerbin,Daoli,Heilongjiang-Haerbin
266090,南头道街21号小区,哈尔滨,道里,埃德蒙顿路,2001,多层,南头道街21号,126.5921083,45.7384364,,30.0,,56,公寓住宅,民用,7.7,12,0.0,7000.0,Heilongjiang,Haerbin,Daoli,Heilongjiang-Haerbin
266101,"民众街小区(民众街146号-158号(双号),康安路47号)",哈尔滨,道里,埃德蒙顿路,1997,小高层,"民众街146号-158号(双号),康安路47号",126.5981775,45.73571407,1.0,20.0,,196,公寓住宅,民用,7.9,12,0.0,7740.0,Heilongjiang,Haerbin,Daoli,Heilongjiang-Haerbin
266117,"友谊路小区(友谊路316号-368号(双号),工程街83-3号)",哈尔滨,道里,工程街,1989,小高层,"友谊路316号-368号(双号),工程街83-3号",126.5958311,45.76844301,1.0,20.0,,533,公寓住宅,民用,7.7,12,-0.31,9259.0,Heilongjiang,Haerbin,Daoli,Heilongjiang-Haerbin
266118,工程街69号小区,哈尔滨,道里,工程街,1983,小高层,工程街69号,126.5973045,45.76874246,1.0,20.0,,128,公寓住宅,民用,7.6,12,0.0,9576.0,Heilongjiang,Haerbin,Daoli,Heilongjiang-Haerbin
266119,"工程街小区(工程街116号-130号(双号),工部街76号-80号(双号))",哈尔滨,道里,工程街,1990,小高层,"工程街116号-130号(双号),工部街76号-80号(双号)",126.5984269,45.76924369,1.0,20.0,,320,公寓住宅,民用,7.5,12,0.0,8828.0,Heilongjiang,Haerbin,Daoli,Heilongjiang-Haerbin
266148,霁虹街小区(霁虹街28号-34-3号),哈尔滨,道里,哈一百,1996,多层,霁虹街28号-34-3号(双号),126.620138,45.76098093,1.0,30.0,,462,公寓住宅,民用,8.4,12,0.0,10222.0,Heilongjiang,Haerbin,Daoli,Heilongjiang-Haerbin
266147,"工厂街小区(工厂街127号,127-1号,131号,131-1号,经纬头道街3号,11号,25-4号)",哈尔滨,道里,哈一百,1988,小高层,"工厂街127号,127-1号,131号,131-1号,经纬头道街3号,11号,25-4号",126.6158681,45.76302335,1.0,20.0,,458,公寓住宅,民用,8.1,12,0.0,8904.0,Heilongjiang,Haerbin,Daoli,Heilongjiang-Haerbin
266146,安丰街45号小区,哈尔滨,道里,哈一百,1991,小高层,安丰街45号,126.6060107,45.76354727,1.0,20.0,,105,公寓住宅,民用,8.2,12,0.0,8807.0,Heilongjiang,Haerbin,Daoli,Heilongjiang-Haerbin
266145,"买卖街小区(买卖街200-218号(双号),森林街14号)",哈尔滨,道里,哈一百,1984,小高层,"买卖街200-218号(双号),森林街14号",126.6222035,45.77430899,1.0,20.0,,219,公寓住宅,民用,7.8,12,0.0,9966.0,Heilongjiang,Haerbin,Daoli,Heilongjiang-Haerbin
266144,工厂街13号小区,哈尔滨,道里,哈一百,2015,小高层,工厂街13号,126.625467,45.7650499,1.0,30.0,,105,公寓住宅,民用,9.1,12,-10.46,6910.0,Heilongjiang,Haerbin,Daoli,Heilongjiang-Haerbin
266143,"抚顺街小区(抚顺街副1号,安新街6号)",哈尔滨,道里,哈一百,1990,小高层,"抚顺街副1号,安新街6号",126.6168759,45.76111093,1.0,20.0,,247,公寓住宅,民用,8.2,12,0.0,8297.0,Heilongjiang,Haerbin,Daoli,Heilongjiang-Haerbin
266142,环桥家园,哈尔滨,道里,河鼓街,2003,多层,河鼓街3号,126.5891123,45.75111411,1.0,20.0,,525,公寓住宅,民用,7.9,12,0.0,9839.0,Heilongjiang,Haerbin,Daoli,Heilongjiang-Haerbin
266141,"前进路小区(前进路41号,43号)",哈尔滨,道里,河鼓街,1991,小高层,"前进路41号,43号",126.5910034,45.75068699,1.0,20.0,,168,公寓住宅,民用,7.7,12,0.0,8100.0,Heilongjiang,Haerbin,Daoli,Heilongjiang-Haerbin
266140,达道街28号小区,哈尔滨,道里,河鼓街,2015,小高层,达道街28号,126.5931143,45.75422449,1.0,30.0,,120,公寓住宅,民用,8.0,12,0.0,7368.0,Heilongjiang,Haerbin,Daoli,Heilongjiang-Haerbin
266139,河洲街小区(河洲街56号-64号(双号)),哈尔滨,道里,河鼓街,1990,多层,河洲街56号-64号(双号),126.5832466,45.754046,1.0,20.0,,322,公寓住宅,民用,7.4,12,0.0,8275.0,Heilongjiang,Haerbin,Daoli,Heilongjiang-Haerbin
266135,"河清街小区(河清街103-3号,111号,河洛街副4-3号)",哈尔滨,道里,河鼓街,2003,多层,"河清街103-3号,111号,河洛街副4-3号",126.5871748,45.7576774,,30.0,,49,公寓住宅,民用,7.6,12,-2.85,8233.0,Heilongjiang,Haerbin,Daoli,Heilongjiang-Haerbin
266134,"河阳街小区(河阳街15号,河江街42号-46号(双号),阳明街5号,20号-24号(双号))",哈尔滨,道里,河鼓街,2000,小高层,"河阳街15号,河江街42号-46号(双号),阳明街5号,20号-24号(双号)",126.5954586,45.75332203,1.0,30.0,,337,公寓住宅,民用,8.1,12,0.0,8062.0,Heilongjiang,Haerbin,Daoli,Heilongjiang-Haerbin
266133,河曲街5号小区,哈尔滨,道里,河鼓街,1991,多层,河曲街5号,126.5882497,45.75404194,1.0,20.0,,140,公寓住宅,民用,7.9,12,0.0,9322.0,Heilongjiang,Haerbin,Daoli,Heilongjiang-Haerbin
266132,"河清街小区(河清街25号,河梁街7号)",哈尔滨,道里,河鼓街,1991,小高层,"河清街25号,河梁街7号",126.5887461,45.75556472,1.0,20.0,,111,公寓住宅,民用,7.8,12,0.0,7549.0,Heilongjiang,Haerbin,Daoli,Heilongjiang-Haerbin
266131,河洲街27号小区,哈尔滨,道里,河鼓街,2000,多层,河洲街27号,126.5859198,45.75584879,1.0,30.0,,160,公寓住宅,民用,8.0,12,0.0,8200.0,Heilongjiang,Haerbin,Daoli,Heilongjiang-Haerbin
266130,共乐西头道街56号小区,哈尔滨,道里,河鼓街,1992,多层,共乐西头道街56号,126.5927258,45.75042468,1.0,20.0,,63,公寓住宅,民用,7.7,12,0.0,10562.0,Heilongjiang,Haerbin,Daoli,Heilongjiang-Haerbin
266129,"河梁街小区(河梁街70号,72号,河鼓街32号,32-1号)",哈尔滨,道里,河鼓街,2007,小高层,"河梁街70号,72号,河鼓街32号,32-1号",126.58627,45.75323222,1.0,30.0,,373,公寓住宅,民用,8.2,12,0.0,10434.0,Heilongjiang,Haerbin,Daoli,Heilongjiang-Haerbin
266128,"河润街小区(河润街2号-24号(双号),河江街58号)",哈尔滨,道里,河鼓街,1991,小高层,"河润街2号-24号(双号),河江街58号",126.5940821,45.75193193,1.0,20.0,,513,公寓住宅,民用,7.8,12,0.0,9400.0,Heilongjiang,Haerbin,Daoli,Heilongjiang-Haerbin
266127,河鼓小区,哈尔滨,道里,河鼓街,2001,多层,河鼓街32号,126.5872416,45.75206398,1.0,31.0,,1316,公寓住宅,民用,8.0,12,0.0,7960.0,Heilongjiang,Haerbin,Daoli,Heilongjiang-Haerbin
266126,工程街9号小区,哈尔滨,道里,工程街,1987,多层,友谊路,126.6023598,45.77343965,1.0,20.0,,141,公寓住宅,民用,7.6,12,0.0,9966.0,Heilongjiang,Haerbin,Daoli,Heilongjiang-Haerbin
266123,红霞街132号小区,哈尔滨,道里,工程街,2000,多层,红霞街,126.6040515,45.7702732,,30.0,,114,公寓住宅,民用,7.9,12,0.0,8000.0,Heilongjiang,Haerbin,Daoli,Heilongjiang-Haerbin
266122,工程街小区(工程街50号-82号(双号)),哈尔滨,道里,工程街,1988,多层,工程街50号-82号(双号),126.6014858,45.77203232,1.0,20.0,,260,公寓住宅,民用,7.7,12,-0.28,6584.0,Heilongjiang,Haerbin,Daoli,Heilongjiang-Haerbin
266121,"经纬十道街小区(经纬十道街23号,经纬十一道街18号,工部街32号-44号(双号))",哈尔滨,道里,工程街,2011,多层,"经纬十道街23号,经纬十一道街18号,工部街32号-44号(双号)",126.601814,45.76703067,1.0,30.0,,357,公寓住宅,民用,8.2,12,0.0,8600.0,Heilongjiang,Haerbin,Daoli,Heilongjiang-Haerbin
266120,"经纬十一道街小区(经纬十一道街45号,经纬十二道街18-1号,18-2号,20号,工部街52号,58号)",哈尔滨,道里,工程街,1991,小高层,"经纬十一道街45号,经纬十二道街18-1号,18-2号,20号,工部街52号,58号",126.6004508,45.76772,1.0,20.0,,294,公寓住宅,民用,7.9,12,0.0,8514.0,Heilongjiang,Haerbin,Daoli,Heilongjiang-Haerbin
266084,宝宇凯旋城(二期),哈尔滨,道里,埃德蒙顿路,2006,高层,建议街2号,126.5996719,45.74645444,1.0,31.0,,436,公寓住宅,民用,8.6,12,0.0,11347.0,Heilongjiang,Haerbin,Daoli,Heilongjiang-Haerbin
266412,经纬七道街小区(经纬七道街2号-56号(双号)),哈尔滨,道里,安发街,1985,小高层,经纬七道街2号-56号(双号),126.6073279,45.76718245,1.0,20.0,,311,公寓住宅,民用,8.5,12,0.0,9000.0,Heilongjiang,Haerbin,Daoli,Heilongjiang-Haerbin
266413,北安街小区(北安街176号-198号(双号)),哈尔滨,道里,安发街,1990,小高层,北安街176号-198号(双号),126.6070097,45.76574985,1.0,20.0,,161,公寓住宅,民用,8.5,12,0.0,17250.0,Heilongjiang,Haerbin,Daoli,Heilongjiang-Haerbin
266050,"安国街小区(安国街193号-245号(单号),安发街128号)",哈尔滨,道里,埃德蒙顿路,1992,小高层,"安国街193号-245号(单号),安发街128号",126.6028616,45.75545104,1.0,20.0,,498,公寓住宅,民用,8.3,12,0.0,8395.0,Heilongjiang,Haerbin,Daoli,Heilongjiang-Haerbin
266049,"松林街小区(松源街26号-30号(双号),松林街5号)",哈尔滨,道里,埃德蒙顿路,1999,小高层,"松源街26号-30号(双号),松林街5号",126.5914028,45.74460613,1.0,20.0,,343,公寓住宅,民用,7.9,12,0.0,8133.0,Heilongjiang,Haerbin,Daoli,Heilongjiang-Haerbin
266048,"松树街小区(松树街24号,34号)",哈尔滨,道里,埃德蒙顿路,1993,小高层,"松树街24号,34号",126.5913742,45.74662368,,20.0,,284,公寓住宅,民用,8.2,12,0.09,8400.0,Heilongjiang,Haerbin,Daoli,Heilongjiang-Haerbin
266047,"松树街小区(松树街8号-10号(双号),松森街1号,松林街1号)",哈尔滨,道里,埃德蒙顿路,1995,小高层,"松树街8号-10号(双号),松森街1号,松林街1号",126.591933,45.74563896,1.0,20.0,,397,公寓住宅,民用,7.7,12,-0.13,8275.0,Heilongjiang,Haerbin,Daoli,Heilongjiang-Haerbin
266046,乡里街143号小区,哈尔滨,道里,埃德蒙顿路,1990,小高层,乡里街143号,126.5807701,45.73430621,1.0,20.0,,0,公寓住宅,民用,7.8,12,0.0,8833.0,Heilongjiang,Haerbin,Daoli,Heilongjiang-Haerbin
266045,新阳路小区(近安广街),哈尔滨,道里,埃德蒙顿路,1988,小高层,"新阳路187号,安广街78号",126.6074507,45.75553213,1.0,20.0,,486,公寓住宅,民用,8.4,12,0.0,8682.0,Heilongjiang,Haerbin,Daoli,Heilongjiang-Haerbin
266044,"共乐西头道街小区(共乐西头道街13号,哈药路192号,建国北二道街8-16号(双号))",哈尔滨,道里,埃德蒙顿路,1999,多层,"共乐西头道街13号,哈药路192号,建国北二道街8-16号(双号)",126.594297,45.75009829,1.0,20.0,,464,公寓住宅,民用,7.6,12,0.0,8787.0,Heilongjiang,Haerbin,Daoli,Heilongjiang-Haerbin
266043,永康商住,哈尔滨,道里,埃德蒙顿路,2003,多层|高层,康安路44号,126.5925914,45.73711033,1.0,20.0,,422,公寓住宅,民用,8.0,12,0.0,9948.0,Heilongjiang,Haerbin,Daoli,Heilongjiang-Haerbin
266042,河江街小区,哈尔滨,道里,哈药路,1998,多层,河润街56-4号,126.592754,45.75342969,1.0,30.0,,659,公寓住宅,民用,8.1,12,0.0,8594.0,Heilongjiang,Haerbin,Daoli,Heilongjiang-Haerbin
266041,河柏小区世纪花园,哈尔滨,道里,哈药路,2006,多层|高层,康安路159号,126.5754131,45.7423594,1.0,50.0,,3913,公寓住宅,民用,7.8,12,0.0,9360.0,Heilongjiang,Haerbin,Daoli,Heilongjiang-Haerbin
266040,"建议街小区(建议街38号,44号,建国街126号,132号,建国南头道街21号)",哈尔滨,道里,哈药路,1993,小高层,"建议街38号,44号,建国街126号,132号,建国南头道街21号",126.5966704,45.7476083,1.0,20.0,,288,公寓住宅,民用,7.9,12,0.0,9333.0,Heilongjiang,Haerbin,Daoli,Heilongjiang-Haerbin
266039,"前进路小区(前进路41号,43号)",哈尔滨,道里,哈药路,1991,小高层,"前进路41号,43号",126.5910034,45.75068699,1.0,20.0,,168,公寓住宅,民用,7.7,12,0.0,8100.0,Heilongjiang,Haerbin,Daoli,Heilongjiang-Haerbin
266038,达道街28号小区,哈尔滨,道里,哈药路,2015,小高层,达道街28号,126.5931143,45.75422449,1.0,30.0,,120,公寓住宅,民用,8.0,12,0.0,7368.0,Heilongjiang,Haerbin,Daoli,Heilongjiang-Haerbin
266037,河洲街小区(河洲街56号-64号(双号)),哈尔滨,道里,哈药路,1990,多层,河洲街56号-64号(双号),126.5832466,45.754046,1.0,20.0,,322,公寓住宅,民用,7.4,12,0.0,8275.0,Heilongjiang,Haerbin,Daoli,Heilongjiang-Haerbin
266036,"河阳街小区(河阳街1号,河广街49号)",哈尔滨,道里,哈药路,2004,多层,"河阳街1号,河广街49号",126.596025,45.75239849,,30.0,,112,公寓住宅,民用,7.7,12,0.0,8500.0,Heilongjiang,Haerbin,Daoli,Heilongjiang-Haerbin
266035,建国街132号小区,哈尔滨,道里,哈药路,2000,多层,建国街132号,126.5976338,45.75047584,1.0,30.0,,286,公寓住宅,民用,7.8,12,0.0,8300.0,Heilongjiang,Haerbin,Daoli,Heilongjiang-Haerbin
266026,"河阳街小区(河阳街15号,河江街42号-46号(双号),阳明街5号,20号-24号(双号))",哈尔滨,道里,哈药路,2000,小高层,"河阳街15号,河江街42号-46号(双号),阳明街5号,20号-24号(双号)",126.5954586,45.75332203,1.0,30.0,,337,公寓住宅,民用,8.1,12,0.0,8062.0,Heilongjiang,Haerbin,Daoli,Heilongjiang-Haerbin
266025,正阳小区西四街区,哈尔滨,道里,哈药路,1991,多层,"河清街50号,52号,河曲街47号,47-1号,河洲街21号,23号",126.5876978,45.75650538,1.0,20.0,,539,公寓住宅,民用,8.1,12,0.0,8035.0,Heilongjiang,Haerbin,Daoli,Heilongjiang-Haerbin
266024,阳明街小区(阳明街47-57号(单号)),哈尔滨,道里,哈药路,2014,小高层,阳明街47-57号(单号),126.5963599,45.75441187,1.0,30.0,,327,公寓住宅,民用,8.6,12,0.0,9657.0,Heilongjiang,Haerbin,Daoli,Heilongjiang-Haerbin
266051,建河头道街小区(建河头道街12-28号(双号)),哈尔滨,道里,埃德蒙顿路,1999,多层,建河头道街12-28号(双号),126.6013186,45.74944124,1.0,20.0,,376,公寓住宅,民用,7.9,12,0.0,9960.0,Heilongjiang,Haerbin,Daoli,Heilongjiang-Haerbin
266150,"斜角街小区(斜角街14号-30号(双号),工厂街79号,工厂街106-118号(双号))",哈尔滨,道里,哈一百,1990,小高层,"斜角街14号-30号(双号),工厂街79号,工厂街106-118号(双号)",126.6204343,45.76461229,1.0,20.0,,386,公寓住宅,民用,8.1,12,0.06,9968.0,Heilongjiang,Haerbin,Daoli,Heilongjiang-Haerbin
266052,"河曲街小区(河曲街6号-22号(双号),河鼓街1号-5号(单号))",哈尔滨,道里,埃德蒙顿路,1988,小高层,"河曲街6号-22号(双号),河鼓街1号-5号(单号)",126.5881092,45.75331751,1.0,20.0,,525,公寓住宅,民用,7.5,12,0.0,8980.0,Heilongjiang,Haerbin,Daoli,Heilongjiang-Haerbin
266054,木器厂家属楼,哈尔滨,道里,埃德蒙顿路,1986,小高层,"河鼓街62号,河鼓街60号",126.5847839,45.75422112,1.0,20.0,,840,公寓住宅,民用,7.4,12,0.0,8123.0,Heilongjiang,Haerbin,Daoli,Heilongjiang-Haerbin
266083,安定街小区(安定街217号-219号(单号)),哈尔滨,道里,埃德蒙顿路,1997,小高层,安定街217号-219号(单号),126.6008367,45.75569029,1.0,20.0,,283,公寓住宅,民用,8.4,12,0.0,9103.0,Heilongjiang,Haerbin,Daoli,Heilongjiang-Haerbin
266082,安和街十街区,哈尔滨,道里,埃德蒙顿路,1991,小高层,安和街,126.6057644,45.75434631,,20.0,,0,公寓住宅,民用,7.6,12,0.0,8916.0,Heilongjiang,Haerbin,Daoli,Heilongjiang-Haerbin
266081,利民街1号小区,哈尔滨,道里,埃德蒙顿路,2006,小高层,利民街1号,126.5861336,45.73499967,1.0,30.0,,0,公寓住宅,民用,8.1,12,0.0,9306.0,Heilongjiang,Haerbin,Daoli,Heilongjiang-Haerbin
266079,乡里街107号小区,哈尔滨,道里,埃德蒙顿路,1996,小高层,乡里街107号,126.5833494,45.73208802,1.0,20.0,,294,公寓住宅,民用,7.7,12,0.0,8844.0,Heilongjiang,Haerbin,Daoli,Heilongjiang-Haerbin
266078,"河广街小区(河广街16号-58号(双号),阳明街13号,建国街55号)",哈尔滨,道里,埃德蒙顿路,1993,多层,"河广街16号-58号(双号),阳明街13号,建国街55号",126.5973962,45.75219867,1.0,20.0,,1086,公寓住宅,民用,7.7,12,-2.91,7359.0,Heilongjiang,Haerbin,Daoli,Heilongjiang-Haerbin
266077,恒盛豪庭(商住楼),哈尔滨,道里,埃德蒙顿路,2011,高层,群力第四大道1479号,126.5504566,45.73523601,1.0,35.0,,360,商住楼,商用,8.7,12,0.0,10524.0,Heilongjiang,Haerbin,Daoli,Heilongjiang-Haerbin
266076,乡政街副92号小区,哈尔滨,道里,埃德蒙顿路,1993,小高层,乡政街副92号,126.5872791,45.73032322,1.0,20.0,,0,公寓住宅,民用,8.0,12,0.0,8887.0,Heilongjiang,Haerbin,Daoli,Heilongjiang-Haerbin
266075,康安路83-24号小区,哈尔滨,道里,埃德蒙顿路,1998,小高层,康安路83-24号,126.5952276,45.7369393,1.0,20.0,,231,公寓住宅,民用,7.7,12,0.0,8070.0,Heilongjiang,Haerbin,Daoli,Heilongjiang-Haerbin
266074,正阳小区西二街区,哈尔滨,道里,埃德蒙顿路,1986,小高层,河曲街26号,126.5865713,45.75505663,1.0,20.0,,623,公寓住宅,民用,7.6,12,0.0,10145.0,Heilongjiang,Haerbin,Daoli,Heilongjiang-Haerbin
266073,钢铁街90号小区,哈尔滨,道里,埃德蒙顿路,2001,小高层,钢铁街90号,126.5874373,45.74201681,1.0,30.0,,352,公寓住宅,民用,7.8,12,0.0,9046.0,Heilongjiang,Haerbin,Daoli,Heilongjiang-Haerbin
266072,"河清街小区(河清街60号,62号,69号)",哈尔滨,道里,埃德蒙顿路,1988,小高层,"河清街60号,62号,69号",126.5877932,45.75678489,1.0,20.0,,321,公寓住宅,民用,7.3,12,0.0,9192.0,Heilongjiang,Haerbin,Daoli,Heilongjiang-Haerbin
266071,"阳明街26号,49号小区",哈尔滨,道里,埃德蒙顿路,1996,小高层,"阳明街26,49号",126.5961841,45.75427047,1.0,20.0,,213,公寓住宅,民用,8.4,12,0.0,8750.0,Heilongjiang,Haerbin,Daoli,Heilongjiang-Haerbin
266070,河清家园,哈尔滨,道里,埃德蒙顿路,1984,小高层,河清街8号,126.5895295,45.75459333,1.0,20.0,,407,公寓住宅,民用,7.5,12,0.0,10145.0,Heilongjiang,Haerbin,Daoli,Heilongjiang-Haerbin
266069,民安街211号小区,哈尔滨,道里,埃德蒙顿路,1996,小高层,民安街211号,126.6030939,45.74259623,,20.0,,175,公寓住宅,民用,7.7,12,0.0,9676.0,Heilongjiang,Haerbin,Daoli,Heilongjiang-Haerbin
266068,"安信街小区(安信街11号-13号(单号),安和街74号-152号(双号))",哈尔滨,道里,埃德蒙顿路,1993,小高层,"安信街11号-13号(单号),安和街74号-152号(双号)",126.6054996,45.75373225,1.0,20.0,,902,公寓住宅,民用,8.0,12,0.0,9866.0,Heilongjiang,Haerbin,Daoli,Heilongjiang-Haerbin
266067,"乡政街小区(乡政街134号,215号,顾乡大街104号,新华街128号)",哈尔滨,道里,埃德蒙顿路,1993,小高层,"乡政街134号,215号,顾乡大街104号,新华街128号",126.5820803,45.73491075,1.0,20.0,,892,公寓住宅,民用,7.9,12,0.0,9492.0,Heilongjiang,Haerbin,Daoli,Heilongjiang-Haerbin
266066,"安发街小区(安发街24号,安固街124号)",哈尔滨,道里,埃德蒙顿路,1994,小高层,"安发街24号,安固街124号",126.6094513,45.75297093,1.0,20.0,,144,公寓住宅,民用,8.0,12,0.0,7142.0,Heilongjiang,Haerbin,Daoli,Heilongjiang-Haerbin
266065,共乐西二道街小区(共乐西二道街16-30号(双号)),哈尔滨,道里,埃德蒙顿路,1994,多层,共乐西二道街16-30号(双号),126.5941831,45.7483998,1.0,20.0,,454,公寓住宅,民用,7.7,12,0.0,8518.0,Heilongjiang,Haerbin,Daoli,Heilongjiang-Haerbin
266064,达道街小区(达道街42号-74号(双号)),哈尔滨,道里,埃德蒙顿路,1995,小高层,达道街42号-74号(双号),126.5895162,45.75302179,1.0,20.0,,409,公寓住宅,民用,7.7,12,0.0,9054.0,Heilongjiang,Haerbin,Daoli,Heilongjiang-Haerbin
266063,"河梁街小区(河梁街4号-12号(双号),哈药路381号)",哈尔滨,道里,埃德蒙顿路,1987,小高层,"河梁街4号-12号(双号),哈药路381号",126.5912622,45.75548495,1.0,20.0,,308,公寓住宅,民用,8.1,12,0.0,8891.0,Heilongjiang,Haerbin,Daoli,Heilongjiang-Haerbin
266062,乡政街131号小区,哈尔滨,道里,埃德蒙顿路,1993,小高层,乡政街131号,126.5863862,45.73172368,1.0,20.0,,196,公寓住宅,民用,7.8,12,0.0,9160.0,Heilongjiang,Haerbin,Daoli,Heilongjiang-Haerbin
266061,哈理工住宅楼北区,哈尔滨,道里,埃德蒙顿路,1993,小高层,建国街副272号,126.5914475,45.74048731,1.0,20.0,,321,公寓住宅,民用,7.9,12,0.0,9620.0,Heilongjiang,Haerbin,Daoli,Heilongjiang-Haerbin
266060,"通顺街小区(通顺街1号,19号)",哈尔滨,道里,埃德蒙顿路,2002,小高层,"通顺街1号,19号",126.595254,45.73604916,1.0,30.0,,298,公寓住宅,民用,8.1,12,0.0,10000.0,Heilongjiang,Haerbin,Daoli,Heilongjiang-Haerbin
266059,通顺街小区(通顺街47号-49(单号)),哈尔滨,道里,埃德蒙顿路,2002,小高层,通顺街47号-49(单号),126.5897041,45.73446333,1.0,30.0,,273,公寓住宅,民用,7.9,12,0.0,7800.0,Heilongjiang,Haerbin,Daoli,Heilongjiang-Haerbin
266058,埃德蒙顿路四街区,哈尔滨,道里,埃德蒙顿路,1988,小高层,乡里街117号,126.5829131,45.73253358,1.0,20.0,,882,公寓住宅,民用,7.7,12,1.73,8955.0,Heilongjiang,Haerbin,Daoli,Heilongjiang-Haerbin
266057,河江街小区(河江街48号-52号(双号)),哈尔滨,道里,埃德蒙顿路,1998,小高层,河江街48号-52号(双号),126.594608,45.75304234,1.0,23.0,,114,公寓住宅,民用,7.9,12,0.0,8738.0,Heilongjiang,Haerbin,Daoli,Heilongjiang-Haerbin
266056,"建河街24,26号小区",哈尔滨,道里,埃德蒙顿路,1996,小高层,建河街24号,126.6012927,45.75068945,1.0,20.0,,586,公寓住宅,民用,7.9,12,0.0,6862.0,Heilongjiang,Haerbin,Daoli,Heilongjiang-Haerbin
266055,河广街小区(河广街62号-90号(双号)),哈尔滨,道里,埃德蒙顿路,1994,小高层,河广街62号-90号(双号),126.5965973,45.7514693,1.0,20.0,,320,公寓住宅,民用,7.8,12,0.0,7742.0,Heilongjiang,Haerbin,Daoli,Heilongjiang-Haerbin
266053,拖拉机厂小区,哈尔滨,道里,埃德蒙顿路,1986,小高层,民庆街21-1号,126.6006945,45.74197243,,20.0,,1174,公寓住宅,民用,7.9,12,0.0,9263.0,Heilongjiang,Haerbin,Daoli,Heilongjiang-Haerbin
264881,群力新城省公务员小区,哈尔滨,道里,群力,2012,多层,群力第二大道687号,126.5393078,45.73959551,1.0,30.0,,9154,公寓住宅,民用,8.2,12,0.06,14491.0,Heilongjiang,Haerbin,Daoli,Heilongjiang-Haerbin
266636,"河阳街小区(河阳街1号,河广街49号)",哈尔滨,道里,河润街,2004,多层,"河阳街1号,河广街49号",126.596025,45.75239849,,30.0,,112,公寓住宅,民用,7.7,12,0.0,8500.0,Heilongjiang,Haerbin,Daoli,Heilongjiang-Haerbin
265641,安顺街73号小区,哈尔滨,道里,安国街,2006,小高层,安顺街73号,126.611176,45.76250465,1.0,30.0,,154,公寓住宅,民用,8.2,12,0.0,8111.0,Heilongjiang,Haerbin,Daoli,Heilongjiang-Haerbin
265642,"大安街小区(大安街90-2号,92号-112号(双号))",哈尔滨,道里,安国街,1991,小高层,"大安街90-2号,92号-112号(双号)",126.6091618,45.76828344,1.0,20.0,,364,公寓住宅,民用,8.0,12,0.0,9692.0,Heilongjiang,Haerbin,Daoli,Heilongjiang-Haerbin
265643,安升街小区(安升街56-78号(双号)),哈尔滨,道里,安国街,2000,多层,安升街56-78号(双号),126.6102848,45.75740831,1.0,30.0,,129,公寓住宅,民用,8.1,12,0.0,9507.0,Heilongjiang,Haerbin,Daoli,Heilongjiang-Haerbin
265644,安顺街140号小区,哈尔滨,道里,安国街,2006,小高层,安顺街140号,126.6072104,45.76373913,1.0,30.0,,21,公寓住宅,民用,8.3,12,0.0,7269.0,Heilongjiang,Haerbin,Daoli,Heilongjiang-Haerbin
265645,新阳路209号小区,哈尔滨,道里,安国街,2000,小高层,新阳路209号,126.6074476,45.75502189,1.0,30.0,,16,公寓住宅,民用,8.1,12,0.0,8800.0,Heilongjiang,Haerbin,Daoli,Heilongjiang-Haerbin
265646,"正义街小区(正义街2号,6号)",哈尔滨,道里,安国街,1988,小高层,"正义街2号,6号",126.6070167,45.75781492,1.0,20.0,,63,公寓住宅,民用,8.1,12,0.0,9576.0,Heilongjiang,Haerbin,Daoli,Heilongjiang-Haerbin
265647,安升街小区(安升街90-128号(双号)),哈尔滨,道里,安国街,1999,小高层,安升街90-128号(双号),126.6081554,45.75826406,1.0,20.0,,210,公寓住宅,民用,8.0,12,0.0,7760.0,Heilongjiang,Haerbin,Daoli,Heilongjiang-Haerbin
265648,新阳路127号小区,哈尔滨,道里,安国街,1988,小高层,新阳路127号,126.6090963,45.75704277,1.0,20.0,,48,公寓住宅,民用,7.9,12,0.0,8000.0,Heilongjiang,Haerbin,Daoli,Heilongjiang-Haerbin
265649,安升街84号小区,哈尔滨,道里,安国街,2002,小高层,安升街84号,126.6096341,45.75767934,1.0,30.0,,91,公寓住宅,民用,8.0,12,0.0,8558.0,Heilongjiang,Haerbin,Daoli,Heilongjiang-Haerbin
265650,安静街57号小区,哈尔滨,道里,安国街,2015,小高层,安静街57号,126.6072323,45.75706315,1.0,30.0,,28,公寓住宅,民用,8.2,12,0.0,10166.0,Heilongjiang,Haerbin,Daoli,Heilongjiang-Haerbin
265651,安德街77号小区,哈尔滨,道里,安国街,1991,小高层,安德街77号,126.6050813,45.75651702,1.0,20.0,,45,公寓住宅,民用,7.9,12,0.0,8400.0,Heilongjiang,Haerbin,Daoli,Heilongjiang-Haerbin
264716,北安街小区(北安街176号-198号(双号)),哈尔滨,道里,中央大街,1990,小高层,北安街176号-198号(双号),126.6070097,45.76574985,1.0,20.0,,161,公寓住宅,民用,8.5,12,0.0,17250.0,Heilongjiang,Haerbin,Daoli,Heilongjiang-Haerbin
264715,经纬七道街小区(经纬七道街2号-56号(双号)),哈尔滨,道里,中央大街,1985,小高层,经纬七道街2号-56号(双号),126.6073279,45.76718245,1.0,20.0,,311,公寓住宅,民用,8.5,12,0.0,9000.0,Heilongjiang,Haerbin,Daoli,Heilongjiang-Haerbin
264714,安定街95号小区,哈尔滨,道里,中央大街,1993,小高层,安定街95号,126.6032292,45.75890566,1.0,20.0,,189,公寓住宅,民用,8.6,12,0.0,9558.0,Heilongjiang,Haerbin,Daoli,Heilongjiang-Haerbin
265640,"安道街小区(安道街34号,38号,安良街1号,2号,3号,安顺街63号,新阳路9号)",哈尔滨,道里,安国街,2000,小高层,"安道街34号,38号,安良街1号,2号,3号,安顺街63号,新阳路9号",126.61259,45.76241508,1.0,30.0,,340,公寓住宅,民用,8.1,12,0.0,9684.0,Heilongjiang,Haerbin,Daoli,Heilongjiang-Haerbin
264713,河清家园,哈尔滨,道里,中央大街,1984,小高层,河清街8号,126.5895295,45.75459333,1.0,20.0,,407,公寓住宅,民用,7.5,12,0.0,10145.0,Heilongjiang,Haerbin,Daoli,Heilongjiang-Haerbin
264711,"通江胡同小区(通江胡同1号,友谊路186号)",哈尔滨,道里,中央大街,1998,小高层,"通江胡同1号,友谊路186号",126.6061188,45.77433578,1.0,20.0,,135,公寓住宅,民用,8.3,12,0.0,9533.0,Heilongjiang,Haerbin,Daoli,Heilongjiang-Haerbin
264710,工程街53号小区,哈尔滨,道里,中央大街,1990,小高层,工程街53号,126.5978162,45.76949655,1.0,20.0,,121,公寓住宅,民用,7.5,12,0.0,14647.0,Heilongjiang,Haerbin,Daoli,Heilongjiang-Haerbin
264709,"安信街小区(安信街11号-13号(单号),安和街74号-152号(双号))",哈尔滨,道里,中央大街,1993,小高层,"安信街11号-13号(单号),安和街74号-152号(双号)",126.6054996,45.75373225,1.0,20.0,,902,公寓住宅,民用,8.0,12,0.0,9866.0,Heilongjiang,Haerbin,Daoli,Heilongjiang-Haerbin
264708,"工程街小区(工程街18号-44号(双号),新开街17号)",哈尔滨,道里,中央大街,1985,小高层,"工程街18号-44号(双号),新开街17号",126.6026485,45.77319379,1.0,20.0,,273,公寓住宅,民用,7.8,12,0.0,8176.0,Heilongjiang,Haerbin,Daoli,Heilongjiang-Haerbin
264707,"红霞街小区(红霞街120-1号,114-1号,102号-134号(双号))",哈尔滨,道里,中央大街,1983,小高层,"红霞街120-1号,114-1号,102号-134号(双号)",126.6077791,45.77091216,1.0,20.0,,303,公寓住宅,民用,8.0,12,-3.07,7731.0,Heilongjiang,Haerbin,Daoli,Heilongjiang-Haerbin
264706,"工部街小区(工部街35-1号,41-1号,43号,经纬街336号,工程街106号)",哈尔滨,道里,中央大街,1997,小高层,"工部街35-1号,41-1号,43号,经纬街336号,工程街106号",126.5999367,45.76977525,1.0,20.0,,525,公寓住宅,民用,7.6,12,0.0,9411.0,Heilongjiang,Haerbin,Daoli,Heilongjiang-Haerbin
264705,"安发街小区(安发街24号,安固街124号)",哈尔滨,道里,中央大街,1994,小高层,"安发街24号,安固街124号",126.6094513,45.75297093,1.0,20.0,,144,公寓住宅,民用,8.0,12,0.0,7142.0,Heilongjiang,Haerbin,Daoli,Heilongjiang-Haerbin
265652,安德街116号小区,哈尔滨,道里,安国街,1991,小高层,安德街116号,126.6054633,45.75598776,1.0,20.0,,56,公寓住宅,民用,7.8,12,0.0,8506.0,Heilongjiang,Haerbin,Daoli,Heilongjiang-Haerbin
265653,安德街小区(安德街126号-142号(双号)),哈尔滨,道里,安国街,1991,小高层,安德街126号-142号(双号),126.6050861,45.75598085,1.0,20.0,,224,公寓住宅,民用,7.8,12,0.0,8844.0,Heilongjiang,Haerbin,Daoli,Heilongjiang-Haerbin
265654,安德街91号小区,哈尔滨,道里,安国街,1991,小高层,安德街91号,126.6044391,45.75592539,1.0,20.0,,152,公寓住宅,民用,7.8,12,0.0,8400.0,Heilongjiang,Haerbin,Daoli,Heilongjiang-Haerbin
266642,建国街239号小区,哈尔滨,道里,前进路,1996,小高层,建国街239号,126.5929558,45.74486886,1.0,20.0,,144,公寓住宅,民用,8.2,12,0.0,8904.0,Heilongjiang,Haerbin,Daoli,Heilongjiang-Haerbin
265655,安定街小区(安定街74号-78号(双号)),哈尔滨,道里,安国街,2010,小高层,安定街74号-78号(双号),126.6042799,45.75939041,1.0,30.0,,106,公寓住宅,民用,8.1,12,0.0,10145.0,Heilongjiang,Haerbin,Daoli,Heilongjiang-Haerbin
266641,"前进路小区(前进路41号,43号)",哈尔滨,道里,河润街,1991,小高层,"前进路41号,43号",126.5910034,45.75068699,1.0,20.0,,168,公寓住宅,民用,7.7,12,0.0,8100.0,Heilongjiang,Haerbin,Daoli,Heilongjiang-Haerbin
266640,达道街28号小区,哈尔滨,道里,河润街,2015,小高层,达道街28号,126.5931143,45.75422449,1.0,30.0,,120,公寓住宅,民用,8.0,12,0.0,7368.0,Heilongjiang,Haerbin,Daoli,Heilongjiang-Haerbin
264712,"通江街小区(通江街93号,103号)",哈尔滨,道里,中央大街,1993,多层,"通江街93号,103号",126.6090368,45.77118649,1.0,20.0,,119,公寓住宅,民用,7.8,12,0.0,7615.0,Heilongjiang,Haerbin,Daoli,Heilongjiang-Haerbin
265639,安道街小区(安道街45号-51号(单号)),哈尔滨,道里,安国街,1987,小高层,安道街45号-51号(单号),126.6120095,45.76313749,1.0,20.0,,54,公寓住宅,民用,8.1,12,0.0,5757.0,Heilongjiang,Haerbin,Daoli,Heilongjiang-Haerbin
265638,经纬三道街24号小区,哈尔滨,道里,安国街,1991,小高层,经纬三道街24号,126.6137737,45.76504934,1.0,20.0,,0,公寓住宅,民用,8.2,12,0.0,8974.0,Heilongjiang,Haerbin,Daoli,Heilongjiang-Haerbin
265636,西十五道街小区(西十五道街64号-68号(双号)),哈尔滨,道里,安国街,2000,多层,西十五道街64号-68号(双号),126.6150791,45.76577937,1.0,30.0,,49,公寓住宅,民用,8.4,12,0.0,8725.0,Heilongjiang,Haerbin,Daoli,Heilongjiang-Haerbin
264739,"安国街小区(安国街6号,18号,安德街80号,84号)",哈尔滨,道里,中央大街,1990,小高层," 安国街6号,18号,安德街80号,84号",126.6092148,45.76414482,1.0,20.0,,128,公寓住宅,民用,8.3,12,0.0,9054.0,Heilongjiang,Haerbin,Daoli,Heilongjiang-Haerbin
264738,一面街62-68号小区,哈尔滨,道里,中央大街,1991,小高层,一面街62-68号,126.6251634,45.77162599,1.0,20.0,,741,公寓住宅,民用,7.9,12,0.0,9371.0,Heilongjiang,Haerbin,Daoli,Heilongjiang-Haerbin
264736,"安心街小区(安心街100号,102号,112-118号(双号),安祥街副2号)",哈尔滨,道里,中央大街,1994,小高层,"安心街100号,102号,112-118号(双号),安祥街副2号",126.6130556,45.75371652,,20.0,,521,公寓住宅,民用,8.1,12,0.0,9483.0,Heilongjiang,Haerbin,Daoli,Heilongjiang-Haerbin
264735,盛世嘉园(道里),哈尔滨,道里,中央大街,2002,小高层,西十道街32号,126.6152118,45.76972388,1.0,15.0,,0,公寓住宅,民用,8.3,12,0.0,10983.0,Heilongjiang,Haerbin,Daoli,Heilongjiang-Haerbin
264734,西十五道街小区(西十五道街12号-28号(双号)),哈尔滨,道里,中央大街,1984,小高层,西十五道街12号-28号(双号),126.6172794,45.7661227,1.0,20.0,,251,公寓住宅,民用,8.2,12,0.0,8173.0,Heilongjiang,Haerbin,Daoli,Heilongjiang-Haerbin
264733,"高谊街小区(高谊街4号,14号)",哈尔滨,道里,中央大街,1998,小高层,"高谊街4号,14号",126.6076528,45.76820399,1.0,20.0,,154,公寓住宅,民用,8.4,12,0.0,11029.0,Heilongjiang,Haerbin,Daoli,Heilongjiang-Haerbin
264732,"安顺街小区(安顺街96号-118号(双号),安国街44号,50号,安丰街7号)",哈尔滨,道里,中央大街,1989,小高层,"安顺街96号-118号(双号),安国街44号,50号,安丰街7号",126.6087123,45.76317865,1.0,20.0,,351,公寓住宅,民用,8.3,12,0.0,8514.0,Heilongjiang,Haerbin,Daoli,Heilongjiang-Haerbin
264731,"友谊路小区(地文街8号,16号,友谊路73号)",哈尔滨,道里,中央大街,2000,小高层,"地文街8号,16号,友谊路73号",126.6176877,45.77753983,1.0,30.0,,132,公寓住宅,民用,8.3,12,0.0,11340.0,Heilongjiang,Haerbin,Daoli,Heilongjiang-Haerbin
264730,"北安街小区(北安街116-140号(双号),安国街44号)",哈尔滨,道里,中央大街,1986,小高层,"北安街116-140号(双号),安国街44号",126.6100575,45.76430049,1.0,20.0,,258,公寓住宅,民用,8.3,12,0.0,8276.0,Heilongjiang,Haerbin,Daoli,Heilongjiang-Haerbin
264729,西九道街15号小区,哈尔滨,道里,中央大街,1985,多层,西九道街15号,126.6146489,45.77062996,1.0,20.0,,960,公寓住宅,民用,8.0,12,0.0,11785.0,Heilongjiang,Haerbin,Daoli,Heilongjiang-Haerbin
264728,曼哈顿公寓,哈尔滨,道里,中央大街,2000,高层,兆麟街57号,126.6217016,45.7671073,1.0,20.0,,136,公寓住宅,民用,8.6,12,0.0,14400.0,Heilongjiang,Haerbin,Daoli,Heilongjiang-Haerbin
264727,经纬六道街23号小区,哈尔滨,道里,中央大街,1998,多层,经纬六道街23号,126.6080709,45.76603396,1.0,20.0,,172,公寓住宅,民用,8.7,12,0.0,16754.0,Heilongjiang,Haerbin,Daoli,Heilongjiang-Haerbin
264726,安顺街103号小区,哈尔滨,道里,中央大街,1987,小高层,安顺街103号,126.609603,45.76349175,,20.0,,126,公寓住宅,民用,8.2,12,0.0,10000.0,Heilongjiang,Haerbin,Daoli,Heilongjiang-Haerbin
264725,安心街小区(安心街21-39号(单号)),哈尔滨,道里,中央大街,1985,小高层,安心街21-39号(单号),126.6146217,45.75775067,,20.0,,174,公寓住宅,民用,8.5,12,0.05,8000.0,Heilongjiang,Haerbin,Daoli,Heilongjiang-Haerbin
264724,上游街37号小区,哈尔滨,道里,中央大街,1996,小高层,上游街37号,126.6078118,45.7734261,1.0,20.0,,84,公寓住宅,民用,8.8,12,0.0,8319.0,Heilongjiang,Haerbin,Daoli,Heilongjiang-Haerbin
264723,"友谊路小区(友谊路30号-42号(双号),地段街225号,233号,239号)",哈尔滨,道里,中央大街,1988,小高层,"友谊路30号-42号(双号),地段街225号,233号,239号",126.6206073,45.77732703,1.0,20.0,,510,公寓住宅,民用,7.9,12,0.0,10666.0,Heilongjiang,Haerbin,Daoli,Heilongjiang-Haerbin
265635,"安定街小区(安定街38号,副40号,安宁街148号)",哈尔滨,道里,安国街,2010,小高层,"安定街38号,副40号,安宁街148号",126.6055793,45.76260011,1.0,30.0,,189,公寓住宅,民用,8.1,12,0.0,7633.0,Heilongjiang,Haerbin,Daoli,Heilongjiang-Haerbin
265634,安康街小区(安康街76号-88号(双号)),哈尔滨,道里,安国街,2002,小高层,安康街76号-88号(双号),126.6039403,45.76315311,1.0,30.0,,84,公寓住宅,民用,8.1,12,0.0,7384.0,Heilongjiang,Haerbin,Daoli,Heilongjiang-Haerbin
265633,"安康街小区(安康街40号-50号(双号),安顺街166号)",哈尔滨,道里,安国街,2000,小高层,"安康街40号-50号(双号),安顺街166号",126.6051933,45.76449908,1.0,30.0,,90,公寓住宅,民用,8.1,12,0.0,9815.0,Heilongjiang,Haerbin,Daoli,Heilongjiang-Haerbin
265632,安定街5号小区,哈尔滨,道里,安国街,2010,小高层,安定街5号,126.6064497,45.76410147,1.0,30.0,,63,公寓住宅,民用,8.1,12,0.0,7500.0,Heilongjiang,Haerbin,Daoli,Heilongjiang-Haerbin
265631,安康街56号小区,哈尔滨,道里,安国街,2002,小高层,安康街56号,126.6051453,45.76401832,1.0,30.0,,66,公寓住宅,民用,8.2,12,0.0,9800.0,Heilongjiang,Haerbin,Daoli,Heilongjiang-Haerbin
265630,"安康街小区(安康街80号,92号)",哈尔滨,道里,安国街,2005,小高层,"安康街80号,92号",126.6039701,45.7631794,1.0,30.0,,167,公寓住宅,民用,8.1,12,0.0,9115.0,Heilongjiang,Haerbin,Daoli,Heilongjiang-Haerbin
266639,河洲街小区(河洲街56号-64号(双号)),哈尔滨,道里,河润街,1990,多层,河洲街56号-64号(双号),126.5832466,45.754046,1.0,20.0,,322,公寓住宅,民用,7.4,12,0.0,8275.0,Heilongjiang,Haerbin,Daoli,Heilongjiang-Haerbin
265629,"安顺街小区(安顺街150号,152号)",哈尔滨,道里,安国街,2006,小高层,"安顺街150号,152号",126.606224,45.76426602,1.0,30.0,,52,公寓住宅,民用,8.1,12,0.0,9483.0,Heilongjiang,Haerbin,Daoli,Heilongjiang-Haerbin
264717,"阳明街26号,49号小区",哈尔滨,道里,中央大街,1996,小高层,"阳明街26,49号",126.5961841,45.75427047,1.0,20.0,,213,公寓住宅,民用,8.4,12,0.0,8750.0,Heilongjiang,Haerbin,Daoli,Heilongjiang-Haerbin
264718,"河清街小区(河清街60号,62号,69号)",哈尔滨,道里,中央大街,1988,小高层,"河清街60号,62号,69号",126.5877932,45.75678489,1.0,20.0,,321,公寓住宅,民用,7.3,12,0.0,9192.0,Heilongjiang,Haerbin,Daoli,Heilongjiang-Haerbin
264719,"兆麟街小区(兆麟街23号,25-1号,25-2号)",哈尔滨,道里,中央大街,1990,多层,"兆麟街23号,25-1号,25-2号",126.6216706,45.76507559,1.0,20.0,,189,公寓住宅,民用,8.3,12,0.0,8858.0,Heilongjiang,Haerbin,Daoli,Heilongjiang-Haerbin
264720,霁虹街60号小区,哈尔滨,道里,中央大街,1994,小高层,霁虹街60号,126.6177099,45.76099768,1.0,20.0,,312,公寓住宅,民用,8.7,12,0.0,7394.0,Heilongjiang,Haerbin,Daoli,Heilongjiang-Haerbin
264721,"工厂街小区(工厂街174号,176-2号)",哈尔滨,道里,中央大街,1994,小高层,"工厂街174号,176-2号",126.6152568,45.76261169,1.0,20.0,,156,公寓住宅,民用,8.3,12,0.0,8513.0,Heilongjiang,Haerbin,Daoli,Heilongjiang-Haerbin
264722,"经纬街小区(经纬街201号-207号(单号),225号)",哈尔滨,道里,中央大街,1989,小高层,"经纬街201号-207号(单号),225号",126.6092906,45.7676478,1.0,20.0,,256,公寓住宅,民用,8.1,12,0.0,7323.0,Heilongjiang,Haerbin,Daoli,Heilongjiang-Haerbin
265628,安丰街5号小区,哈尔滨,道里,安国街,2005,多层,安丰街5号,126.6084647,45.76303235,1.0,30.0,,126,公寓住宅,民用,8.2,12,0.0,7781.0,Heilongjiang,Haerbin,Daoli,Heilongjiang-Haerbin
266638,"河润街小区(109-2号,95号)",哈尔滨,道里,河润街,1991,小高层,"河润街95号,109-2号",126.5892908,45.76010294,1.0,20.0,,332,公寓住宅,民用,7.5,12,0.0,8542.0,Heilongjiang,Haerbin,Daoli,Heilongjiang-Haerbin
266637,河润街79号小区,哈尔滨,道里,河润街,2002,多层,河润街79号,126.5904189,45.75817204,1.0,30.0,,138,公寓住宅,民用,7.7,12,0.0,9400.0,Heilongjiang,Haerbin,Daoli,Heilongjiang-Haerbin
266599,森林街62号楼,哈尔滨,道里,透笼,2000,多层,森林街62号,126.6193485,45.77385363,1.0,30.0,,0,公寓住宅,民用,8.3,12,0.0,12903.0,Heilongjiang,Haerbin,Daoli,Heilongjiang-Haerbin
266598,新华小区(道里友谊路),哈尔滨,道里,透笼,1988,小高层,友谊路17号,126.6204263,45.77781798,1.0,20.0,,0,公寓住宅,民用,8.0,12,0.0,8041.0,Heilongjiang,Haerbin,Daoli,Heilongjiang-Haerbin
266597,"警校胡同小区(警校胡同1号,16号-46号(双号))",哈尔滨,道里,透笼,1995,小高层,"警校胡同1号,16号-46号(双号)",126.6209144,45.76156363,1.0,20.0,,509,公寓住宅,民用,8.3,12,0.0,10500.0,Heilongjiang,Haerbin,Daoli,Heilongjiang-Haerbin
266594,一面街62-68号小区,哈尔滨,道里,透笼,1991,小高层,一面街62-68号,126.6251634,45.77162599,1.0,20.0,,741,公寓住宅,民用,7.9,12,0.0,9371.0,Heilongjiang,Haerbin,Daoli,Heilongjiang-Haerbin
266593,工厂街小区(工厂街38号-80号(双号)),哈尔滨,道里,透笼,1992,小高层,工厂街38号-80号(双号),126.6246029,45.76494864,1.0,20.0,,245,公寓住宅,民用,8.4,12,0.0,8103.0,Heilongjiang,Haerbin,Daoli,Heilongjiang-Haerbin
266592,工厂街13号小区,哈尔滨,道里,透笼,2015,小高层,工厂街13号,126.625467,45.7650499,1.0,30.0,,105,公寓住宅,民用,9.1,12,-10.46,6910.0,Heilongjiang,Haerbin,Daoli,Heilongjiang-Haerbin
266591,买卖街85-87号小区,哈尔滨,道里,透笼,1996,小高层,买卖街85-87号,126.6252816,45.76793804,1.0,20.0,,507,公寓住宅,民用,8.2,12,0.0,9815.0,Heilongjiang,Haerbin,Daoli,Heilongjiang-Haerbin
266590,建议花园(二期),哈尔滨,道里,建国街,2000,多层|高层,建议街20号,126.5990483,45.74680142,1.0,20.0,,63,公寓住宅,民用,7.6,12,0.0,7307.0,Heilongjiang,Haerbin,Daoli,Heilongjiang-Haerbin
266589,"安和街小区(安化街119号-123号(单号),安固街130号,136号,安和街47号)",哈尔滨,道里,建国街,1990,小高层,"安化街119号-123号(单号),安固街130号,136号,安和街47号",126.606865,45.7532192,1.0,20.0,,723,公寓住宅,民用,7.8,12,0.0,9636.0,Heilongjiang,Haerbin,Daoli,Heilongjiang-Haerbin
266588,松源街小区(松源街4号-18号(双号)),哈尔滨,道里,建国街,1994,小高层,松源街4号-18号(双号),126.5913364,45.7458576,1.0,20.0,,176,公寓住宅,民用,7.7,12,0.0,8796.0,Heilongjiang,Haerbin,Daoli,Heilongjiang-Haerbin
266587,"建议街小区(建议街38号,44号,建国街126号,132号,建国南头道街21号)",哈尔滨,道里,建国街,1993,小高层,"建议街38号,44号,建国街126号,132号,建国南头道街21号",126.5966704,45.7476083,1.0,20.0,,288,公寓住宅,民用,7.9,12,0.0,9333.0,Heilongjiang,Haerbin,Daoli,Heilongjiang-Haerbin
266586,建议街26号小区,哈尔滨,道里,建国街,1988,小高层,建议街26号,126.5983477,45.74727551,1.0,20.0,,56,公寓住宅,民用,7.5,12,0.0,8769.0,Heilongjiang,Haerbin,Daoli,Heilongjiang-Haerbin
266585,"建国街小区(建国街265号,269号,281号)",哈尔滨,道里,建国街,1991,多层,"建国街265号,269号,281号",126.5917545,45.74360597,1.0,20.0,,523,公寓住宅,民用,7.7,12,0.0,9160.0,Heilongjiang,Haerbin,Daoli,Heilongjiang-Haerbin
266584,哈药路小区(哈药路118-132号(双号)),哈尔滨,道里,建国街,1995,多层,哈药路118-132号(双号),126.5999358,45.74879449,1.0,20.0,,138,公寓住宅,民用,7.6,12,0.0,9967.0,Heilongjiang,Haerbin,Daoli,Heilongjiang-Haerbin
266583,建河头道街6号小区,哈尔滨,道里,建国街,2001,多层,建河头道街6号,126.6021428,45.74971428,1.0,30.0,,163,公寓住宅,民用,7.8,12,0.0,8738.0,Heilongjiang,Haerbin,Daoli,Heilongjiang-Haerbin
266569,安国街小区(安国街202-204号(双号)),哈尔滨,道里,建国街,2000,小高层,安国街202-204号(双号),126.6040718,45.75638609,1.0,30.0,,0,公寓住宅,民用,8.4,12,0.0,9133.0,Heilongjiang,Haerbin,Daoli,Heilongjiang-Haerbin
266570,阳明街小区(阳明街47-57号(单号)),哈尔滨,道里,建国街,2014,小高层,阳明街47-57号(单号),126.5963599,45.75441187,1.0,30.0,,327,公寓住宅,民用,8.6,12,0.0,9657.0,Heilongjiang,Haerbin,Daoli,Heilongjiang-Haerbin
266581,建国街132号小区,哈尔滨,道里,建国街,2000,多层,建国街132号,126.5976338,45.75047584,1.0,30.0,,286,公寓住宅,民用,7.8,12,0.0,8300.0,Heilongjiang,Haerbin,Daoli,Heilongjiang-Haerbin
266582,"河阳街小区(河阳街1号,河广街49号)",哈尔滨,道里,建国街,2004,多层,"河阳街1号,河广街49号",126.596025,45.75239849,,30.0,,112,公寓住宅,民用,7.7,12,0.0,8500.0,Heilongjiang,Haerbin,Daoli,Heilongjiang-Haerbin
264740,"河广街小区(河广街16号-58号(双号),阳明街13号,建国街55号)",哈尔滨,道里,中央大街,1993,多层,"河广街16号-58号(双号),阳明街13号,建国街55号",126.5973962,45.75219867,1.0,20.0,,1086,公寓住宅,民用,7.7,12,-2.91,7359.0,Heilongjiang,Haerbin,Daoli,Heilongjiang-Haerbin
266628,"河清街小区(河清街103-3号,111号,河洛街副4-3号)",哈尔滨,道里,河润街,2003,多层,"河清街103-3号,111号,河洛街副4-3号",126.5871748,45.7576774,,30.0,,49,公寓住宅,民用,7.6,12,-2.85,8233.0,Heilongjiang,Haerbin,Daoli,Heilongjiang-Haerbin
266627,阳明街小区(阳明街47-57号(单号)),哈尔滨,道里,河润街,2014,小高层,阳明街47-57号(单号),126.5963599,45.75441187,1.0,30.0,,327,公寓住宅,民用,8.6,12,0.0,9657.0,Heilongjiang,Haerbin,Daoli,Heilongjiang-Haerbin
266626,河曲街5号小区,哈尔滨,道里,河润街,1991,多层,河曲街5号,126.5882497,45.75404194,1.0,20.0,,140,公寓住宅,民用,7.9,12,0.0,9322.0,Heilongjiang,Haerbin,Daoli,Heilongjiang-Haerbin
266625,"河清街小区(河清街25号,河梁街7号)",哈尔滨,道里,河润街,1991,小高层,"河清街25号,河梁街7号",126.5887461,45.75556472,1.0,20.0,,111,公寓住宅,民用,7.8,12,0.0,7549.0,Heilongjiang,Haerbin,Daoli,Heilongjiang-Haerbin
266624,"哈药路小区(哈药路417号,425号,439号)",哈尔滨,道里,河润街,2002,小高层,"哈药路417号,425号,439号",126.5900758,45.75638663,1.0,30.0,,225,公寓住宅,民用,8.0,12,0.0,9000.0,Heilongjiang,Haerbin,Daoli,Heilongjiang-Haerbin
266623,河洲街27号小区,哈尔滨,道里,河润街,2000,多层,河洲街27号,126.5859198,45.75584879,1.0,30.0,,160,公寓住宅,民用,8.0,12,0.0,8200.0,Heilongjiang,Haerbin,Daoli,Heilongjiang-Haerbin
266622,共乐西头道街56号小区,哈尔滨,道里,河润街,1992,多层,共乐西头道街56号,126.5927258,45.75042468,1.0,20.0,,63,公寓住宅,民用,7.7,12,0.0,10562.0,Heilongjiang,Haerbin,Daoli,Heilongjiang-Haerbin
266621,"共乐西头道街小区(建国北四道街18号-34号(双号),共乐西头道街12号-16号(双号))",哈尔滨,道里,河润街,1993,小高层,"建国北四道街18号-34号(双号),共乐西头道街12号-16号(双号)",126.5949558,45.74952831,1.0,20.0,,356,公寓住宅,民用,7.6,12,-9.41,7022.0,Heilongjiang,Haerbin,Daoli,Heilongjiang-Haerbin
266620,"河润街小区(河润街2号-24号(双号),河江街58号)",哈尔滨,道里,河润街,1991,小高层,"河润街2号-24号(双号),河江街58号",126.5940821,45.75193193,1.0,20.0,,513,公寓住宅,民用,7.8,12,0.0,9400.0,Heilongjiang,Haerbin,Daoli,Heilongjiang-Haerbin
266619,哈药路237号小区,哈尔滨,道里,河润街,1995,小高层,哈药路237号,126.5975609,45.75038158,,20.0,,178,公寓住宅,民用,8.0,12,-8.2,6980.0,Heilongjiang,Haerbin,Daoli,Heilongjiang-Haerbin
266618,"阳明街59号,71号小区",哈尔滨,道里,河润街,1996,小高层,"阳明街59号,71号",126.5957276,45.754925,1.0,20.0,,197,公寓住宅,民用,8.0,12,0.0,7633.0,Heilongjiang,Haerbin,Daoli,Heilongjiang-Haerbin
266604,石头道街27号住宅楼,哈尔滨,道里,透笼,2003,多层,石头道街27号,126.6247091,45.77054899,1.0,30.0,,64,公寓住宅,民用,8.1,12,0.0,6800.0,Heilongjiang,Haerbin,Daoli,Heilongjiang-Haerbin
266605,一面街10号住宅楼,哈尔滨,道里,透笼,1997,多层,一面街,126.6269901,45.76824803,1.0,20.0,,152,公寓住宅,民用,8.0,12,0.0,7500.0,Heilongjiang,Haerbin,Daoli,Heilongjiang-Haerbin
266606,电车街小区(电车街32-62号(双号),哈尔滨,道里,透笼,2004,多层,电车街32-62号(双号),126.6204244,45.76280615,1.0,30.0,,156,公寓住宅,民用,8.3,12,0.0,8580.0,Heilongjiang,Haerbin,Daoli,Heilongjiang-Haerbin
266607,经纬大厦,哈尔滨,道里,透笼,2014,高层,工厂街69号,126.6207285,45.76421754,1.0,30.0,,85,公寓住宅,民用,8.6,12,0.0,10100.0,Heilongjiang,Haerbin,Daoli,Heilongjiang-Haerbin
266608,黑龙江日报家属楼,哈尔滨,道里,透笼,1998,多层,电车街26号,126.6227527,45.76308585,1.0,20.0,,68,公寓住宅,民用,8.4,12,0.0,6250.0,Heilongjiang,Haerbin,Daoli,Heilongjiang-Haerbin
266609,铭钻家园,哈尔滨,道里,透笼,2007,小高层,斜角街34号,126.6203568,45.76429968,1.0,20.0,,0,公寓住宅,民用,8.3,12,0.0,8000.0,Heilongjiang,Haerbin,Daoli,Heilongjiang-Haerbin
266610,"工厂街小区(工厂街24号,地段街3号)",哈尔滨,道里,透笼,2015,小高层,"工厂街24号,地段街3号",126.6256758,45.76454753,1.0,30.0,,285,公寓住宅,民用,8.4,12,0.0,7300.0,Heilongjiang,Haerbin,Daoli,Heilongjiang-Haerbin
266612,"买卖街小区(买卖街14-1号,14-2号,26号,32号)",哈尔滨,道里,透笼,1991,小高层,"买卖街14-1号,14-2号,26号,32号",126.6259944,45.76545097,1.0,20.0,,192,公寓住宅,民用,8.1,12,0.0,8020.0,Heilongjiang,Haerbin,Daoli,Heilongjiang-Haerbin
266613,东方明珠公寓,哈尔滨,道里,透笼,2008,多层,石头道街18号,126.6248175,45.77021266,1.0,31.0,,175,公寓住宅,民用,8.3,12,0.0,7231.0,Heilongjiang,Haerbin,Daoli,Heilongjiang-Haerbin
266614,红霞街小区(红霞街23号-39号(单号)),哈尔滨,道里,红霞街,1987,小高层,红霞街23号-39号(单号),126.6109443,45.77235285,1.0,20.0,,395,公寓住宅,民用,8.1,12,0.0,7217.0,Heilongjiang,Haerbin,Daoli,Heilongjiang-Haerbin
266615,红霞街小区(红霞街8号-78号(双号)),哈尔滨,道里,红霞街,1990,小高层,红霞街8号-78号(双号),126.6123354,45.7722217,1.0,20.0,,410,公寓住宅,民用,7.9,12,0.35,8839.0,Heilongjiang,Haerbin,Daoli,Heilongjiang-Haerbin
266616,红霞街小区(红霞街84号-96号(双号)),哈尔滨,道里,红霞街,1998,多层|小高层,红霞街84号-96号(双号),126.6071417,45.77091943,1.0,35.0,,183,公寓住宅,民用,8.3,12,0.0,8166.0,Heilongjiang,Haerbin,Daoli,Heilongjiang-Haerbin
266617,河润街小区(河润街96号-126号(双号)),哈尔滨,道里,河润街,1988,小高层,河润街96号-126号(双号),126.5911083,45.75657089,1.0,20.0,,436,公寓住宅,民用,7.6,12,0.6,8822.0,Heilongjiang,Haerbin,Daoli,Heilongjiang-Haerbin
266611,田地街24号小区,哈尔滨,道里,透笼,2006,小高层,田地街24号,126.6267979,45.76674262,1.0,30.0,,205,公寓住宅,民用,8.4,12,0.0,7538.0,Heilongjiang,Haerbin,Daoli,Heilongjiang-Haerbin
264741,安信街小区(安信街58号-86号(双号)),哈尔滨,道里,中央大街,1993,小高层,安信街58号-86号(双号),126.6035903,45.75346653,1.0,20.0,,671,公寓住宅,民用,8.2,12,-4.9,8675.0,Heilongjiang,Haerbin,Daoli,Heilongjiang-Haerbin
265637,安静街7号小区,哈尔滨,道里,安国街,2015,小高层,安静街7号,126.6103617,45.76283101,1.0,30.0,,30,公寓住宅,民用,8.4,12,0.0,8514.0,Heilongjiang,Haerbin,Daoli,Heilongjiang-Haerbin
264743,"经纬十一道街小区(经纬十一道街45号,经纬十二道街18-1号,18-2号,20号,工部街52号,58号)",哈尔滨,道里,中央大街,1991,小高层,"经纬十一道街45号,经纬十二道街18-1号,18-2号,20号,工部街52号,58号",126.6004508,45.76772,1.0,20.0,,294,公寓住宅,民用,7.9,12,0.0,8514.0,Heilongjiang,Haerbin,Daoli,Heilongjiang-Haerbin
264842,田地街77号小区,哈尔滨,道里,中央大街,1998,小高层,田地街77号,126.6228193,45.7667921,1.0,20.0,,308,公寓住宅,民用,7.9,12,0.0,7927.0,Heilongjiang,Haerbin,Daoli,Heilongjiang-Haerbin
264841,红霞街53号小区,哈尔滨,道里,中央大街,1985,小高层,红霞街53号,126.6099038,45.77189173,1.0,20.0,,110,公寓住宅,民用,7.7,12,0.0,9511.0,Heilongjiang,Haerbin,Daoli,Heilongjiang-Haerbin
264840,"西七道街小区(西七道街3号,5号,29号,西六道街12号,18号,22号)",哈尔滨,道里,中央大街,1980,小高层,"西七道街3号,5号,29号,西六道街12号,18号,22号",126.615905,45.77209014,1.0,20.0,,142,公寓住宅,民用,7.6,12,0.0,9975.0,Heilongjiang,Haerbin,Daoli,Heilongjiang-Haerbin
264839,买卖街45号小区,哈尔滨,道里,中央大街,1992,多层,买卖街45号,126.6262326,45.76602872,1.0,20.0,,93,公寓住宅,民用,8.3,12,0.0,8875.0,Heilongjiang,Haerbin,Daoli,Heilongjiang-Haerbin
264838,中医街115号小区,哈尔滨,道里,中央大街,1988,小高层,中医街115号,126.6023309,45.77082982,1.0,20.0,,70,公寓住宅,民用,7.5,12,0.0,10324.0,Heilongjiang,Haerbin,Daoli,Heilongjiang-Haerbin
264837,安发街73号小区,哈尔滨,道里,中央大街,1993,小高层,安发街73号,126.6048979,45.75556076,1.0,20.0,,136,公寓住宅,民用,7.7,12,0.0,8875.0,Heilongjiang,Haerbin,Daoli,Heilongjiang-Haerbin
264836,正阳小区东一街区,哈尔滨,道里,中央大街,1986,小高层,哈药路507号,126.5889353,45.75822787,1.0,20.0,,1100,公寓住宅,民用,7.7,12,0.0,9551.0,Heilongjiang,Haerbin,Daoli,Heilongjiang-Haerbin
264835,安定街101号小区,哈尔滨,道里,中央大街,1994,小高层,安定街101号,126.6031374,45.75851269,1.0,20.0,,160,公寓住宅,民用,7.9,12,0.0,10123.0,Heilongjiang,Haerbin,Daoli,Heilongjiang-Haerbin
264834,安德街小区(安德街50号-54号(双号)),哈尔滨,道里,中央大街,1994,小高层,安德街50号-54号(双号),126.6073266,45.75939934,1.0,20.0,,42,公寓住宅,民用,8.3,12,0.0,8500.0,Heilongjiang,Haerbin,Daoli,Heilongjiang-Haerbin
264833,安良街49号小区,哈尔滨,道里,中央大街,1993,多层,安良街49号,126.6093743,45.75907543,,20.0,,126,公寓住宅,民用,8.1,12,0.0,9384.0,Heilongjiang,Haerbin,Daoli,Heilongjiang-Haerbin
264832,"斜角街小区(斜角街13号,17号)",哈尔滨,道里,中央大街,1990,小高层,"斜角街13号,17号",126.6201579,45.7648653,1.0,20.0,,154,公寓住宅,民用,8.0,12,0.0,12222.0,Heilongjiang,Haerbin,Daoli,Heilongjiang-Haerbin
264831,"安静二胡同小区(安静二胡同1号,2号)",哈尔滨,道里,中央大街,1984,多层,"安静二胡同1号,2号",126.6091697,45.75933579,1.0,20.0,,184,公寓住宅,民用,7.9,12,0.0,9471.0,Heilongjiang,Haerbin,Daoli,Heilongjiang-Haerbin
264830,安化街小区(安化街130号-136号(双号)),哈尔滨,道里,中央大街,1989,多层,安化街130号-136号(双号),126.6115355,45.75380808,1.0,20.0,,63,公寓住宅,民用,8.0,12,0.0,8877.0,Heilongjiang,Haerbin,Daoli,Heilongjiang-Haerbin
264829,中央尚座,哈尔滨,道里,中央大街,2014,小高层,霞曼街37号,126.6119155,45.76830792,1.0,30.0,,175,公寓住宅,民用,8.2,12,0.0,13600.0,Heilongjiang,Haerbin,Daoli,Heilongjiang-Haerbin
264828,安松街111-1号小区,哈尔滨,道里,中央大街,1990,小高层,安松街111号-1号,126.6034138,45.76182169,1.0,20.0,,135,公寓住宅,民用,7.8,12,0.0,8846.0,Heilongjiang,Haerbin,Daoli,Heilongjiang-Haerbin
264827,高谊街59号小区,哈尔滨,道里,中央大街,1981,小高层,高谊街59号,126.6060843,45.7722271,1.0,20.0,,140,公寓住宅,民用,7.8,12,0.0,9160.0,Heilongjiang,Haerbin,Daoli,Heilongjiang-Haerbin
264826,电力小区(道里),哈尔滨,道里,中央大街,2003,高层,西三道街28号,126.6134385,45.773702,1.0,30.0,,360,公寓住宅,民用,8.0,12,0.0,22772.0,Heilongjiang,Haerbin,Daoli,Heilongjiang-Haerbin
264813,安顺街140号小区,哈尔滨,道里,中央大街,2006,小高层,安顺街140号,126.6072104,45.76373913,1.0,30.0,,21,公寓住宅,民用,8.3,12,0.0,7269.0,Heilongjiang,Haerbin,Daoli,Heilongjiang-Haerbin
264814,安达街38号小区,哈尔滨,道里,中央大街,2000,小高层,安达街38号,126.6102606,45.75917977,1.0,30.0,,56,公寓住宅,民用,8.4,12,0.0,7942.0,Heilongjiang,Haerbin,Daoli,Heilongjiang-Haerbin
264815,安道街67号小区,哈尔滨,道里,中央大街,2002,小高层,安道街67号,126.6087083,45.7648615,1.0,30.0,,84,公寓住宅,民用,8.3,12,0.0,7657.0,Heilongjiang,Haerbin,Daoli,Heilongjiang-Haerbin
264816,建业大厦,哈尔滨,道里,中央大街,2010,高层,西六道街28号,126.6143452,45.77186866,1.0,20.0,,0,公寓住宅,民用,7.9,12,0.0,10000.0,Heilongjiang,Haerbin,Daoli,Heilongjiang-Haerbin
264817,友谊大厦,哈尔滨,道里,中央大街,1987,小高层,友谊路14号,126.6218513,45.77743732,1.0,20.0,,108,公寓住宅,民用,7.5,12,0.0,8000.0,Heilongjiang,Haerbin,Daoli,Heilongjiang-Haerbin
264818,"地段街小区(地段街134-1号,134-2号,石头道街93号)",哈尔滨,道里,中央大街,1983,小高层,"地段街134-1号,134-2号,石头道街93号",126.6207027,45.77017543,1.0,20.0,,120,公寓住宅,民用,7.8,12,0.0,11111.0,Heilongjiang,Haerbin,Daoli,Heilongjiang-Haerbin
264742,"友谊路小区(友谊路230号-260号(双号),工程街9号-21号(单号))",哈尔滨,道里,中央大街,1988,小高层,"友谊路230号-260号(双号),工程街9号-21号(单号)",126.6007255,45.7724015,1.0,20.0,,789,公寓住宅,民用,8.1,12,3.58,9233.0,Heilongjiang,Haerbin,Daoli,Heilongjiang-Haerbin
264819,"工懋街小区(工懋街1号,工部街14号,16号)",哈尔滨,道里,中央大街,2002,小高层,"懋街1号,工部街14号,16号",126.6008611,45.76708117,1.0,30.0,,120,公寓住宅,民用,7.9,12,0.0,7454.0,Heilongjiang,Haerbin,Daoli,Heilongjiang-Haerbin
264821,经纬二道街38号小区,哈尔滨,道里,中央大街,1987,小高层,经纬二道街38号,126.6145865,45.76341984,1.0,20.0,,78,公寓住宅,民用,8.3,12,0.0,8931.0,Heilongjiang,Haerbin,Daoli,Heilongjiang-Haerbin
264822,"西五道街小区(西五道街22号,24号,34号)",哈尔滨,道里,中央大街,1980,小高层,"西五道街22号,24号,34号",126.6142425,45.77250935,1.0,20.0,,54,公寓住宅,民用,7.7,12,0.0,9906.0,Heilongjiang,Haerbin,Daoli,Heilongjiang-Haerbin
266643,锦程家园,哈尔滨,道里,前进路,2015,高层,前进路57号,126.5879262,45.74831681,1.0,30.0,,679,公寓住宅,民用,8.8,12,0.0,12386.0,Heilongjiang,Haerbin,Daoli,Heilongjiang-Haerbin
264823,经纬七道街小区(经纬七道街5-25(单号)),哈尔滨,道里,中央大街,1988,小高层,经纬七道街5-25(单号),126.6062413,45.76640439,1.0,20.0,,371,公寓住宅,民用,7.9,12,0.0,7833.0,Heilongjiang,Haerbin,Daoli,Heilongjiang-Haerbin
264824,东风街小区(东风街36号-44号(双号)),哈尔滨,道里,中央大街,1990,小高层,东风街36号-44号(双号),126.6112373,45.76982764,1.0,20.0,,96,公寓住宅,民用,8.4,12,0.0,8947.0,Heilongjiang,Haerbin,Daoli,Heilongjiang-Haerbin
264825,"通江街小区(通江街24号,27号)",哈尔滨,道里,中央大街,1993,小高层,"通江街24号,27号",126.6105935,45.76812925,1.0,20.0,,240,公寓住宅,民用,8.2,12,0.0,10000.0,Heilongjiang,Haerbin,Daoli,Heilongjiang-Haerbin
264820,石头道街111号小区,哈尔滨,道里,中央大街,2020,多层,石头道街111号,126.6199211,45.76952056,1.0,30.0,,72,公寓住宅,民用,8.2,12,0.0,9966.0,Heilongjiang,Haerbin,Daoli,Heilongjiang-Haerbin
264812,透笼街16号小区,哈尔滨,道里,中央大街,2007,小高层,透笼街16号,126.6255248,45.76856295,1.0,30.0,,30,公寓住宅,民用,8.2,12,0.0,6641.0,Heilongjiang,Haerbin,Daoli,Heilongjiang-Haerbin
264844,安良街小区(安良街24号-32号(双号)),哈尔滨,道里,中央大街,1988,小高层,安良街24号-32号(双号),126.6103036,45.75989672,,20.0,,70,公寓住宅,民用,7.6,12,0.0,9352.0,Heilongjiang,Haerbin,Daoli,Heilongjiang-Haerbin
264846,"经纬头道街小区(经纬头道街10号,16号,28号)",哈尔滨,道里,中央大街,1993,小高层,"经纬头道街10号,16号,28号",126.6170668,45.76391574,1.0,20.0,,63,公寓住宅,民用,8.1,12,0.0,8966.0,Heilongjiang,Haerbin,Daoli,Heilongjiang-Haerbin
264879,外滩首府,哈尔滨,道里,群力,2018,多层|高层,"兴江路,近群力第一大道",126.5451438,45.74216742,1.0,30.0,2600000.0,2382,公寓住宅,民用,8.2,12,-0.33,22636.0,Heilongjiang,Haerbin,Daoli,Heilongjiang-Haerbin
264878,盛和天下,哈尔滨,道里,群力,2015,多层|高层,友谊西路2666号,126.5598068,45.74783618,1.0,32.0,,1961,公寓住宅,民用,8.0,12,-2.06,20955.0,Heilongjiang,Haerbin,Daoli,Heilongjiang-Haerbin
264875,观江花园,哈尔滨,道里,中央大街,1998,高层,工程街6号,126.6031476,45.77306514,1.0,20.0,,67,公寓住宅,民用,8.1,12,0.0,12264.0,Heilongjiang,Haerbin,Daoli,Heilongjiang-Haerbin
264874,28号小区,哈尔滨,道里,中央大街,2000,多层|小高层,中央大街28号,126.6146203,45.7667152,1.0,20.0,,546,公寓住宅,民用,8.4,12,0.0,10603.0,Heilongjiang,Haerbin,Daoli,Heilongjiang-Haerbin
264873,国际城公寓,哈尔滨,道里,中央大街,1998,高层,西三道街8号,126.6152011,45.77395026,1.0,20.0,,172,公寓住宅,民用,8.0,12,0.0,11920.0,Heilongjiang,Haerbin,Daoli,Heilongjiang-Haerbin
264872,百顺风华公寓,哈尔滨,道里,中央大街,2005,高层,中医街99号,126.6069885,45.77215136,1.0,20.0,,68,公寓住宅,民用,8.1,12,0.0,24064.0,Heilongjiang,Haerbin,Daoli,Heilongjiang-Haerbin
264871,名都国际,哈尔滨,道里,中央大街,2009,多层,"通江胡同7号,友谊路190号",126.6051119,45.77437208,1.0,26.0,,122,公寓住宅,民用,8.1,12,0.0,14552.0,Heilongjiang,Haerbin,Daoli,Heilongjiang-Haerbin
264870,"东风街小区(东风街9号,33号-43号(单号))",哈尔滨,道里,中央大街,1987,多层|高层,"东风街9号,33号-43号(单号)",126.6106763,45.77005658,1.0,20.0,,258,公寓住宅,民用,8.0,12,0.0,9411.0,Heilongjiang,Haerbin,Daoli,Heilongjiang-Haerbin
264869,宝捷广场,哈尔滨,道里,中央大街,2002,高层,尚志大街238号,126.6149467,45.77580511,1.0,20.0,,0,公寓住宅,民用,8.4,12,0.0,12111.0,Heilongjiang,Haerbin,Daoli,Heilongjiang-Haerbin
264868,经纬三道街小区(经纬三道街26号-30号(双号)),哈尔滨,道里,中央大街,1998,多层,经纬三道街26号-30号(双号),126.6133336,45.76428483,1.0,20.0,,98,公寓住宅,民用,8.1,12,0.0,8384.0,Heilongjiang,Haerbin,Daoli,Heilongjiang-Haerbin
264867,龙电公寓,哈尔滨,道里,中央大街,1999,小高层,西八道街2号,126.6154587,45.77089077,1.0,20.0,,987,公寓住宅,民用,7.7,12,0.0,12672.0,Heilongjiang,Haerbin,Daoli,Heilongjiang-Haerbin
264866,"地段街小区(电车街2号,4号,12号,18号,地段街4号,6号)",哈尔滨,道里,中央大街,1990,小高层,"电车街2号,4号,12号,18号,地段街4号,6号",126.6244444,45.76327277,1.0,20.0,,147,公寓住宅,民用,8.3,12,0.0,9000.0,Heilongjiang,Haerbin,Daoli,Heilongjiang-Haerbin
264865,万泰国际,哈尔滨,道里,中央大街,2017,高层,田地街51-4号,126.6243059,45.76677166,1.0,30.0,,638,公寓住宅,民用,8.7,12,0.0,13000.0,Heilongjiang,Haerbin,Daoli,Heilongjiang-Haerbin
264864,安良街7号小区,哈尔滨,道里,中央大街,1985,多层,安良街7号,126.610886,45.76049638,,20.0,,211,公寓住宅,民用,7.9,12,0.0,9645.0,Heilongjiang,Haerbin,Daoli,Heilongjiang-Haerbin
264863,安定街165号小区,哈尔滨,道里,中央大街,1989,多层,安定街165号,126.6011797,45.75592064,1.0,20.0,,0,公寓住宅,民用,7.7,12,0.0,9250.0,Heilongjiang,Haerbin,Daoli,Heilongjiang-Haerbin
264862,霁虹街99号小区,哈尔滨,道里,中央大街,2003,多层,霁虹街99号,126.6169305,45.76120994,1.0,30.0,,131,公寓住宅,民用,8.3,12,0.0,7988.0,Heilongjiang,Haerbin,Daoli,Heilongjiang-Haerbin
264861,"安顺街小区(安顺街79号,安道街58号)",哈尔滨,道里,中央大街,1993,小高层,"安顺街79号,安道街58号",126.611264,45.76361053,,20.0,,161,公寓住宅,民用,8.0,12,0.0,8409.0,Heilongjiang,Haerbin,Daoli,Heilongjiang-Haerbin
264847,"新阳路小区(新阳路236号,238号)",哈尔滨,道里,中央大街,1988,小高层,"新阳路236号,238号",126.6062407,45.75249385,1.0,20.0,,96,公寓住宅,民用,7.9,12,0.0,9085.0,Heilongjiang,Haerbin,Daoli,Heilongjiang-Haerbin
264848,红专街163号小区,哈尔滨,道里,中央大街,1993,小高层,红专街163号,126.6043226,45.76928416,1.0,20.0,,64,公寓住宅,民用,7.7,12,0.0,9241.0,Heilongjiang,Haerbin,Daoli,Heilongjiang-Haerbin
264849,斜角街小区(斜角街20号-24号(双号)),哈尔滨,道里,中央大街,1990,小高层,斜角街20号-24号(双号),126.619334,45.76466701,1.0,20.0,,138,公寓住宅,民用,8.1,12,0.0,11465.0,Heilongjiang,Haerbin,Daoli,Heilongjiang-Haerbin
264850,新阳路小区(新阳路54号-74号(双号)),哈尔滨,道里,中央大街,1988,小高层,新阳路54号-74号(双号),126.6109775,45.75843375,1.0,20.0,,233,公寓住宅,民用,7.9,12,0.0,9677.0,Heilongjiang,Haerbin,Daoli,Heilongjiang-Haerbin
264851,西十五道街小区(西十五道街34号-56号(双号)),哈尔滨,道里,中央大街,1985,小高层,西十五道街34号-56号(双号),126.6161,45.76597994,1.0,20.0,,192,公寓住宅,民用,7.9,12,0.0,11486.0,Heilongjiang,Haerbin,Daoli,Heilongjiang-Haerbin
264852,安达街小区(安达街40号-46号(双号)),哈尔滨,道里,中央大街,1987,小高层,安达街40号-46号(双号),126.6099457,45.75919835,1.0,20.0,,154,公寓住宅,民用,8.1,12,0.0,7222.0,Heilongjiang,Haerbin,Daoli,Heilongjiang-Haerbin
264845,工厂街21号小区,哈尔滨,道里,中央大街,2002,小高层,工厂街21号,126.6255154,45.76471262,1.0,30.0,,113,公寓住宅,民用,8.3,12,0.0,8152.0,Heilongjiang,Haerbin,Daoli,Heilongjiang-Haerbin
264853,通江胡同11号小区,哈尔滨,道里,中央大街,1998,小高层,通江胡同11号,126.6052908,45.77407074,1.0,20.0,,30,公寓住宅,民用,7.3,12,0.0,8600.0,Heilongjiang,Haerbin,Daoli,Heilongjiang-Haerbin
264855,"新开街小区(新开街2号-8号(双号),副2号)",哈尔滨,道里,中央大街,1986,小高层,"新开街2号-8号(双号),副2号",126.6030009,45.77152666,1.0,20.0,,146,公寓住宅,民用,7.6,12,0.0,9843.0,Heilongjiang,Haerbin,Daoli,Heilongjiang-Haerbin
264856,东风街小区(东风街106号-128号(双号)),哈尔滨,道里,中央大街,1981,小高层,东风街106号-128号(双号),126.6108032,45.76976124,1.0,20.0,,196,公寓住宅,民用,8.2,12,0.0,10250.0,Heilongjiang,Haerbin,Daoli,Heilongjiang-Haerbin
264857,安顺街小区(安顺街32号-44号(双号)),哈尔滨,道里,中央大街,1995,小高层,安顺街32号-44号(双号),126.6146161,45.76116318,,20.0,,87,公寓住宅,民用,7.7,12,0.0,8177.0,Heilongjiang,Haerbin,Daoli,Heilongjiang-Haerbin
264858,地工街54号小区,哈尔滨,道里,中央大街,1994,小高层,地工街54号,126.6172365,45.75165235,1.0,20.0,,200,公寓住宅,民用,8.1,12,0.0,9956.0,Heilongjiang,Haerbin,Daoli,Heilongjiang-Haerbin
264859,霞曼街93号小区,哈尔滨,道里,中央大街,1995,小高层,霞曼街93号,126.6092647,45.76762544,1.0,20.0,,25,公寓住宅,民用,8.3,12,0.0,10967.0,Heilongjiang,Haerbin,Daoli,Heilongjiang-Haerbin
264860,"友谊路小区(友谊路194号-200号(双号),高谊街100号,通江胡同11号,19号)",哈尔滨,道里,中央大街,1988,小高层,"友谊路194号-200号(双号),高谊街100号,通江胡同11号,19号",126.6037289,45.77406156,1.0,20.0,,245,公寓住宅,民用,7.6,12,0.0,10425.0,Heilongjiang,Haerbin,Daoli,Heilongjiang-Haerbin
264854,南安街66号小区,哈尔滨,道里,中央大街,1998,小高层,南安街66号,126.6265834,45.76446539,1.0,20.0,,90,公寓住宅,民用,8.3,12,0.0,7419.0,Heilongjiang,Haerbin,Daoli,Heilongjiang-Haerbin
264811,"大安街小区(大安街90-2号,92号-112号(双号))",哈尔滨,道里,中央大街,1991,小高层,"大安街90-2号,92号-112号(双号)",126.6091618,45.76828344,1.0,20.0,,364,公寓住宅,民用,8.0,12,0.0,9692.0,Heilongjiang,Haerbin,Daoli,Heilongjiang-Haerbin
264843,"通江街小区(通江街153号,159号)",哈尔滨,道里,中央大街,1993,小高层,"通江街153号,159号",126.6076998,45.77379595,1.0,20.0,,122,公寓住宅,民用,7.7,12,0.0,9857.0,Heilongjiang,Haerbin,Daoli,Heilongjiang-Haerbin
264761,经纬街小区(经纬街174号-194号(双号)),哈尔滨,道里,中央大街,2007,小高层,经纬街174号-194号(双号),126.6100184,45.76682233,1.0,30.0,,170,公寓住宅,民用,8.5,12,0.0,13787.0,Heilongjiang,Haerbin,Daoli,Heilongjiang-Haerbin
264773,红霞街132号小区,哈尔滨,道里,中央大街,2000,多层,红霞街,126.6040515,45.7702732,,30.0,,114,公寓住宅,民用,7.9,12,0.0,8000.0,Heilongjiang,Haerbin,Daoli,Heilongjiang-Haerbin
264772,安定街小区(安定街217号-219号(单号)),哈尔滨,道里,中央大街,1997,小高层,安定街217号-219号(单号),126.6008367,45.75569029,1.0,20.0,,283,公寓住宅,民用,8.4,12,0.0,9103.0,Heilongjiang,Haerbin,Daoli,Heilongjiang-Haerbin
264771,安和街十街区,哈尔滨,道里,中央大街,1991,小高层,安和街,126.6057644,45.75434631,,20.0,,0,公寓住宅,民用,7.6,12,0.0,8916.0,Heilongjiang,Haerbin,Daoli,Heilongjiang-Haerbin
264769,中央大街216号小区,哈尔滨,道里,中央大街,2002,高层,中央大街216号,126.6116345,45.77601235,1.0,30.0,,108,公寓住宅,民用,8.0,12,0.0,9636.0,Heilongjiang,Haerbin,Daoli,Heilongjiang-Haerbin
264768,上游街小区(上游街52号-92号(双号)),哈尔滨,道里,中央大街,1991,多层,上游街52号-92号(双号),126.6104418,45.77381149,1.0,20.0,,374,公寓住宅,民用,7.8,12,0.0,11041.0,Heilongjiang,Haerbin,Daoli,Heilongjiang-Haerbin
264767,北安街小区(北安街100号-112号(双号)),哈尔滨,道里,中央大街,1991,小高层,北安街100号-112号(双号),126.6112135,45.76381389,1.0,20.0,,105,公寓住宅,民用,8.4,12,0.0,8303.0,Heilongjiang,Haerbin,Daoli,Heilongjiang-Haerbin
264766,经纬四道街1号小区,哈尔滨,道里,中央大街,1991,小高层,经纬四道街1号,126.6118147,45.76613916,1.0,20.0,,64,公寓住宅,民用,8.6,12,0.0,17187.0,Heilongjiang,Haerbin,Daoli,Heilongjiang-Haerbin
264765,经纬四道街21号小区,哈尔滨,道里,中央大街,1991,小高层,经纬四道街21号,126.6111299,45.76524243,1.0,20.0,,119,公寓住宅,民用,8.5,12,0.0,13483.0,Heilongjiang,Haerbin,Daoli,Heilongjiang-Haerbin
264764,北安街99号小区,哈尔滨,道里,中央大街,1991,小高层,北安街99号,126.6070389,45.76626948,1.0,20.0,,63,公寓住宅,民用,8.8,12,0.0,14153.0,Heilongjiang,Haerbin,Daoli,Heilongjiang-Haerbin
264763,经纬街小区(经纬街214号-224号(双号)),哈尔滨,道里,中央大街,2007,小高层,经纬街214号-224号(双号),126.6081951,45.76749936,1.0,30.0,,96,公寓住宅,民用,8.4,12,0.0,9551.0,Heilongjiang,Haerbin,Daoli,Heilongjiang-Haerbin
264762,"经纬街小区(经纬六道街6号,经纬街196号)",哈尔滨,道里,中央大街,2007,小高层,"经纬六道街6号,经纬街196号",126.6092892,45.76706745,1.0,30.0,,56,公寓住宅,民用,8.9,12,0.0,18752.0,Heilongjiang,Haerbin,Daoli,Heilongjiang-Haerbin
264760,安顺街164号小区,哈尔滨,道里,中央大街,2006,小高层,安顺街164号,126.6054471,45.76460078,1.0,30.0,,96,公寓住宅,民用,8.3,12,0.0,9047.0,Heilongjiang,Haerbin,Daoli,Heilongjiang-Haerbin
264759,经纬六道街15号小区,哈尔滨,道里,中央大街,1991,小高层,经纬六道街15号,126.6083337,45.7665806,1.0,20.0,,142,公寓住宅,民用,8.7,12,0.0,12748.0,Heilongjiang,Haerbin,Daoli,Heilongjiang-Haerbin
264758,西十四道街小区(西十四道街36号-56号(双号)),哈尔滨,道里,中央大街,1991,小高层,西十四道街36号-56号(双号),126.6156336,45.7672066,1.0,20.0,,180,公寓住宅,民用,8.1,12,0.0,10333.0,Heilongjiang,Haerbin,Daoli,Heilongjiang-Haerbin
264756,新华小区(道里友谊路),哈尔滨,道里,中央大街,1988,小高层,友谊路17号,126.6204263,45.77781798,1.0,20.0,,0,公寓住宅,民用,8.0,12,0.0,8041.0,Heilongjiang,Haerbin,Daoli,Heilongjiang-Haerbin
264755,上游街小区(上游街8号-46号(双号)),哈尔滨,道里,中央大街,2000,多层,上游街8号-46号(双号),126.6114731,45.77417079,1.0,30.0,,345,公寓住宅,民用,8.0,12,0.0,10000.0,Heilongjiang,Haerbin,Daoli,Heilongjiang-Haerbin
264753,工程街小区(工程街50号-82号(双号)),哈尔滨,道里,中央大街,1988,多层,工程街50号-82号(双号),126.6014858,45.77203232,1.0,20.0,,260,公寓住宅,民用,7.7,12,-0.28,6584.0,Heilongjiang,Haerbin,Daoli,Heilongjiang-Haerbin
264752,"红专街小区(红专街88号-96号(双号),高谊街39号,41号,东风街67号,98号)",哈尔滨,道里,中央大街,1991,小高层,"红专街88号-96号(双号),高谊街39号,41号,东风街67号,98号",126.6076331,45.76989675,,20.0,,381,公寓住宅,民用,7.9,12,-2.1,8887.0,Heilongjiang,Haerbin,Daoli,Heilongjiang-Haerbin
264751,"东风街小区(东风街56号,84号)",哈尔滨,道里,中央大街,1991,小高层,"东风街56号,84号",126.6109093,45.76947961,1.0,20.0,,70,公寓住宅,民用,8.2,12,0.0,9583.0,Heilongjiang,Haerbin,Daoli,Heilongjiang-Haerbin
264750,"安顺街小区(安顺街170-182号(双号),安正街20号,22号,安丰街69号,71号)",哈尔滨,道里,中央大街,2006,小高层,"安顺街170-182号(双号),安正街20号,22号,安丰街69号,71号",126.6046232,45.7647995,1.0,30.0,,415,公寓住宅,民用,8.2,12,-1.72,8311.0,Heilongjiang,Haerbin,Daoli,Heilongjiang-Haerbin
264749,经纬五道街8号小区,哈尔滨,道里,中央大街,1991,小高层,经纬五道街8号,126.6107806,45.76573359,1.0,20.0,,192,公寓住宅,民用,8.3,12,0.09,16346.0,Heilongjiang,Haerbin,Daoli,Heilongjiang-Haerbin
264748,"经纬十道街小区(经纬十道街23号,经纬十一道街18号,工部街32号-44号(双号))",哈尔滨,道里,中央大街,2011,多层,"经纬十道街23号,经纬十一道街18号,工部街32号-44号(双号)",126.601814,45.76703067,1.0,30.0,,357,公寓住宅,民用,8.2,12,0.0,8600.0,Heilongjiang,Haerbin,Daoli,Heilongjiang-Haerbin
264747,上游街小区(上游街148号-164号(双号)),哈尔滨,道里,中央大街,2002,多层,上游街148号-164号(双号),126.6089114,45.77233653,1.0,30.0,,208,公寓住宅,民用,8.1,12,0.0,9000.0,Heilongjiang,Haerbin,Daoli,Heilongjiang-Haerbin
264746,"西十五道街小区(3号,42号,57号)",哈尔滨,道里,中央大街,1984,多层,"西十五道街3号,42号,57号",126.6177665,45.76642055,1.0,20.0,,313,公寓住宅,民用,8.4,12,0.0,8761.0,Heilongjiang,Haerbin,Daoli,Heilongjiang-Haerbin
264745,"中医街小区(中医街25号-77号(单号),通江街147号)",哈尔滨,道里,中央大街,1991,小高层,"中医街25号-77号(单号),通江街147号",126.6092745,45.77280466,1.0,20.0,,478,公寓住宅,民用,7.7,12,0.0,10270.0,Heilongjiang,Haerbin,Daoli,Heilongjiang-Haerbin
264744,通江胡同小区(通江胡同4号-18号(双号)),哈尔滨,道里,中央大街,2006,小高层,通江胡同4号-18号(双号),126.6060578,45.77390984,1.0,30.0,,138,公寓住宅,民用,8.2,12,0.0,11107.0,Heilongjiang,Haerbin,Daoli,Heilongjiang-Haerbin
264810,安道街小区(安道街45号-51号(单号)),哈尔滨,道里,中央大街,1987,小高层,安道街45号-51号(单号),126.6120095,45.76313749,1.0,20.0,,54,公寓住宅,民用,8.1,12,0.0,5757.0,Heilongjiang,Haerbin,Daoli,Heilongjiang-Haerbin
264757,森林街62号楼,哈尔滨,道里,中央大街,2000,多层,森林街62号,126.6193485,45.77385363,1.0,30.0,,0,公寓住宅,民用,8.3,12,0.0,12903.0,Heilongjiang,Haerbin,Daoli,Heilongjiang-Haerbin
264770,安道街小区(安道街100号-116号(双号)),哈尔滨,道里,中央大街,1986,小高层,安道街100号-116号(双号),126.6077748,45.76479357,1.0,20.0,,161,公寓住宅,民用,7.8,12,0.0,9800.0,Heilongjiang,Haerbin,Daoli,Heilongjiang-Haerbin
264795,药四小区,哈尔滨,道里,中央大街,2001,小高层,上游街53号,126.6064372,45.77310558,1.0,30.0,,88,公寓住宅,民用,8.4,12,0.0,15000.0,Heilongjiang,Haerbin,Daoli,Heilongjiang-Haerbin
264796,经纬街81号小区,哈尔滨,道里,中央大街,2007,低层,经纬街81号,126.6161858,45.76518799,1.0,30.0,,36,公寓住宅,民用,8.4,12,0.0,10100.0,Heilongjiang,Haerbin,Daoli,Heilongjiang-Haerbin
264797,工部街18号小区,哈尔滨,道里,中央大街,2002,多层,工部街18号,126.6032081,45.76758806,1.0,30.0,,178,公寓住宅,民用,8.0,12,0.0,9411.0,Heilongjiang,Haerbin,Daoli,Heilongjiang-Haerbin
264798,友谊路小区(友谊路158号-168号(双号)),哈尔滨,道里,中央大街,1991,小高层,友谊路158号-168号(双号),126.6080361,45.77530207,1.0,20.0,,41,公寓住宅,民用,7.8,12,0.0,10584.0,Heilongjiang,Haerbin,Daoli,Heilongjiang-Haerbin
264800,"安顺街小区(安顺街150号,152号)",哈尔滨,道里,中央大街,2006,小高层,"安顺街150号,152号",126.606224,45.76426602,1.0,30.0,,52,公寓住宅,民用,8.1,12,0.0,9483.0,Heilongjiang,Haerbin,Daoli,Heilongjiang-Haerbin
264801,安康街56号小区,哈尔滨,道里,中央大街,2002,小高层,安康街56号,126.6051453,45.76401832,1.0,30.0,,66,公寓住宅,民用,8.2,12,0.0,9800.0,Heilongjiang,Haerbin,Daoli,Heilongjiang-Haerbin
264802,安定街5号小区,哈尔滨,道里,中央大街,2010,小高层,安定街5号,126.6064497,45.76410147,1.0,30.0,,63,公寓住宅,民用,8.1,12,0.0,7500.0,Heilongjiang,Haerbin,Daoli,Heilongjiang-Haerbin
264803,"安康街小区(安康街40号-50号(双号),安顺街166号)",哈尔滨,道里,中央大街,2000,小高层,"安康街40号-50号(双号),安顺街166号",126.6051933,45.76449908,1.0,30.0,,90,公寓住宅,民用,8.1,12,0.0,9815.0,Heilongjiang,Haerbin,Daoli,Heilongjiang-Haerbin
264804,安道街小区(安道街78-86号(双号)),哈尔滨,道里,中央大街,2004,小高层,安道街78-86号(双号),126.6095068,45.76384062,1.0,30.0,,108,公寓住宅,民用,8.1,12,0.0,9800.0,Heilongjiang,Haerbin,Daoli,Heilongjiang-Haerbin
264805,"安道街小区(安道街66号-70(双号),70-1号)",哈尔滨,道里,中央大街,1995,小高层,"安道街66号-70(双号),70-1号",126.6100441,45.76351188,1.0,20.0,,122,公寓住宅,民用,7.8,12,0.0,7740.0,Heilongjiang,Haerbin,Daoli,Heilongjiang-Haerbin
264806,"经纬七道街小区(经纬七道街54号,56号)",哈尔滨,道里,中央大街,2002,小高层,"经纬七道街54号,56号",126.6073125,45.76651689,1.0,30.0,,28,公寓住宅,民用,8.2,12,0.0,10312.0,Heilongjiang,Haerbin,Daoli,Heilongjiang-Haerbin
264807,安顺街129号小区,哈尔滨,道里,中央大街,2006,小高层,安顺街129号,126.6088218,45.76343722,1.0,30.0,,318,公寓住宅,民用,8.1,12,0.0,8819.0,Heilongjiang,Haerbin,Daoli,Heilongjiang-Haerbin
264808,西十五道街小区(西十五道街64号-68号(双号)),哈尔滨,道里,中央大街,2000,多层,西十五道街64号-68号(双号),126.6150791,45.76577937,1.0,30.0,,49,公寓住宅,民用,8.4,12,0.0,8725.0,Heilongjiang,Haerbin,Daoli,Heilongjiang-Haerbin
264809,经纬三道街24号小区,哈尔滨,道里,中央大街,1991,小高层,经纬三道街24号,126.6137737,45.76504934,1.0,20.0,,0,公寓住宅,民用,8.2,12,0.0,8974.0,Heilongjiang,Haerbin,Daoli,Heilongjiang-Haerbin
264794,上游街小区(上游街副58号-副64号(双号)),哈尔滨,道里,中央大街,1996,多层,上游街副58号-副64号(双号),126.6095355,45.77352765,1.0,20.0,,132,公寓住宅,民用,7.8,12,0.0,9420.0,Heilongjiang,Haerbin,Daoli,Heilongjiang-Haerbin
264793,"高谊街小区(高谊街47号,49号,84号)",哈尔滨,道里,中央大街,2000,多层,"高谊街47号,49号,84号",126.6069115,45.77039539,1.0,30.0,,159,公寓住宅,民用,8.1,12,0.0,8875.0,Heilongjiang,Haerbin,Daoli,Heilongjiang-Haerbin
264799,安顺街小区(安顺街154-162号(双号)),哈尔滨,道里,中央大街,2006,小高层,安顺街154-162号(双号),126.6058261,45.76440371,1.0,30.0,,137,公寓住宅,民用,8.1,12,0.0,6660.0,Heilongjiang,Haerbin,Daoli,Heilongjiang-Haerbin
264792,工程街9号小区,哈尔滨,道里,中央大街,1987,多层,友谊路,126.6023598,45.77343965,1.0,20.0,,141,公寓住宅,民用,7.6,12,0.0,9966.0,Heilongjiang,Haerbin,Daoli,Heilongjiang-Haerbin
264788,安康街20号院,哈尔滨,道里,中央大街,2003,多层,安康街20号,126.6059642,45.7656349,1.0,30.0,,453,公寓住宅,民用,8.1,12,0.0,9600.0,Heilongjiang,Haerbin,Daoli,Heilongjiang-Haerbin
264789,西十一道街25号小区,哈尔滨,道里,中央大街,2017,多层,西十一道街25号,126.6153634,45.76949832,,30.0,,14,公寓住宅,民用,8.1,12,0.0,12500.0,Heilongjiang,Haerbin,Daoli,Heilongjiang-Haerbin
264790,石头道街27号住宅楼,哈尔滨,道里,中央大街,2003,多层,石头道街27号,126.6247091,45.77054899,1.0,30.0,,64,公寓住宅,民用,8.1,12,0.0,6800.0,Heilongjiang,Haerbin,Daoli,Heilongjiang-Haerbin
264791,"高谊街小区(高谊街75号,75-2号)",哈尔滨,道里,中央大街,2000,小高层,"高谊街75号,75-2号",126.6053716,45.77177916,1.0,30.0,,138,公寓住宅,民用,8.1,12,0.0,8600.0,Heilongjiang,Haerbin,Daoli,Heilongjiang-Haerbin
268835,景阳街270号小区,哈尔滨,道外,南马路,2010,多层,景阳街270号,126.6335034,45.77574234,1.0,30.0,,395,公寓住宅,民用,7.9,12,0.0,9000.0,Heilongjiang,Haerbin,Daowai,Heilongjiang-Haerbin
268840,南马路98号小区,哈尔滨,道外,景阳街,2017,小高层,南马路98号,126.6320748,45.77185845,1.0,30.0,,414,公寓住宅,民用,8.4,12,0.0,7820.0,Heilongjiang,Haerbin,Daowai,Heilongjiang-Haerbin
268836,"新马路小区(新马路12号-26号(双号),副36号)",哈尔滨,道外,南马路,2001,小高层,"新马路12号-26号(双号),副36号",126.6267348,45.77143818,1.0,30.0,,126,公寓住宅,民用,8.0,12,0.0,7390.0,Heilongjiang,Haerbin,Daowai,Heilongjiang-Haerbin
268837,南极街132号小区,哈尔滨,道外,南马路,1991,小高层,南极街132号,126.629795,45.7675415,1.0,20.0,,48,公寓住宅,民用,8.0,12,0.0,8636.0,Heilongjiang,Haerbin,Daowai,Heilongjiang-Haerbin
268838,西开原二道街小区(西开原二道街2号-36号(双号)),哈尔滨,道外,南马路,1988,小高层,西开原二道街2号-36号(双号),126.6277007,45.76933836,1.0,20.0,,380,公寓住宅,民用,8.1,12,0.0,7559.0,Heilongjiang,Haerbin,Daowai,Heilongjiang-Haerbin
268839,景阳小区,哈尔滨,道外,南马路,1998,小高层,清真寺街54号,126.6385858,45.76828449,1.0,20.0,,309,公寓住宅,民用,8.2,12,0.0,7533.0,Heilongjiang,Haerbin,Daowai,Heilongjiang-Haerbin
268841,景阳世家,哈尔滨,道外,景阳街,2005,多层,景阳街347号,126.6309432,45.78218055,1.0,26.0,,747,公寓住宅,民用,8.0,12,0.0,8976.0,Heilongjiang,Haerbin,Daowai,Heilongjiang-Haerbin
268843,"南和街小区(109号,141号)",哈尔滨,道外,景阳街,2000,小高层,"南和街109号,141号",126.6364505,45.7743844,1.0,30.0,,129,公寓住宅,民用,7.9,12,0.0,7446.0,Heilongjiang,Haerbin,Daowai,Heilongjiang-Haerbin
268844,南坎头道街小区14号,哈尔滨,道外,景阳街,2000,多层,南坎头道街14号,126.6408191,45.76759888,1.0,30.0,,336,公寓住宅,民用,8.3,12,0.0,7500.0,Heilongjiang,Haerbin,Daowai,Heilongjiang-Haerbin
268845,"东内史胡同小区(7号,29号)",哈尔滨,道外,景阳街,1991,小高层,"东内史胡同7号,29号",126.63296,45.77563045,1.0,20.0,,548,公寓住宅,民用,7.8,12,0.0,9020.0,Heilongjiang,Haerbin,Daowai,Heilongjiang-Haerbin
268848,南极街132号小区,哈尔滨,道外,景阳街,1991,小高层,南极街132号,126.629795,45.7675415,1.0,20.0,,48,公寓住宅,民用,8.0,12,0.0,8636.0,Heilongjiang,Haerbin,Daowai,Heilongjiang-Haerbin
268842,"长发街小区(长发街19号,小水晶街22号,28号)",哈尔滨,道外,景阳街,2002,小高层,"长发街19号,小水晶街22号,28号",126.6391616,45.77598059,1.0,30.0,,275,公寓住宅,民用,8.2,12,0.0,8683.0,Heilongjiang,Haerbin,Daowai,Heilongjiang-Haerbin
268887,"南和街小区(南和街81号,85号)",哈尔滨,道外,承德街,2000,小高层,"南和街81号,85号",126.6372439,45.77278955,1.0,30.0,,49,公寓住宅,民用,7.8,12,0.0,7622.0,Heilongjiang,Haerbin,Daowai,Heilongjiang-Haerbin
268831,四海路53-2号小区,哈尔滨,道外,宏图街,2000,多层,四海路53-2号,126.704058,45.77913117,1.0,30.0,,0,公寓住宅,民用,7.6,12,0.0,6700.0,Heilongjiang,Haerbin,Daowai,Heilongjiang-Haerbin
268818,泰富长安城(南区),哈尔滨,道外,泰富长安城,2012,多层,"南直路359号,南直路345号",126.7030694,45.77039653,1.0,26.0,,4585,公寓住宅,民用,7.8,12,0.89,7481.0,Heilongjiang,Haerbin,Daowai,Heilongjiang-Haerbin
268849,西开原二道街小区(西开原二道街40号-94号(双号)),哈尔滨,道外,景阳街,1991,小高层,西开原二道街40号-94号(双号),126.6277718,45.76944911,1.0,20.0,,231,公寓住宅,民用,7.9,12,0.0,7428.0,Heilongjiang,Haerbin,Daowai,Heilongjiang-Haerbin
268819,泰富长安城(北区),哈尔滨,道外,泰富长安城,2012,多层,南直路,126.7000375,45.77269544,1.0,35.0,,236,公寓住宅,民用,8.1,12,0.0,7228.0,Heilongjiang,Haerbin,Daowai,Heilongjiang-Haerbin
268820,教工街49-53号小区,哈尔滨,道外,泰富长安城,2008,小高层,"教工街49号,53号",126.6964481,45.77058461,1.0,30.0,,161,公寓住宅,民用,7.7,12,0.0,8778.0,Heilongjiang,Haerbin,Daowai,Heilongjiang-Haerbin
268822,化工局家属楼,哈尔滨,道外,泰富长安城,2000,多层,南直路473号,126.6990855,45.77268268,1.0,30.0,,114,公寓住宅,民用,8.0,12,0.0,7600.0,Heilongjiang,Haerbin,Daowai,Heilongjiang-Haerbin
268832,南马小区,哈尔滨,道外,南马路,2000,高层,景阳街148号,126.6350064,45.77215238,1.0,20.0,,707,公寓住宅,民用,8.2,12,0.0,9722.0,Heilongjiang,Haerbin,Daowai,Heilongjiang-Haerbin
268823,教工街55号小区,哈尔滨,道外,泰富长安城,2015,小高层,教工街55号,126.6966451,45.76973868,1.0,30.0,,112,公寓住宅,民用,8.1,12,0.0,6792.0,Heilongjiang,Haerbin,Daowai,Heilongjiang-Haerbin
268825,南棵绿荫小区(东区),哈尔滨,道外,宏图街,2006,多层,"南棵街,近宏图街",126.7045014,45.78270958,1.0,31.86,,1344,公寓住宅,民用,7.8,12,-1.49,7589.0,Heilongjiang,Haerbin,Daowai,Heilongjiang-Haerbin
268826,一机路小区(一机路174号-194号(双号)),哈尔滨,道外,宏图街,2002,小高层,一机路174号-194号(双号),126.6978128,45.77844717,1.0,30.0,,0,公寓住宅,民用,7.9,12,0.0,7587.0,Heilongjiang,Haerbin,Daowai,Heilongjiang-Haerbin
268827,南棵绿荫小区和谐苑,哈尔滨,道外,宏图街,2006,多层,宏图街72-1号,126.7034047,45.78000227,1.0,45.0,,525,公寓住宅,民用,8.3,12,-3.5,6680.0,Heilongjiang,Haerbin,Daowai,Heilongjiang-Haerbin
268828,东铁花园,哈尔滨,道外,宏图街,2000,多层,东铁街14号,126.7060337,45.77684893,1.0,35.0,,994,公寓住宅,民用,7.6,12,-3.45,6763.0,Heilongjiang,Haerbin,Daowai,Heilongjiang-Haerbin
268830,宏伟路131号小区,哈尔滨,道外,宏图街,2002,多层,宏伟路131号,126.6910619,45.77785071,1.0,30.0,,112,公寓住宅,民用,7.8,12,0.0,7800.0,Heilongjiang,Haerbin,Daowai,Heilongjiang-Haerbin
268824,报达文化商住小区,哈尔滨,道外,宏图街,2006,多层,宏图街266号,126.6873425,45.77717742,1.0,20.0,,1733,公寓住宅,民用,8.3,12,-0.41,8329.0,Heilongjiang,Haerbin,Daowai,Heilongjiang-Haerbin
268850,南平街68号小区,哈尔滨,道外,景阳街,1991,小高层,南平街68号,126.6375653,45.77411075,1.0,20.0,,128,公寓住宅,民用,7.7,12,0.0,8260.0,Heilongjiang,Haerbin,Daowai,Heilongjiang-Haerbin
268886,南平街68号小区,哈尔滨,道外,承德街,1991,小高层,南平街68号,126.6375653,45.77411075,1.0,20.0,,128,公寓住宅,民用,7.7,12,0.0,8260.0,Heilongjiang,Haerbin,Daowai,Heilongjiang-Haerbin
268852,景阳街244号小区,哈尔滨,道外,景阳街,1991,小高层,景阳街244号,126.6340261,45.77484012,1.0,20.0,,215,公寓住宅,民用,7.6,12,0.0,7685.0,Heilongjiang,Haerbin,Daowai,Heilongjiang-Haerbin
268872,"长发街小区(长发街19号,小水晶街22号,28号)",哈尔滨,道外,承德街,2002,小高层,"长发街19号,小水晶街22号,28号",126.6391616,45.77598059,1.0,30.0,,275,公寓住宅,民用,8.2,12,0.0,8683.0,Heilongjiang,Haerbin,Daowai,Heilongjiang-Haerbin
268873,南平街50号小区,哈尔滨,道外,承德街,1991,小高层,南平街50号,126.6381558,45.77288687,1.0,20.0,,152,公寓住宅,民用,7.9,12,0.0,8723.0,Heilongjiang,Haerbin,Daowai,Heilongjiang-Haerbin
268874,"南和街小区(109号,141号)",哈尔滨,道外,承德街,2000,小高层,"南和街109号,141号",126.6364505,45.7743844,1.0,30.0,,129,公寓住宅,民用,7.9,12,0.0,7446.0,Heilongjiang,Haerbin,Daowai,Heilongjiang-Haerbin
268875,滨江街100号小区,哈尔滨,道外,承德街,1998,小高层,滨江街100号,126.6470395,45.77164419,1.0,20.0,,312,公寓住宅,民用,8.2,12,0.0,7500.0,Heilongjiang,Haerbin,Daowai,Heilongjiang-Haerbin
268876,南坎头道街小区14号,哈尔滨,道外,承德街,2000,多层,南坎头道街14号,126.6408191,45.76759888,1.0,30.0,,336,公寓住宅,民用,8.3,12,0.0,7500.0,Heilongjiang,Haerbin,Daowai,Heilongjiang-Haerbin
268877,"太古街小区(太古街581号,583号)",哈尔滨,道外,承德街,2000,小高层,"太古街581号,583号",126.639403,45.77873828,1.0,30.0,,165,公寓住宅,民用,8.2,12,0.0,9085.0,Heilongjiang,Haerbin,Daowai,Heilongjiang-Haerbin
268870,南极街157号小区,哈尔滨,道外,承德街,1991,小高层,南极街157号,126.6376441,45.77073276,1.0,20.0,,63,公寓住宅,民用,8.1,12,0.0,7916.0,Heilongjiang,Haerbin,Daowai,Heilongjiang-Haerbin
268881,"太原街小区(太原街132号-138号(双号),德胜街68号,74号)",哈尔滨,道外,承德街,1993,多层,"太原街132号-138号(双号),德胜街68号,74号",126.643012,45.77533258,1.0,20.0,,120,公寓住宅,民用,7.8,12,0.0,8000.0,Heilongjiang,Haerbin,Daowai,Heilongjiang-Haerbin
268882,"南坎头道街小区(4号,26号)",哈尔滨,道外,承德街,1997,小高层,"南坎头道街4号,26号",126.6404402,45.76818099,1.0,20.0,,264,公寓住宅,民用,8.1,12,0.0,9319.0,Heilongjiang,Haerbin,Daowai,Heilongjiang-Haerbin
268883,南极街119号小区,哈尔滨,道外,承德街,1991,小高层,南极街119号,126.6389414,45.77117489,1.0,20.0,,84,公寓住宅,民用,7.9,12,0.0,8422.0,Heilongjiang,Haerbin,Daowai,Heilongjiang-Haerbin
268884,"草市街小区(草市街64号,承德街221号)",哈尔滨,道外,承德街,2011,小高层,"草市街64号,承德街221号",126.6403306,45.77431843,1.0,30.0,,168,公寓住宅,民用,7.9,12,0.0,8333.0,Heilongjiang,Haerbin,Daowai,Heilongjiang-Haerbin
268885,南平街小区(南平街18-42号(双号)),哈尔滨,道外,承德街,1991,小高层,南平街18-42号(双号),126.6267882,45.77131109,1.0,20.0,,147,公寓住宅,民用,7.8,12,0.0,8666.0,Heilongjiang,Haerbin,Daowai,Heilongjiang-Haerbin
268817,北环俊景1号地小区,哈尔滨,道外,玛克威,2011,多层,江畔路88号,126.656539,45.79509424,1.0,32.0,,490,公寓住宅,民用,7.6,12,0.0,7675.0,Heilongjiang,Haerbin,Daowai,Heilongjiang-Haerbin
268851,"南和街小区(南和街81号,85号)",哈尔滨,道外,景阳街,2000,小高层,"南和街81号,85号",126.6372439,45.77278955,1.0,30.0,,49,公寓住宅,民用,7.8,12,0.0,7622.0,Heilongjiang,Haerbin,Daowai,Heilongjiang-Haerbin
268869,大水晶街253号小区,哈尔滨,道外,承德街,1991,小高层,大水晶街253号,126.6379778,45.77736631,1.0,20.0,,453,公寓住宅,民用,8.1,12,0.0,8593.0,Heilongjiang,Haerbin,Daowai,Heilongjiang-Haerbin
268867,长春街197号小区,哈尔滨,道外,大新街,2012,小高层,长春街197号,126.632778,45.78604592,1.0,30.0,,64,公寓住宅,民用,7.0,12,0.0,8100.0,Heilongjiang,Haerbin,Daowai,Heilongjiang-Haerbin
268853,景阳街1号小区,哈尔滨,道外,景阳街,1996,小高层,景阳街1号,126.6393706,45.7660232,1.0,20.0,,96,公寓住宅,民用,8.1,12,0.0,7900.0,Heilongjiang,Haerbin,Daowai,Heilongjiang-Haerbin
268854,南马路125号小区,哈尔滨,道外,景阳街,2017,小高层,南马路125号,126.6291053,45.77162759,1.0,30.0,,147,公寓住宅,民用,8.1,12,0.0,7819.0,Heilongjiang,Haerbin,Daowai,Heilongjiang-Haerbin
268855,大水晶街209号小区,哈尔滨,道外,景阳街,1991,小高层,大水晶街209号,126.639404,45.77632777,1.0,20.0,,16,公寓住宅,民用,7.9,12,0.0,7316.0,Heilongjiang,Haerbin,Daowai,Heilongjiang-Haerbin
268856,东开原街47号小区,哈尔滨,道外,景阳街,2020,小高层,东开原街47号,126.6330076,45.77196298,1.0,30.0,,63,公寓住宅,民用,8.2,12,0.0,8863.0,Heilongjiang,Haerbin,Daowai,Heilongjiang-Haerbin
268857,地灵街35-47号小区,哈尔滨,道外,大新街,1991,小高层,地灵街35-47号,126.6422967,45.78651084,1.0,20.0,,767,公寓住宅,民用,7.7,12,0.0,8461.0,Heilongjiang,Haerbin,Daowai,Heilongjiang-Haerbin
268858,"长春街小区(长春街266号,北五道街84号)",哈尔滨,道外,大新街,2012,小高层,"长春街266号,北五道街84号",126.6335656,45.78536833,1.0,30.0,,383,公寓住宅,民用,7.7,12,1.1,7175.0,Heilongjiang,Haerbin,Daowai,Heilongjiang-Haerbin
268868,"大新街小区(大新街267号,景阳街470号)",哈尔滨,道外,大新街,1998,小高层,"大新街267号,景阳街470号",126.6289926,45.78309567,1.0,30.0,,168,公寓住宅,民用,7.6,12,0.0,6222.0,Heilongjiang,Haerbin,Daowai,Heilongjiang-Haerbin
268859,长春街320号小区,哈尔滨,道外,大新街,2012,小高层,长春街320号,126.632197,45.78462641,1.0,30.0,,347,公寓住宅,民用,7.7,12,0.0,7840.0,Heilongjiang,Haerbin,Daowai,Heilongjiang-Haerbin
268861,长春街235号小区,哈尔滨,道外,大新街,2005,多层,长春街235号,126.6314239,45.78466935,1.0,30.0,,201,公寓住宅,民用,7.9,12,0.0,7900.0,Heilongjiang,Haerbin,Daowai,Heilongjiang-Haerbin
268864,北五道街113号小区,哈尔滨,道外,大新街,2002,多层,北五道街113号,126.6338441,45.78651547,1.0,30.0,,0,公寓住宅,民用,7.5,12,0.0,8000.0,Heilongjiang,Haerbin,Daowai,Heilongjiang-Haerbin
268865,纯化街30号小区,哈尔滨,道外,大新街,2004,小高层,纯化街30号,126.6333983,45.77813614,1.0,30.0,,42,公寓住宅,民用,7.2,12,0.0,8100.0,Heilongjiang,Haerbin,Daowai,Heilongjiang-Haerbin
268866,长春街七街区,哈尔滨,道外,大新街,2012,小高层,长春街342号,126.6316001,45.78437318,1.0,30.0,,0,公寓住宅,民用,6.7,12,0.0,8100.0,Heilongjiang,Haerbin,Daowai,Heilongjiang-Haerbin
268860,"北头道街小区(北头道街107号,109号)",哈尔滨,道外,大新街,1991,小高层,"北头道街107号,109号",126.6300125,45.78453974,1.0,20.0,,181,公寓住宅,民用,7.7,12,0.0,9068.0,Heilongjiang,Haerbin,Daowai,Heilongjiang-Haerbin
268816,沿江小区,哈尔滨,道外,玛克威,2000,多层,景兴胡同87号,126.6495824,45.79348434,,20.0,,935,公寓住宅,民用,7.4,12,0.0,8233.0,Heilongjiang,Haerbin,Daowai,Heilongjiang-Haerbin
268532,电务段家属楼,哈尔滨,道外,哈东站,1995,多层,南棵街70号,126.7027561,45.78703059,1.0,20.0,,112,公寓住宅,民用,7.8,12,-1.59,7701.0,Heilongjiang,Haerbin,Daowai,Heilongjiang-Haerbin
268814,"北十四道街小区(北十四道街49号,东兴街8号,富锦街34号,34-1号)",哈尔滨,道外,玛克威,1997,小高层,"北十四道街49号,东兴街8号,富锦街34号,34-1号",126.644464,45.78952858,1.0,20.0,,234,公寓住宅,民用,7.5,12,0.0,8461.0,Heilongjiang,Haerbin,Daowai,Heilongjiang-Haerbin
268763,"南十五道街小区(南十五道街208号,仁里街197号)",哈尔滨,道外,玛克威,2019,小高层,"南十五道街208号,仁里街197号",126.6482953,45.78549364,1.0,30.0,,339,公寓住宅,民用,8.5,12,0.0,8314.0,Heilongjiang,Haerbin,Daowai,Heilongjiang-Haerbin
268764,北十四道街小区(北十四道街40号-52号(双号)),哈尔滨,道外,玛克威,2021,小高层,北十四道街40号-52号(双号),126.6450978,45.78747608,1.0,30.0,,293,公寓住宅,民用,8.2,12,0.0,10224.0,Heilongjiang,Haerbin,Daowai,Heilongjiang-Haerbin
268765,"东北新街小区(东北新街107号,129号,129-1号,129-2号,129-3号,131号)",哈尔滨,道外,玛克威,2000,小高层,"东北新街129号,129-1号,129-2号,129-3号,131号",126.6571748,45.79286785,1.0,30.0,,312,公寓住宅,民用,7.6,12,0.0,8590.0,Heilongjiang,Haerbin,Daowai,Heilongjiang-Haerbin
268766,滨海大厦,哈尔滨,道外,玛克威,2000,高层,大新路158号,126.6385658,45.78557008,1.0,25.44,,451,公寓住宅,民用,7.9,12,0.0,9871.0,Heilongjiang,Haerbin,Daowai,Heilongjiang-Haerbin
268767,竹林小区,哈尔滨,道外,玛克威,2002,多层|小高层,北十八道街136号,126.6483262,45.79380409,,20.0,,486,公寓住宅,民用,7.5,12,0.0,8625.0,Heilongjiang,Haerbin,Daowai,Heilongjiang-Haerbin
268768,兴业小区(道外),哈尔滨,道外,玛克威,1998,多层,南新街141号,126.649387,45.78384131,1.0,37.0,,640,公寓住宅,民用,8.3,12,0.0,7693.0,Heilongjiang,Haerbin,Daowai,Heilongjiang-Haerbin
268762,"中和胡同2号,中和胡同8号楼",哈尔滨,道外,玛克威,2002,小高层,"中和胡同2号,中和胡同8号",126.6511353,45.79343133,1.0,30.0,,336,公寓住宅,民用,7.3,12,0.0,7821.0,Heilongjiang,Haerbin,Daowai,Heilongjiang-Haerbin
268769,"景兴胡同小区(景兴胡同57号-87号(单号),景兴胡同26号-50号(双号),安泰胡同10号-24号(双号),北十九道街134号)",哈尔滨,道外,玛克威,1998,多层|小高层,"景兴胡同57号-87号(单号),景兴胡同26号-50号(双号),安泰胡同10号-24号(双号),北十九道街134号",126.6502858,45.79367523,1.0,20.0,,1068,公寓住宅,民用,7.4,12,0.0,6390.0,Heilongjiang,Haerbin,Daowai,Heilongjiang-Haerbin
268772,集良16小区,哈尔滨,道外,玛克威,1999,小高层,礼化街77号,126.649363,45.7891785,1.0,20.0,,224,公寓住宅,民用,7.8,12,0.0,8400.0,Heilongjiang,Haerbin,Daowai,Heilongjiang-Haerbin
268773,友谊东路502号小区,哈尔滨,道外,玛克威,1995,小高层,友谊东路502号(旧:北新街136号),126.6487183,45.7897928,1.0,20.0,,70,公寓住宅,民用,7.8,12,0.0,7571.0,Heilongjiang,Haerbin,Daowai,Heilongjiang-Haerbin
268775,南七道街117号楼,哈尔滨,道外,玛克威,2002,多层,南七道街117号,126.6431466,45.78085127,1.0,30.0,,383,公寓住宅,民用,8.1,12,0.0,7843.0,Heilongjiang,Haerbin,Daowai,Heilongjiang-Haerbin
268776,南七道街184号楼,哈尔滨,道外,玛克威,2002,多层,南七道街184号,126.6416887,45.78148828,1.0,30.0,,152,公寓住宅,民用,7.9,12,0.0,9232.0,Heilongjiang,Haerbin,Daowai,Heilongjiang-Haerbin
268770,滨江凤凰城(一期),哈尔滨,道外,玛克威,2006,小高层,南二十道街70号,126.6574411,45.78480099,1.0,40.0,,3239,公寓住宅,民用,8.3,12,0.02,8446.0,Heilongjiang,Haerbin,Daowai,Heilongjiang-Haerbin
268777,长兴街25号小区,哈尔滨,道外,玛克威,2000,小高层,长兴街25号,126.6380679,45.78862644,1.0,30.0,,122,公寓住宅,民用,7.8,12,0.0,7600.0,Heilongjiang,Haerbin,Daowai,Heilongjiang-Haerbin
268761,长春街22号小区,哈尔滨,道外,玛克威,2012,小高层,长春街22号,126.6436586,45.79061467,1.0,30.0,,168,公寓住宅,民用,7.8,12,0.0,9343.0,Heilongjiang,Haerbin,Daowai,Heilongjiang-Haerbin
268759,同仁胡同10号小区,哈尔滨,道外,玛克威,2014,小高层,同仁胡同10号,126.6476204,45.79098901,1.0,30.0,,193,公寓住宅,民用,7.5,12,0.0,9361.0,Heilongjiang,Haerbin,Daowai,Heilongjiang-Haerbin
268888,南和街小区(南和街10号-24号(双号)),哈尔滨,道外,承德街,1995,小高层,南和街10号-24号(双号),126.6377177,45.77103493,1.0,20.0,,195,公寓住宅,民用,7.7,12,0.0,7234.0,Heilongjiang,Haerbin,Daowai,Heilongjiang-Haerbin
268746,哈东新区B区,哈尔滨,道外,三棵树,2010,多层,道口三道街,126.7130751,45.78967945,1.0,20.0,,1122,公寓住宅,民用,7.1,12,0.0,5882.0,Heilongjiang,Haerbin,Daowai,Heilongjiang-Haerbin
268747,保障华庭小区,哈尔滨,道外,玛克威,2004,多层|小高层,保障街51号,126.648011,45.7783849,1.0,35.0,,3791,公寓住宅,民用,8.2,12,0.0,8706.0,Heilongjiang,Haerbin,Daowai,Heilongjiang-Haerbin
268748,荟方里小区,哈尔滨,道外,玛克威,1993,多层,仁里街104号,126.6518187,45.78556837,1.0,37.0,,2201,公寓住宅,民用,8.0,12,-0.54,7627.0,Heilongjiang,Haerbin,Daowai,Heilongjiang-Haerbin
268749,滨江凤凰城(南区),哈尔滨,道外,玛克威,2006,小高层,南十八道街153号,126.6559498,45.78643584,1.0,45.0,,2734,公寓住宅,民用,8.4,12,0.45,9238.0,Heilongjiang,Haerbin,Daowai,Heilongjiang-Haerbin
268750,振江小区,哈尔滨,道外,玛克威,1994,多层,更新街2号,126.6649964,45.79431488,1.0,20.0,,969,公寓住宅,民用,7.8,12,0.0,7233.0,Heilongjiang,Haerbin,Daowai,Heilongjiang-Haerbin
268760,东兴街58号小区,哈尔滨,道外,玛克威,2017,小高层,东兴街58号,126.6426364,45.79252758,1.0,30.0,,42,公寓住宅,民用,7.8,12,0.0,7557.0,Heilongjiang,Haerbin,Daowai,Heilongjiang-Haerbin
268751,北新街小区(北新街178号-200号(双号)),哈尔滨,道外,玛克威,2000,小高层,北新街178号-200号(双号),126.645391,45.78887196,1.0,30.0,,136,公寓住宅,民用,7.9,12,0.0,9764.0,Heilongjiang,Haerbin,Daowai,Heilongjiang-Haerbin
268753,丽兹江畔(二期),哈尔滨,道外,玛克威,2011,高层,竹林巷,126.6464778,45.79356548,1.0,30.0,,429,公寓住宅,民用,8.2,12,0.0,12992.0,Heilongjiang,Haerbin,Daowai,Heilongjiang-Haerbin
268754,福源尚都,哈尔滨,道外,玛克威,2013,多层,南新街91号,126.6527078,45.78437225,1.0,36.0,,352,公寓住宅,民用,8.2,12,0.0,13265.0,Heilongjiang,Haerbin,Daowai,Heilongjiang-Haerbin
268755,江畔方元五街区,哈尔滨,道外,玛克威,2006,小高层,北十七道街95号,126.6491209,45.79207144,,12.0,,784,公寓住宅,民用,7.6,12,0.75,8774.0,Heilongjiang,Haerbin,Daowai,Heilongjiang-Haerbin
268756,仁礼星座,哈尔滨,道外,玛克威,2013,小高层,仁礼街154号,126.6502354,45.78519017,1.0,30.0,,621,公寓住宅,民用,8.1,12,-0.14,10537.0,Heilongjiang,Haerbin,Daowai,Heilongjiang-Haerbin
268757,长兴小区,哈尔滨,道外,玛克威,1985,多层|高层,"长兴街,近长春街",126.6368401,45.78939416,,35.0,,497,公寓住宅,民用,7.7,12,0.0,9500.0,Heilongjiang,Haerbin,Daowai,Heilongjiang-Haerbin
268758,正阳北小区,哈尔滨,道外,玛克威,2000,多层|小高层,北十二道街15号,126.6431042,45.78593025,,20.0,,1463,公寓住宅,民用,8.3,12,0.0,6812.0,Heilongjiang,Haerbin,Daowai,Heilongjiang-Haerbin
268752,皇家花园,哈尔滨,道外,玛克威,2002,小高层,南二十道街19号,126.6584504,45.78719987,1.0,35.0,,2402,公寓住宅,民用,8.1,12,-0.98,6797.0,Heilongjiang,Haerbin,Daowai,Heilongjiang-Haerbin
268778,道外北十四道街140号楼,哈尔滨,道外,玛克威,2002,多层,道外北十四道街140号,126.6413325,45.79129385,1.0,30.0,,78,公寓住宅,民用,7.9,12,0.0,9000.0,Heilongjiang,Haerbin,Daowai,Heilongjiang-Haerbin
268779,尚朴街小区,哈尔滨,道外,玛克威,2010,多层,尚朴街道93号,126.6468969,45.78624459,1.0,30.0,,362,公寓住宅,民用,8.4,12,0.0,6621.0,Heilongjiang,Haerbin,Daowai,Heilongjiang-Haerbin
268780,南十道街142号楼,哈尔滨,道外,玛克威,2019,多层,南十道街142号,126.644574,45.78237908,1.0,30.0,,136,公寓住宅,民用,8.3,12,0.0,7404.0,Heilongjiang,Haerbin,Daowai,Heilongjiang-Haerbin
268800,南八道街77号小区,哈尔滨,道外,玛克威,1991,小高层,南八道街77号,126.6425689,45.78263707,1.0,20.0,,240,公寓住宅,民用,7.6,12,0.0,8514.0,Heilongjiang,Haerbin,Daowai,Heilongjiang-Haerbin
268801,北九道街23-1号小区,哈尔滨,道外,玛克威,1996,小高层,北九道街23-1号,126.6407952,45.78537256,1.0,20.0,,0,公寓住宅,民用,7.7,12,0.0,7000.0,Heilongjiang,Haerbin,Daowai,Heilongjiang-Haerbin
268802,北新街1号小区,哈尔滨,道外,玛克威,2000,小高层,北新街1号,126.6563517,45.79390847,1.0,30.0,,0,公寓住宅,民用,7.4,12,0.0,10142.0,Heilongjiang,Haerbin,Daowai,Heilongjiang-Haerbin
268803,南十六道街211号小区,哈尔滨,道外,玛克威,2017,小高层,南十六道街211号,126.6506145,45.78601635,1.0,30.0,,292,公寓住宅,民用,7.8,12,0.0,4892.0,Heilongjiang,Haerbin,Daowai,Heilongjiang-Haerbin
268804,同庆胡同23号小区,哈尔滨,道外,玛克威,2008,小高层,同庆胡同23号,126.6478309,45.79024754,1.0,30.0,,200,公寓住宅,民用,8.0,12,0.0,8617.0,Heilongjiang,Haerbin,Daowai,Heilongjiang-Haerbin
268805,南七道街153号小区,哈尔滨,道外,玛克威,1990,小高层,南七道街153号,126.6427755,45.78134119,1.0,20.0,,56,公寓住宅,民用,7.7,12,0.0,9030.0,Heilongjiang,Haerbin,Daowai,Heilongjiang-Haerbin
268799,南郧小区,哈尔滨,道外,玛克威,2000,多层,南七道街227号,126.6412702,45.7824393,1.0,30.0,,64,公寓住宅,民用,7.9,12,0.0,8100.0,Heilongjiang,Haerbin,Daowai,Heilongjiang-Haerbin
268806,南十五道街153号小区,哈尔滨,道外,玛克威,2019,小高层,南十五道街153号,126.6491658,45.78484029,1.0,30.0,,96,公寓住宅,民用,7.8,12,0.0,6747.0,Heilongjiang,Haerbin,Daowai,Heilongjiang-Haerbin
268808,南十五道街135号小区,哈尔滨,道外,玛克威,2019,小高层,南十五道街135号,126.650315,45.78374542,1.0,30.0,,216,公寓住宅,民用,7.8,12,0.0,7610.0,Heilongjiang,Haerbin,Daowai,Heilongjiang-Haerbin
268809,春和巷,哈尔滨,道外,玛克威,2011,小高层,春和巷1号,126.6506828,45.79300053,1.0,30.0,,288,公寓住宅,民用,7.4,12,0.0,7777.0,Heilongjiang,Haerbin,Daowai,Heilongjiang-Haerbin
268810,北十五道街7号小区,哈尔滨,道外,玛克威,1994,小高层,北十五道街7号,126.6472989,45.78775057,1.0,20.0,,216,公寓住宅,民用,7.3,12,0.0,9904.0,Heilongjiang,Haerbin,Daowai,Heilongjiang-Haerbin
268811,北环29街区,哈尔滨,道外,玛克威,2000,小高层,东北新街77号,126.6603032,45.79424487,,30.0,,2,公寓住宅,民用,7.3,12,0.0,9192.0,Heilongjiang,Haerbin,Daowai,Heilongjiang-Haerbin
268812,"大新街小区(大新街30号-54号(双号),北新街135号)",哈尔滨,道外,玛克威,1998,小高层,"大新街30号-54号(双号),北新街135号",126.6460271,45.78984969,1.0,20.0,,354,公寓住宅,民用,7.7,12,0.0,6619.0,Heilongjiang,Haerbin,Daowai,Heilongjiang-Haerbin
268813,南十七道街95号小区,哈尔滨,道外,玛克威,1992,小高层,南十七道街95号,126.6541357,45.78327054,1.0,20.0,,54,公寓住宅,民用,7.6,12,0.0,8535.0,Heilongjiang,Haerbin,Daowai,Heilongjiang-Haerbin
268807,北十五道街234号小区,哈尔滨,道外,玛克威,2000,小高层,北十五道街234号,126.6463556,45.78878306,1.0,30.0,,66,公寓住宅,民用,7.8,12,0.0,7600.0,Heilongjiang,Haerbin,Daowai,Heilongjiang-Haerbin
268798,兴业街146号小区,哈尔滨,道外,玛克威,2011,多层,兴业街146号,126.6502899,45.78475601,,30.0,,150,公寓住宅,民用,7.6,12,0.0,7800.0,Heilongjiang,Haerbin,Daowai,Heilongjiang-Haerbin
268797,友谊东路354号小区,哈尔滨,道外,玛克威,2011,多层,友谊东路354号,126.6403971,45.786856,1.0,30.0,,32,公寓住宅,民用,7.8,12,0.0,8000.0,Heilongjiang,Haerbin,Daowai,Heilongjiang-Haerbin
268796,北新街89号小区,哈尔滨,道外,玛克威,2002,多层,北新街89号,126.6476789,45.7906651,1.0,30.0,,126,公寓住宅,民用,7.6,12,0.0,8300.0,Heilongjiang,Haerbin,Daowai,Heilongjiang-Haerbin
268781,孝纯街110号小区,哈尔滨,道外,玛克威,2000,小高层,孝纯街110号,126.6502976,45.78448085,1.0,30.0,,363,公寓住宅,民用,8.3,12,0.0,8725.0,Heilongjiang,Haerbin,Daowai,Heilongjiang-Haerbin
268782,南十道街158号小区,哈尔滨,道外,玛克威,2019,小高层,南十道街158号,126.6441232,45.78297391,1.0,30.0,,312,公寓住宅,民用,8.2,12,0.0,8142.0,Heilongjiang,Haerbin,Daowai,Heilongjiang-Haerbin
268783,北十七道街小区(北十七道街98号-110号(双号)),哈尔滨,道外,玛克威,1996,小高层,北十七道街98号-110号(双号),126.6486864,45.79121751,1.0,20.0,,72,公寓住宅,民用,7.5,12,0.0,7837.0,Heilongjiang,Haerbin,Daowai,Heilongjiang-Haerbin
268784,北新街123号小区,哈尔滨,道外,玛克威,1996,小高层,北新街123号,126.6465342,45.78970764,1.0,20.0,,0,公寓住宅,民用,7.8,12,0.0,8557.0,Heilongjiang,Haerbin,Daowai,Heilongjiang-Haerbin
268785,南七道街99号小区,哈尔滨,道外,玛克威,2011,多层,南七道街99号,126.6445316,45.78035648,,30.0,,160,公寓住宅,民用,7.8,12,0.0,8000.0,Heilongjiang,Haerbin,Daowai,Heilongjiang-Haerbin
268815,龙江小区(道外),哈尔滨,道外,玛克威,1990,多层,"新一头道街,近哈东路",126.7129321,45.79357622,1.0,20.0,,2545,公寓住宅,民用,7.0,12,0.0,6534.0,Heilongjiang,Haerbin,Daowai,Heilongjiang-Haerbin
268889,南和街18号小区,哈尔滨,道外,承德街,2004,小高层,南和街18号,126.6377218,45.77118208,1.0,30.0,,30,公寓住宅,民用,7.7,12,0.0,8100.0,Heilongjiang,Haerbin,Daowai,Heilongjiang-Haerbin
268085,皇家花园,哈尔滨,道外,北环商城,2002,小高层,南二十道街19号,126.6584504,45.78719987,1.0,35.0,,2402,公寓住宅,民用,8.1,12,-0.98,6797.0,Heilongjiang,Haerbin,Daowai,Heilongjiang-Haerbin
268891,南平街66号小区,哈尔滨,道外,承德街,1991,小高层,南平街66号,126.6361456,45.77514847,1.0,20.0,,216,公寓住宅,民用,7.6,12,0.0,8615.0,Heilongjiang,Haerbin,Daowai,Heilongjiang-Haerbin
268130,大保定街14号小区,哈尔滨,道外,北环商城,2002,小高层,大保定街14号,126.6495583,45.77529336,1.0,30.0,,109,公寓住宅,民用,7.8,12,0.0,8529.0,Heilongjiang,Haerbin,Daowai,Heilongjiang-Haerbin
268129,南十五道街135号小区,哈尔滨,道外,北环商城,2019,小高层,南十五道街135号,126.650315,45.78374542,1.0,30.0,,216,公寓住宅,民用,7.8,12,0.0,7610.0,Heilongjiang,Haerbin,Daowai,Heilongjiang-Haerbin
268128,"草市街小区(草市街27号,德胜街154号)",哈尔滨,道外,北环商城,2011,小高层,"草市街27号,德胜街154号",126.64075,45.77613828,1.0,30.0,,321,公寓住宅,民用,7.8,12,0.0,7577.0,Heilongjiang,Haerbin,Daowai,Heilongjiang-Haerbin
268127,长春街七街区,哈尔滨,道外,北环商城,2012,小高层,长春街342号,126.6316001,45.78437318,1.0,30.0,,0,公寓住宅,民用,6.7,12,0.0,8100.0,Heilongjiang,Haerbin,Daowai,Heilongjiang-Haerbin
268126,道外十六街区,哈尔滨,道外,北环商城,2000,小高层,宁安街14号,126.6402939,45.78684182,1.0,30.0,,30,公寓住宅,民用,7.4,12,0.0,8100.0,Heilongjiang,Haerbin,Daowai,Heilongjiang-Haerbin
268125,"小水晶街小区(小水晶街36号-42号(双号),承德街279号)",哈尔滨,道外,北环商城,1993,小高层,"小水晶街36号-42号(双号),承德街279号",126.6375239,45.77562513,1.0,20.0,,201,公寓住宅,民用,7.7,12,0.0,8700.0,Heilongjiang,Haerbin,Daowai,Heilongjiang-Haerbin
268131,大水晶街27号小区,哈尔滨,道外,北环商城,1991,小高层,大水晶街27号,126.6444185,45.77445688,1.0,20.0,,270,公寓住宅,民用,8.8,12,0.0,7666.0,Heilongjiang,Haerbin,Daowai,Heilongjiang-Haerbin
268124,北十五道街234号小区,哈尔滨,道外,北环商城,2000,小高层,北十五道街234号,126.6463556,45.78878306,1.0,30.0,,66,公寓住宅,民用,7.8,12,0.0,7600.0,Heilongjiang,Haerbin,Daowai,Heilongjiang-Haerbin
268122,"北十二道街小区(北十二道街93号,131号,152号)",哈尔滨,道外,北环商城,2017,小高层,"北十二道街93号,131号,152号",126.6427374,45.78885244,1.0,30.0,,481,公寓住宅,民用,7.6,12,0.0,8484.0,Heilongjiang,Haerbin,Daowai,Heilongjiang-Haerbin
268121,东开原街47号小区,哈尔滨,道外,北环商城,2020,小高层,东开原街47号,126.6330076,45.77196298,1.0,30.0,,63,公寓住宅,民用,8.2,12,0.0,8863.0,Heilongjiang,Haerbin,Daowai,Heilongjiang-Haerbin
268120,长春街小区(长春街172号-194号(双号)),哈尔滨,道外,北环商城,2012,小高层,长春街172号-194号(双号),126.6363772,45.78568238,1.0,30.0,,231,公寓住宅,民用,8.1,12,0.0,9346.0,Heilongjiang,Haerbin,Daowai,Heilongjiang-Haerbin
268119,江畔路126号小区,哈尔滨,道外,北环商城,1991,小高层,江畔路126号,126.6345599,45.7878335,1.0,20.0,,144,公寓住宅,民用,7.6,12,0.0,8475.0,Heilongjiang,Haerbin,Daowai,Heilongjiang-Haerbin
268118,南平街66号小区,哈尔滨,道外,北环商城,1991,小高层,南平街66号,126.6361456,45.77514847,1.0,20.0,,216,公寓住宅,民用,7.6,12,0.0,8615.0,Heilongjiang,Haerbin,Daowai,Heilongjiang-Haerbin
268117,景阳街244号小区,哈尔滨,道外,北环商城,1991,小高层,景阳街244号,126.6340261,45.77484012,1.0,20.0,,215,公寓住宅,民用,7.6,12,0.0,7685.0,Heilongjiang,Haerbin,Daowai,Heilongjiang-Haerbin
268123,南二道街38号小区,哈尔滨,道外,北环商城,2003,多层,南二道街38号,126.6351364,45.78047383,1.0,30.0,,56,公寓住宅,民用,7.7,12,0.0,8000.0,Heilongjiang,Haerbin,Daowai,Heilongjiang-Haerbin
268116,纯化街30号小区,哈尔滨,道外,北环商城,2004,小高层,纯化街30号,126.6333983,45.77813614,1.0,30.0,,42,公寓住宅,民用,7.2,12,0.0,8100.0,Heilongjiang,Haerbin,Daowai,Heilongjiang-Haerbin
268132,春和巷,哈尔滨,道外,北环商城,2011,小高层,春和巷1号,126.6506828,45.79300053,1.0,30.0,,288,公寓住宅,民用,7.4,12,0.0,7777.0,Heilongjiang,Haerbin,Daowai,Heilongjiang-Haerbin
268134,东内史胡同小区(东内史胡同8号-14号(双号)),哈尔滨,道外,北环商城,1991,小高层,东内史胡同8号-14号(双号),126.6334771,45.77392679,1.0,20.0,,115,公寓住宅,民用,7.9,12,0.0,7222.0,Heilongjiang,Haerbin,Daowai,Heilongjiang-Haerbin
268947,南极街132号小区,哈尔滨,道外,南极街,1991,小高层,南极街132号,126.629795,45.7675415,1.0,20.0,,48,公寓住宅,民用,8.0,12,0.0,8636.0,Heilongjiang,Haerbin,Daowai,Heilongjiang-Haerbin
268948,西开原二道街小区(西开原二道街40号-94号(双号)),哈尔滨,道外,南极街,1991,小高层,西开原二道街40号-94号(双号),126.6277718,45.76944911,1.0,20.0,,231,公寓住宅,民用,7.9,12,0.0,7428.0,Heilongjiang,Haerbin,Daowai,Heilongjiang-Haerbin
268949,景阳街1号小区,哈尔滨,道外,南极街,1996,小高层,景阳街1号,126.6393706,45.7660232,1.0,20.0,,96,公寓住宅,民用,8.1,12,0.0,7900.0,Heilongjiang,Haerbin,Daowai,Heilongjiang-Haerbin
268950,南马路125号小区,哈尔滨,道外,南极街,2017,小高层,南马路125号,126.6291053,45.77162759,1.0,30.0,,147,公寓住宅,民用,8.1,12,0.0,7819.0,Heilongjiang,Haerbin,Daowai,Heilongjiang-Haerbin
268951,哈尔滨市八区体育公寓,哈尔滨,道外,南极街,2008,多层|小高层,南极街124号,126.6312384,45.768063,1.0,30.0,,189,公寓住宅,民用,8.3,12,0.0,8235.0,Heilongjiang,Haerbin,Daowai,Heilongjiang-Haerbin
268143,南坎头道街50号小区,哈尔滨,道外,北环商城,2000,小高层,南坎头道街50号,126.6404991,45.76869995,1.0,30.0,,445,公寓住宅,民用,8.4,12,0.0,9206.0,Heilongjiang,Haerbin,Daowai,Heilongjiang-Haerbin
268133,"景阳街小区(景阳街209号,南勋街461号)",哈尔滨,道外,北环商城,2006,小高层,"景阳街209号,南勋街461号",126.6328804,45.77775847,1.0,30.0,,200,公寓住宅,民用,7.8,12,0.0,8787.0,Heilongjiang,Haerbin,Daowai,Heilongjiang-Haerbin
268142,长春街197号小区,哈尔滨,道外,北环商城,2012,小高层,长春街197号,126.632778,45.78604592,1.0,30.0,,64,公寓住宅,民用,7.0,12,0.0,8100.0,Heilongjiang,Haerbin,Daowai,Heilongjiang-Haerbin
268140,新马小区,哈尔滨,道外,北环商城,1998,小高层,新马路28号,126.6266585,45.77138974,1.0,20.0,,128,公寓住宅,民用,7.4,12,0.0,8300.0,Heilongjiang,Haerbin,Daowai,Heilongjiang-Haerbin
268139,北十五道街7号小区,哈尔滨,道外,北环商城,1994,小高层,北十五道街7号,126.6472989,45.78775057,1.0,20.0,,216,公寓住宅,民用,7.3,12,0.0,9904.0,Heilongjiang,Haerbin,Daowai,Heilongjiang-Haerbin
268138,承德街小区(承德街12号-26号(双号),哈尔滨,道外,北环商城,1995,小高层,承德街12号-26号(双号),126.6429689,45.77239636,1.0,20.0,,196,公寓住宅,民用,7.7,12,0.0,7916.0,Heilongjiang,Haerbin,Daowai,Heilongjiang-Haerbin
268137,"西开原二道街小区(西开原二道街63号,63-1号,63-2号,95号,95-1号)",哈尔滨,道外,北环商城,1991,小高层,"西开原二道街63号,63-1号,63-2号,95号,95-1号",126.6275954,45.77074164,1.0,20.0,,336,公寓住宅,民用,7.9,12,0.0,8469.0,Heilongjiang,Haerbin,Daowai,Heilongjiang-Haerbin
268136,草市街53号小区,哈尔滨,道外,北环商城,2004,小高层,草市街53号,126.6397406,45.77520111,1.0,30.0,,252,公寓住宅,民用,7.8,12,0.0,6818.0,Heilongjiang,Haerbin,Daowai,Heilongjiang-Haerbin
268135,振国2号楼,哈尔滨,道外,北环商城,1995,小高层,长春街55号,126.6391466,45.78862922,1.0,20.0,,30,公寓住宅,民用,7.5,12,0.0,8100.0,Heilongjiang,Haerbin,Daowai,Heilongjiang-Haerbin
268141,北环29街区,哈尔滨,道外,北环商城,2000,小高层,东北新街77号,126.6603032,45.79424487,,30.0,,2,公寓住宅,民用,7.3,12,0.0,9192.0,Heilongjiang,Haerbin,Daowai,Heilongjiang-Haerbin
268946,"新马路小区(新马路12号-26号(双号),副36号)",哈尔滨,道外,南极街,2001,小高层,"新马路12号-26号(双号),副36号",126.6267348,45.77143818,1.0,30.0,,126,公寓住宅,民用,8.0,12,0.0,7390.0,Heilongjiang,Haerbin,Daowai,Heilongjiang-Haerbin
268115,南头道街59号小区,哈尔滨,道外,北环商城,2000,小高层,南头道街59号,126.6355651,45.77961674,1.0,30.0,,63,公寓住宅,民用,7.4,12,0.0,7441.0,Heilongjiang,Haerbin,Daowai,Heilongjiang-Haerbin
268094,东南阳巷13号小区,哈尔滨,道外,北环商城,1990,小高层,东南阳巷13号,126.6458288,45.77520736,1.0,20.0,,133,公寓住宅,民用,8.4,12,0.0,8750.0,Heilongjiang,Haerbin,Daowai,Heilongjiang-Haerbin
268093,长春街22号小区,哈尔滨,道外,北环商城,2012,小高层,长春街22号,126.6436586,45.79061467,1.0,30.0,,168,公寓住宅,民用,7.8,12,0.0,9343.0,Heilongjiang,Haerbin,Daowai,Heilongjiang-Haerbin
268092,承德街373号小区,哈尔滨,道外,北环商城,1991,小高层,承德街373号,126.6342895,45.77684351,1.0,20.0,,95,公寓住宅,民用,8.0,12,0.0,8823.0,Heilongjiang,Haerbin,Daowai,Heilongjiang-Haerbin
268091,庆兴街1号小区,哈尔滨,道外,北环商城,2005,小高层,庆兴街1号,126.6332618,45.78474804,1.0,30.0,,404,公寓住宅,民用,8.3,12,0.0,7756.0,Heilongjiang,Haerbin,Daowai,Heilongjiang-Haerbin
268090,景阳街290号小区,哈尔滨,道外,北环商城,1991,高层,景阳街290号,126.633146,45.77634593,1.0,20.0,,152,公寓住宅,民用,8.0,12,0.0,8486.0,Heilongjiang,Haerbin,Daowai,Heilongjiang-Haerbin
268089,同记小区,哈尔滨,道外,北环商城,2000,多层,南五道街110号,126.6383194,45.78092863,1.0,20.0,,823,公寓住宅,民用,7.8,12,0.0,6978.0,Heilongjiang,Haerbin,Daowai,Heilongjiang-Haerbin
268095,"南和街小区(南和街67号,69号,69-1号,南平街42-1号,42-2号)",哈尔滨,道外,北环商城,1996,小高层,"南和街67号,69号,69-1号,南平街42-1号,42-2号",126.6375878,45.772379,1.0,20.0,,595,公寓住宅,民用,7.9,12,0.0,6640.0,Heilongjiang,Haerbin,Daowai,Heilongjiang-Haerbin
268088,南极街小区(南极街6号-26号(双号)),哈尔滨,道外,北环商城,1991,小高层,南极街6号-26号(双号),126.6458204,45.77213039,1.0,20.0,,573,公寓住宅,民用,8.1,12,0.0,7648.0,Heilongjiang,Haerbin,Daowai,Heilongjiang-Haerbin
268086,"南和街小区(南和街68号,72号)",哈尔滨,道外,北环商城,2016,小高层,"南和街68号,72号",126.6368875,45.77255346,1.0,30.0,,288,公寓住宅,民用,8.1,12,0.0,8035.0,Heilongjiang,Haerbin,Daowai,Heilongjiang-Haerbin
268745,东都公元,哈尔滨,道外,三棵树,2016,多层|高层,天恒大街179号,126.7720643,45.78755872,1.0,30.0,2000000.0,4945,公寓住宅,民用,7.1,12,0.0,6935.0,Heilongjiang,Haerbin,Daowai,Heilongjiang-Haerbin
268084,南八道街70号小区,哈尔滨,道外,北环商城,1991,小高层,南八道街70号,126.6422825,45.78235314,1.0,20.0,,192,公寓住宅,民用,7.8,12,0.0,8416.0,Heilongjiang,Haerbin,Daowai,Heilongjiang-Haerbin
268083,东南阳巷小区,哈尔滨,道外,北环商城,2005,小高层,东南阳巷25号,126.6462119,45.77548792,1.0,30.0,,196,公寓住宅,民用,8.3,12,0.94,8424.0,Heilongjiang,Haerbin,Daowai,Heilongjiang-Haerbin
268082,宝宇天邑环球港,哈尔滨,道外,北环商城,2019,高层|超高层,北马路56号,126.6295418,45.77846562,,20.0,,3830,公寓住宅,民用,8.2,12,-1.06,17196.0,Heilongjiang,Haerbin,Daowai,Heilongjiang-Haerbin
268081,宝宇天邑澜湾,哈尔滨,道外,北环商城,2013,高层|超高层,大新街318号,126.6254956,45.78006763,1.0,35.0,1862900.0,4498,公寓住宅,民用,8.1,12,-0.01,19725.0,Heilongjiang,Haerbin,Daowai,Heilongjiang-Haerbin
268087,北十二道街185号小区,哈尔滨,道外,北环商城,2017,小高层,北十二道街185号,126.6410527,45.79016522,1.0,30.0,,339,公寓住宅,民用,7.9,12,0.0,8357.0,Heilongjiang,Haerbin,Daowai,Heilongjiang-Haerbin
268114,大新街283号小区,哈尔滨,道外,北环商城,2000,小高层,大新街283号,126.6276535,45.78269809,1.0,30.0,,0,公寓住宅,民用,7.6,12,0.0,7300.0,Heilongjiang,Haerbin,Daowai,Heilongjiang-Haerbin
268096,升平街1号小区,哈尔滨,道外,北环商城,1991,小高层,升平街1号,126.6349205,45.78467315,1.0,20.0,,290,公寓住宅,民用,8.2,12,0.0,8282.0,Heilongjiang,Haerbin,Daowai,Heilongjiang-Haerbin
268098,"中和胡同2号,中和胡同8号楼",哈尔滨,道外,北环商城,2002,小高层,"中和胡同2号,中和胡同8号",126.6511353,45.79343133,1.0,30.0,,336,公寓住宅,民用,7.3,12,0.0,7821.0,Heilongjiang,Haerbin,Daowai,Heilongjiang-Haerbin
268112,东内史胡同55号小区,哈尔滨,道外,北环商城,1991,小高层,"东内史胡同55,59号",126.6326462,45.77620765,1.0,20.0,,310,公寓住宅,民用,7.6,12,0.0,7095.0,Heilongjiang,Haerbin,Daowai,Heilongjiang-Haerbin
268111,长春街235号小区,哈尔滨,道外,北环商城,2005,多层,长春街235号,126.6314239,45.78466935,1.0,30.0,,201,公寓住宅,民用,7.9,12,0.0,7900.0,Heilongjiang,Haerbin,Daowai,Heilongjiang-Haerbin
268110,长兴街2号小区,哈尔滨,道外,北环商城,1991,小高层,长兴街2号,126.6393172,45.78701636,1.0,20.0,,543,公寓住宅,民用,7.8,12,0.0,8295.0,Heilongjiang,Haerbin,Daowai,Heilongjiang-Haerbin
268109,"北头道街小区(北头道街107号,109号)",哈尔滨,道外,北环商城,1991,小高层,"北头道街107号,109号",126.6300125,45.78453974,1.0,20.0,,181,公寓住宅,民用,7.7,12,0.0,9068.0,Heilongjiang,Haerbin,Daowai,Heilongjiang-Haerbin
268108,景阳街113-129号小区,哈尔滨,道外,北环商城,1991,小高层,"景阳街113号,129号",126.6362365,45.77212593,1.0,20.0,,370,公寓住宅,民用,8.0,12,0.0,7666.0,Heilongjiang,Haerbin,Daowai,Heilongjiang-Haerbin
268107,"东北新街小区(东北新街107号,129号,129-1号,129-2号,129-3号,131号)",哈尔滨,道外,北环商城,2000,小高层,"东北新街129号,129-1号,129-2号,129-3号,131号",126.6571748,45.79286785,1.0,30.0,,312,公寓住宅,民用,7.6,12,0.0,8590.0,Heilongjiang,Haerbin,Daowai,Heilongjiang-Haerbin
268097,"长春街小区(长春街266号,北五道街84号)",哈尔滨,道外,北环商城,2012,小高层,"长春街266号,北五道街84号",126.6335656,45.78536833,1.0,30.0,,383,公寓住宅,民用,7.7,12,1.1,7175.0,Heilongjiang,Haerbin,Daowai,Heilongjiang-Haerbin
268106,长春街320号小区,哈尔滨,道外,北环商城,2012,小高层,长春街320号,126.632197,45.78462641,1.0,30.0,,347,公寓住宅,民用,7.7,12,0.0,7840.0,Heilongjiang,Haerbin,Daowai,Heilongjiang-Haerbin
268104,"保障街小区(南街街63号,保障街142号)",哈尔滨,道外,北环商城,2020,小高层,"南街街63号,保障街142号",126.6443817,45.77327486,1.0,30.0,,416,公寓住宅,民用,8.7,12,0.0,8606.0,Heilongjiang,Haerbin,Daowai,Heilongjiang-Haerbin
268103,北十四道街小区(北十四道街40号-52号(双号)),哈尔滨,道外,北环商城,2021,小高层,北十四道街40号-52号(双号),126.6450978,45.78747608,1.0,30.0,,293,公寓住宅,民用,8.2,12,0.0,10224.0,Heilongjiang,Haerbin,Daowai,Heilongjiang-Haerbin
268102,小保定街18号小区,哈尔滨,道外,北环商城,2000,小高层,小保定街18号,126.6461098,45.77581951,1.0,30.0,,152,公寓住宅,民用,7.9,12,0.0,8966.0,Heilongjiang,Haerbin,Daowai,Heilongjiang-Haerbin
268101,"南康街小区(南康街5号,9号)",哈尔滨,道外,北环商城,1989,小高层,"南康街5号,9号",126.6407029,45.77303683,1.0,20.0,,228,公寓住宅,民用,7.9,12,0.0,9733.0,Heilongjiang,Haerbin,Daowai,Heilongjiang-Haerbin
268100,"南十五道街小区(南十五道街208号,仁里街197号)",哈尔滨,道外,北环商城,2019,小高层,"南十五道街208号,仁里街197号",126.6482953,45.78549364,1.0,30.0,,339,公寓住宅,民用,8.5,12,0.0,8314.0,Heilongjiang,Haerbin,Daowai,Heilongjiang-Haerbin
268099,景阳街179号小区,哈尔滨,道外,北环商城,1991,小高层,景阳街179号,126.6343358,45.77521322,1.0,20.0,,178,公寓住宅,民用,7.8,12,0.0,7575.0,Heilongjiang,Haerbin,Daowai,Heilongjiang-Haerbin
268105,八区四巷11号小区,哈尔滨,道外,北环商城,1999,小高层,八区四巷11号,126.6360692,45.76859441,1.0,20.0,,408,公寓住宅,民用,8.0,12,0.0,7666.0,Heilongjiang,Haerbin,Daowai,Heilongjiang-Haerbin
268890,大水晶街209号小区,哈尔滨,道外,承德街,1991,小高层,大水晶街209号,126.639404,45.77632777,1.0,20.0,,16,公寓住宅,民用,7.9,12,0.0,7316.0,Heilongjiang,Haerbin,Daowai,Heilongjiang-Haerbin
268943,"东内史胡同小区(7号,29号)",哈尔滨,道外,南极街,1991,小高层,"东内史胡同7号,29号",126.63296,45.77563045,1.0,20.0,,548,公寓住宅,民用,7.8,12,0.0,9020.0,Heilongjiang,Haerbin,Daowai,Heilongjiang-Haerbin
262349,龙埠城市花园,哈尔滨,南岗,信恒现代城,2008,多层,海河东路127号,126.6994525,45.75893533,1.0,32.0,,672,公寓住宅,民用,8.0,12,-0.76,10987.0,Heilongjiang,Haerbin,Daowai,Heilongjiang-Haerbin
262348,远大中央公园,哈尔滨,南岗,信恒现代城,2014,高层,南直路224号,126.697293,45.76407107,1.0,30.0,,1808,公寓住宅,民用,8.1,12,-0.88,12595.0,Heilongjiang,Haerbin,Daowai,Heilongjiang-Haerbin
268902,长兴街25号小区,哈尔滨,道外,长春街,2000,小高层,长兴街25号,126.6380679,45.78862644,1.0,30.0,,122,公寓住宅,民用,7.8,12,0.0,7600.0,Heilongjiang,Haerbin,Daowai,Heilongjiang-Haerbin
268903,长春街235号小区,哈尔滨,道外,长春街,2005,多层,长春街235号,126.6314239,45.78466935,1.0,30.0,,201,公寓住宅,民用,7.9,12,0.0,7900.0,Heilongjiang,Haerbin,Daowai,Heilongjiang-Haerbin
268905,长春街79号楼,哈尔滨,道外,长春街,2000,多层,长春街79号,126.6375613,45.7878282,1.0,30.0,,264,公寓住宅,民用,7.6,12,0.0,9000.0,Heilongjiang,Haerbin,Daowai,Heilongjiang-Haerbin
262350,哈房天木小区,哈尔滨,南岗,信恒现代城,2002,多层,淮河路10号,126.6996153,45.76027273,1.0,35.2,,1246,公寓住宅,民用,7.9,12,-0.11,7995.0,Heilongjiang,Haerbin,Daowai,Heilongjiang-Haerbin
268906,北五道街113号小区,哈尔滨,道外,长春街,2002,多层,北五道街113号,126.6338441,45.78651547,1.0,30.0,,0,公寓住宅,民用,7.5,12,0.0,8000.0,Heilongjiang,Haerbin,Daowai,Heilongjiang-Haerbin
268908,北九道街23-1号小区,哈尔滨,道外,长春街,1996,小高层,北九道街23-1号,126.6407952,45.78537256,1.0,20.0,,0,公寓住宅,民用,7.7,12,0.0,7000.0,Heilongjiang,Haerbin,Daowai,Heilongjiang-Haerbin
268909,长兴街46号小区,哈尔滨,道外,长春街,1991,小高层,长兴街46号,126.6374745,45.78854944,1.0,20.0,,192,公寓住宅,民用,7.4,12,0.0,7539.0,Heilongjiang,Haerbin,Daowai,Heilongjiang-Haerbin
268910,南八道街22号小区,哈尔滨,道外,长春街,1991,小高层,南八道街22号,126.6426636,45.78180043,1.0,20.0,,96,公寓住宅,民用,7.6,12,0.0,8296.0,Heilongjiang,Haerbin,Daowai,Heilongjiang-Haerbin
268911,大新街283号小区,哈尔滨,道外,长春街,2000,小高层,大新街283号,126.6276535,45.78269809,1.0,30.0,,0,公寓住宅,民用,7.6,12,0.0,7300.0,Heilongjiang,Haerbin,Daowai,Heilongjiang-Haerbin
268912,南头道街59号小区,哈尔滨,道外,长春街,2000,小高层,南头道街59号,126.6355651,45.77961674,1.0,30.0,,63,公寓住宅,民用,7.4,12,0.0,7441.0,Heilongjiang,Haerbin,Daowai,Heilongjiang-Haerbin
268913,巨兴街57号小区,哈尔滨,道外,长春街,1991,小高层,巨兴街57号,126.638335,45.79038595,1.0,20.0,,119,公寓住宅,民用,7.3,12,0.0,8452.0,Heilongjiang,Haerbin,Daowai,Heilongjiang-Haerbin
268907,长兴街35号小区,哈尔滨,道外,长春街,1991,小高层,长兴街35号,126.6372132,45.78952043,1.0,20.0,,120,公寓住宅,民用,7.5,12,0.0,7655.0,Heilongjiang,Haerbin,Daowai,Heilongjiang-Haerbin
268914,江畔路126号小区,哈尔滨,道外,长春街,1991,小高层,江畔路126号,126.6345599,45.7878335,1.0,20.0,,144,公寓住宅,民用,7.6,12,0.0,8475.0,Heilongjiang,Haerbin,Daowai,Heilongjiang-Haerbin
262351,淮河小区,哈尔滨,南岗,信恒现代城,2002,小高层,淮河路397号,126.6994629,45.76180351,1.0,20.0,,653,公寓住宅,民用,7.8,12,-0.15,7500.0,Heilongjiang,Haerbin,Daowai,Heilongjiang-Haerbin
262367,哈尔滨炼油厂家属宿舍,哈尔滨,南岗,信恒现代城,1986,多层|小高层,南直路337号,126.7021572,45.76668933,1.0,20.0,,646,公寓住宅,民用,7.5,12,0.0,5067.0,Heilongjiang,Haerbin,Daowai,Heilongjiang-Haerbin
268892,小维新街6号小区,哈尔滨,道外,承德街,2002,小高层,小维新街6号,126.6427425,45.77752448,1.0,30.0,,194,公寓住宅,民用,7.8,12,0.0,7969.0,Heilongjiang,Haerbin,Daowai,Heilongjiang-Haerbin
268894,迎宾家园(道外),哈尔滨,道外,禧龙,2005,多层,天恒大街53号,126.7618253,45.78557745,2.0,20.0,,252,公寓住宅,民用,6.8,12,0.0,6744.0,Heilongjiang,Haerbin,Daowai,Heilongjiang-Haerbin
268895,中海观澜庭,哈尔滨,道外,路南街,2022,高层,哈黑公路,126.6922505,45.80155165,,30.0,,484,公寓住宅,民用,7.7,12,0.0,9411.0,Heilongjiang,Haerbin,Daowai,Heilongjiang-Haerbin
268897,水泥厂家属楼(道外),哈尔滨,道外,路南街,2000,多层,水泥东路14号,126.722193,45.82802812,1.0,30.0,,4701,公寓住宅,民用,6.6,12,0.0,6972.0,Heilongjiang,Haerbin,Daowai,Heilongjiang-Haerbin
262358,信恒现代城靓园,哈尔滨,南岗,信恒现代城,2004,小高层|高层,海河东路67号,126.7033433,45.75926162,1.0,30.0,,1741,公寓住宅,民用,8.3,12,1.61,11002.0,Heilongjiang,Haerbin,Daowai,Heilongjiang-Haerbin
268898,庆兴街1号小区,哈尔滨,道外,长春街,2005,小高层,庆兴街1号,126.6332618,45.78474804,1.0,30.0,,404,公寓住宅,民用,8.3,12,0.0,7756.0,Heilongjiang,Haerbin,Daowai,Heilongjiang-Haerbin
268899,温州商贸城,哈尔滨,道外,长春街,2002,多层,升平街16号,126.6353689,45.78370291,1.0,30.0,,0,公寓住宅,民用,8.3,12,0.0,8000.0,Heilongjiang,Haerbin,Daowai,Heilongjiang-Haerbin
263302,裕赐俯季,哈尔滨,南岗,黄河路,2018,高层,淮河路105号,126.6964864,45.76138864,1.0,15.0,,1487,公寓住宅,民用,8.3,12,-0.85,13882.0,Heilongjiang,Haerbin,Daowai,Heilongjiang-Haerbin
268901,青联小区,哈尔滨,道外,长春街,1999,小高层,北七道街93号,126.6358777,45.78757526,1.0,20.0,,112,公寓住宅,民用,7.8,12,0.0,9000.0,Heilongjiang,Haerbin,Daowai,Heilongjiang-Haerbin
262531,刀剪小区,哈尔滨,南岗,船舶,2002,多层|小高层,东直路313号,126.6765236,45.7837548,1.0,20.0,,83,公寓住宅,民用,7.8,12,0.0,7229.0,Heilongjiang,Haerbin,Daowai,Heilongjiang-Haerbin
262499,润达国际,哈尔滨,南岗,船舶,2014,高层,东直路118号,126.6700625,45.78187136,1.0,36.0,143769.0,786,公寓住宅,民用,8.7,12,-0.15,11833.0,Heilongjiang,Haerbin,Daowai,Heilongjiang-Haerbin
263322,先锋路218号小区,哈尔滨,南岗,黄河路,1995,小高层,先锋路218号,126.6993224,45.76608701,1.0,20.0,,225,公寓住宅,民用,7.5,12,0.0,6214.0,Heilongjiang,Haerbin,Daowai,Heilongjiang-Haerbin
268915,长春街小区(长春街172号-194号(双号)),哈尔滨,道外,长春街,2012,小高层,长春街172号-194号(双号),126.6363772,45.78568238,1.0,30.0,,231,公寓住宅,民用,8.1,12,0.0,9346.0,Heilongjiang,Haerbin,Daowai,Heilongjiang-Haerbin
268917,福汇东方叁号院,哈尔滨,道外,东棵街,2022,小高层,"东棵街,近先锋路",126.7151235,45.77154097,,20.0,,516,公寓住宅,民用,7.4,12,0.0,9204.0,Heilongjiang,Haerbin,Daowai,Heilongjiang-Haerbin
268933,教工街49-53号小区,哈尔滨,道外,大有坊街,2008,小高层,"教工街49号,53号",126.6964481,45.77058461,1.0,30.0,,161,公寓住宅,民用,7.7,12,0.0,8778.0,Heilongjiang,Haerbin,Daowai,Heilongjiang-Haerbin
268147,南十六道街37号小区,哈尔滨,道外,北环商城,2017,小高层,南十六道街37号,126.6483295,45.77595375,1.0,30.0,,240,公寓住宅,民用,7.8,12,0.0,9188.0,Heilongjiang,Haerbin,Daowai,Heilongjiang-Haerbin
268934,宏伟路131号小区,哈尔滨,道外,大有坊街,2002,多层,宏伟路131号,126.6910619,45.77785071,1.0,30.0,,112,公寓住宅,民用,7.8,12,0.0,7800.0,Heilongjiang,Haerbin,Daowai,Heilongjiang-Haerbin
268935,防腐厂住宅楼,哈尔滨,道外,大有坊街,2007,小高层,宏伟路141号,126.6920115,45.77515502,1.0,30.0,,0,公寓住宅,民用,7.9,12,0.0,7904.0,Heilongjiang,Haerbin,Daowai,Heilongjiang-Haerbin
268936,化工局家属楼,哈尔滨,道外,大有坊街,2000,多层,南直路473号,126.6990855,45.77268268,1.0,30.0,,114,公寓住宅,民用,8.0,12,0.0,7600.0,Heilongjiang,Haerbin,Daowai,Heilongjiang-Haerbin
268146,"大新街小区(大新街30号-54号(双号),北新街135号)",哈尔滨,道外,北环商城,1998,小高层,"大新街30号-54号(双号),北新街135号",126.6460271,45.78984969,1.0,20.0,,354,公寓住宅,民用,7.7,12,0.0,6619.0,Heilongjiang,Haerbin,Daowai,Heilongjiang-Haerbin
268932,哈东新区(D区),哈尔滨,道外,大有坊街,2010,小高层,"道口头道街,近铸钢街",126.7109314,45.78715513,1.0,20.0,,1622,公寓住宅,民用,7.3,12,0.0,6612.0,Heilongjiang,Haerbin,Daowai,Heilongjiang-Haerbin
268937,教工街55号小区,哈尔滨,道外,大有坊街,2015,小高层,教工街55号,126.6966451,45.76973868,1.0,30.0,,112,公寓住宅,民用,8.1,12,0.0,6792.0,Heilongjiang,Haerbin,Daowai,Heilongjiang-Haerbin
268938,商务学校家属楼,哈尔滨,道外,大有坊街,2000,多层,"宏南街,近南直路",126.6959086,45.78226158,1.0,30.0,,30,公寓住宅,民用,7.8,12,0.0,6702.0,Heilongjiang,Haerbin,Daowai,Heilongjiang-Haerbin
268939,大直楼,哈尔滨,道外,大有坊街,1991,小高层,南直路513号,126.698197,45.77630304,1.0,20.0,,72,公寓住宅,民用,7.2,12,0.0,7635.0,Heilongjiang,Haerbin,Daowai,Heilongjiang-Haerbin
268144,巨兴街59号小区,哈尔滨,道外,北环商城,1991,小高层,巨兴街59号,126.6394241,45.78946011,1.0,20.0,,107,公寓住宅,民用,7.3,12,0.0,8000.0,Heilongjiang,Haerbin,Daowai,Heilongjiang-Haerbin
268940,卫星住宅小区,哈尔滨,道外,大有坊街,2009,小高层,南直路560号,126.6941999,45.78792819,1.0,30.0,,77,公寓住宅,民用,7.5,12,0.0,8888.0,Heilongjiang,Haerbin,Daowai,Heilongjiang-Haerbin
268941,"同济街小区(同济街130-1号,130-2号,130-3号,130-4号)",哈尔滨,道外,大有坊街,2000,小高层,"同济街130-1号,130-2号,130-3号,130-4号",126.7167126,45.79068694,1.0,30.0,,325,公寓住宅,民用,6.8,12,0.0,9479.0,Heilongjiang,Haerbin,Daowai,Heilongjiang-Haerbin
268942,南马路98号小区,哈尔滨,道外,南极街,2017,小高层,南马路98号,126.6320748,45.77185845,1.0,30.0,,414,公寓住宅,民用,8.4,12,0.0,7820.0,Heilongjiang,Haerbin,Daowai,Heilongjiang-Haerbin
268145,东内史胡同51号小区,哈尔滨,道外,北环商城,1991,小高层,东内史胡同51号,126.6322867,45.77660992,1.0,20.0,,81,公寓住宅,民用,7.5,12,0.0,8085.0,Heilongjiang,Haerbin,Daowai,Heilongjiang-Haerbin
268916,龙凤祥城,哈尔滨,道外,东棵街,2019,小高层,龙凤路,126.7239727,45.78117612,1.0,30.0,,6363,公寓住宅,民用,7.3,12,0.0,5918.0,Heilongjiang,Haerbin,Daowai,Heilongjiang-Haerbin
268931,龙凤祥城,哈尔滨,道外,大有坊街,2019,小高层,龙凤路,126.7239727,45.78117612,1.0,30.0,,6363,公寓住宅,民用,7.3,12,0.0,5918.0,Heilongjiang,Haerbin,Daowai,Heilongjiang-Haerbin
268929,长兴街46号小区,哈尔滨,道外,钱塘街,1991,小高层,长兴街46号,126.6374745,45.78854944,1.0,20.0,,192,公寓住宅,民用,7.4,12,0.0,7539.0,Heilongjiang,Haerbin,Daowai,Heilongjiang-Haerbin
268150,红河教师住宅小区,哈尔滨,道外,南直路,2000,小高层,大有坊街21号,126.6861269,45.77467994,1.0,35.0,,3307,公寓住宅,民用,8.5,12,-0.24,7508.0,Heilongjiang,Haerbin,Daowai,Heilongjiang-Haerbin
268149,橄榄城,哈尔滨,道外,南直路,2010,小高层|高层,南直路639号,126.6977836,45.78142229,1.0,39.0,,2533,公寓住宅,民用,8.3,12,0.0,10000.0,Heilongjiang,Haerbin,Daowai,Heilongjiang-Haerbin
268918,东棵小区,哈尔滨,道外,东棵街,2009,小高层,先锋路86号,126.7179962,45.76887473,1.0,30.0,,0,公寓住宅,民用,7.0,12,0.0,7457.0,Heilongjiang,Haerbin,Daowai,Heilongjiang-Haerbin
268919,东兴街58号小区,哈尔滨,道外,钱塘街,2017,小高层,东兴街58号,126.6426364,45.79252758,1.0,30.0,,42,公寓住宅,民用,7.8,12,0.0,7557.0,Heilongjiang,Haerbin,Daowai,Heilongjiang-Haerbin
268921,青联小区,哈尔滨,道外,钱塘街,1999,小高层,北七道街93号,126.6358777,45.78757526,1.0,20.0,,112,公寓住宅,民用,7.8,12,0.0,9000.0,Heilongjiang,Haerbin,Daowai,Heilongjiang-Haerbin
268930,巨兴街57号小区,哈尔滨,道外,钱塘街,1991,小高层,巨兴街57号,126.638335,45.79038595,1.0,20.0,,119,公寓住宅,民用,7.3,12,0.0,8452.0,Heilongjiang,Haerbin,Daowai,Heilongjiang-Haerbin
268922,长兴街25号小区,哈尔滨,道外,钱塘街,2000,小高层,长兴街25号,126.6380679,45.78862644,1.0,30.0,,122,公寓住宅,民用,7.8,12,0.0,7600.0,Heilongjiang,Haerbin,Daowai,Heilongjiang-Haerbin
268925,友谊东路354号小区,哈尔滨,道外,钱塘街,2011,多层,友谊东路354号,126.6403971,45.786856,1.0,30.0,,32,公寓住宅,民用,7.8,12,0.0,8000.0,Heilongjiang,Haerbin,Daowai,Heilongjiang-Haerbin
268926,长春街79号楼,哈尔滨,道外,钱塘街,2000,多层,长春街79号,126.6375613,45.7878282,1.0,30.0,,264,公寓住宅,民用,7.6,12,0.0,9000.0,Heilongjiang,Haerbin,Daowai,Heilongjiang-Haerbin
268927,北五道街113号小区,哈尔滨,道外,钱塘街,2002,多层,北五道街113号,126.6338441,45.78651547,1.0,30.0,,0,公寓住宅,民用,7.5,12,0.0,8000.0,Heilongjiang,Haerbin,Daowai,Heilongjiang-Haerbin
268928,长兴街35号小区,哈尔滨,道外,钱塘街,1991,小高层,长兴街35号,126.6372132,45.78952043,1.0,20.0,,120,公寓住宅,民用,7.5,12,0.0,7655.0,Heilongjiang,Haerbin,Daowai,Heilongjiang-Haerbin
268148,柏悦星城,哈尔滨,道外,南直路,2015,小高层|高层,南直路370号,126.6972167,45.77111714,1.0,30.0,,3104,公寓住宅,民用,7.9,12,-0.09,11910.0,Heilongjiang,Haerbin,Daowai,Heilongjiang-Haerbin
268923,道外北十四道街140号楼,哈尔滨,道外,钱塘街,2002,多层,道外北十四道街140号,126.6413325,45.79129385,1.0,30.0,,78,公寓住宅,民用,7.9,12,0.0,9000.0,Heilongjiang,Haerbin,Daowai,Heilongjiang-Haerbin
268531,"桦树街小区(桦树街20号,南棵街56号)",哈尔滨,道外,哈东站,1991,小高层,"桦树街20号,南棵街56号",126.7014303,45.78667761,1.0,20.0,,608,公寓住宅,民用,7.5,12,0.0,8734.0,Heilongjiang,Haerbin,Daowai,Heilongjiang-Haerbin
268744,龙福小区,哈尔滨,道外,三棵树,2008,高层,新一街,126.7137692,45.79692354,1.0,28.0,,207,公寓住宅,民用,7.2,12,0.0,10632.0,Heilongjiang,Haerbin,Daowai,Heilongjiang-Haerbin
268742,前进小区,哈尔滨,道外,三棵树,1994,多层,哈东路42号,126.7100657,45.79149983,1.0,43.0,,119,公寓住宅,民用,7.5,12,0.0,8423.0,Heilongjiang,Haerbin,Daowai,Heilongjiang-Haerbin
268418,团结锅炉厂家属楼,哈尔滨,道外,宏伟路,1988,多层,红旗大街623号,126.6873209,45.7663991,1.0,20.0,,147,公寓住宅,民用,8.1,12,0.0,7563.0,Heilongjiang,Haerbin,Daowai,Heilongjiang-Haerbin
268417,哈一机第八区楼房,哈尔滨,道外,宏伟路,1994,多层|小高层,进步街38号,126.6932143,45.77678068,1.0,20.0,,4174,公寓住宅,民用,7.7,12,0.0,9561.0,Heilongjiang,Haerbin,Daowai,Heilongjiang-Haerbin
268416,教师嘉园,哈尔滨,道外,宏伟路,2015,小高层,南直路副524-10号,126.6936409,45.7839342,1.0,30.0,,90,公寓住宅,民用,7.8,12,0.0,8400.0,Heilongjiang,Haerbin,Daowai,Heilongjiang-Haerbin
268415,桦树街304-1号小区,哈尔滨,道外,宏伟路,2000,小高层,桦树街304-1号,126.6830933,45.7833295,,30.0,,30,公寓住宅,民用,7.6,12,0.0,7573.0,Heilongjiang,Haerbin,Daowai,Heilongjiang-Haerbin
268414,防腐厂住宅楼,哈尔滨,道外,宏伟路,2007,小高层,宏伟路141号,126.6920115,45.77515502,1.0,30.0,,0,公寓住宅,民用,7.9,12,0.0,7904.0,Heilongjiang,Haerbin,Daowai,Heilongjiang-Haerbin
268413,宏伟路131号小区,哈尔滨,道外,宏伟路,2002,多层,宏伟路131号,126.6910619,45.77785071,1.0,30.0,,112,公寓住宅,民用,7.8,12,0.0,7800.0,Heilongjiang,Haerbin,Daowai,Heilongjiang-Haerbin
268410,"宏伟路小区(宏伟路107号-127号(单号),129-1号)",哈尔滨,道外,宏伟路,1996,多层,"宏伟路107号-127号(单号),129-1号",126.6913448,45.78003447,1.0,20.0,,465,公寓住宅,民用,7.9,12,-0.24,7528.0,Heilongjiang,Haerbin,Daowai,Heilongjiang-Haerbin
268409,卫生局家属楼,哈尔滨,道外,宏伟路,1995,多层,先锋路419号,126.6885249,45.76592421,1.0,30.0,,272,公寓住宅,民用,8.5,12,0.0,7500.0,Heilongjiang,Haerbin,Daowai,Heilongjiang-Haerbin
268408,市政小区,哈尔滨,道外,宏伟路,1999,小高层,宏伟路137号,126.6916585,45.77648068,1.0,20.0,,479,公寓住宅,民用,8.2,12,0.0,7867.0,Heilongjiang,Haerbin,Daowai,Heilongjiang-Haerbin
268407,松电小区(南区),哈尔滨,道外,宏伟路,2000,多层|小高层,宏南街27号,126.6910166,45.78282189,1.0,20.0,,1136,公寓住宅,民用,8.2,12,0.0,8100.0,Heilongjiang,Haerbin,Daowai,Heilongjiang-Haerbin
268406,宏伟路95号小区,哈尔滨,道外,宏伟路,1998,小高层,宏伟路95号,126.6902209,45.78098083,1.0,20.0,,126,公寓住宅,民用,8.0,12,0.0,9435.0,Heilongjiang,Haerbin,Daowai,Heilongjiang-Haerbin
268405,红河六街区,哈尔滨,道外,宏伟路,2001,多层,民强大街,126.6858149,45.77927785,1.0,20.0,,856,公寓住宅,民用,8.1,12,0.0,7985.0,Heilongjiang,Haerbin,Daowai,Heilongjiang-Haerbin
268404,宏伟华轩,哈尔滨,道外,宏伟路,2002,高层,卫星路99号,126.6926891,45.7679285,1.0,28.0,,391,公寓住宅,民用,8.2,12,0.0,11600.0,Heilongjiang,Haerbin,Daowai,Heilongjiang-Haerbin
268403,宏南小区,哈尔滨,道外,宏伟路,2003,小高层,宏南街38号,126.6918521,45.78171256,1.0,30.0,,789,公寓住宅,民用,8.1,12,0.0,8010.0,Heilongjiang,Haerbin,Daowai,Heilongjiang-Haerbin
268402,红河八街区,哈尔滨,道外,宏伟路,2001,多层|小高层,合利街,126.6851361,45.77635113,1.0,20.0,,1739,公寓住宅,民用,8.4,12,0.41,8576.0,Heilongjiang,Haerbin,Daowai,Heilongjiang-Haerbin
268388,巨兴街59号小区,哈尔滨,道外,靖宇,1991,小高层,巨兴街59号,126.6394241,45.78946011,1.0,20.0,,107,公寓住宅,民用,7.3,12,0.0,8000.0,Heilongjiang,Haerbin,Daowai,Heilongjiang-Haerbin
268389,正国小区,哈尔滨,道外,靖宇,1998,小高层,南十四道街266号,126.646773,45.78372746,1.0,30.0,,1312,公寓住宅,民用,7.8,12,0.0,5873.0,Heilongjiang,Haerbin,Daowai,Heilongjiang-Haerbin
268390,平安小区(道外),哈尔滨,道外,靖宇,2008,小高层,大新街16号,126.6388175,45.78502235,1.0,10.0,,273,公寓住宅,民用,8.0,12,0.0,9551.0,Heilongjiang,Haerbin,Daowai,Heilongjiang-Haerbin
268391,华乐小区,哈尔滨,道外,靖宇,2000,多层|小高层,南新街147号,126.6488872,45.78385928,1.0,20.0,,399,公寓住宅,民用,7.8,12,0.0,8571.0,Heilongjiang,Haerbin,Daowai,Heilongjiang-Haerbin
268392,巨兴小区,哈尔滨,道外,靖宇,2000,多层|小高层,巨兴街11号,126.6404562,45.78860091,1.0,15.0,,160,公寓住宅,民用,7.5,12,0.0,8168.0,Heilongjiang,Haerbin,Daowai,Heilongjiang-Haerbin
268393,南极国际名优城,哈尔滨,道外,靖宇,2010,高层,南极街68号,126.6410806,45.7709617,1.0,30.0,,893,商住楼,商用,8.1,12,0.0,8350.0,Heilongjiang,Haerbin,Daowai,Heilongjiang-Haerbin
268419,卫生小区,哈尔滨,道外,宏伟路,1985,多层,先锋路417号,126.6884304,45.76626259,1.0,20.0,,272,公寓住宅,民用,8.0,12,0.0,9834.0,Heilongjiang,Haerbin,Daowai,Heilongjiang-Haerbin
268394,海都华庭,哈尔滨,道外,宏伟路,2015,高层,宏伟路136号,126.6910069,45.77443059,1.0,25.16,,780,公寓住宅,民用,8.2,12,0.0,11340.0,Heilongjiang,Haerbin,Daowai,Heilongjiang-Haerbin
268396,星园小区,哈尔滨,道外,宏伟路,2010,多层|小高层,卫星路18号,126.6957378,45.76990984,1.0,28.0,,390,公寓住宅,民用,8.0,12,-2.07,7884.0,Heilongjiang,Haerbin,Daowai,Heilongjiang-Haerbin
268397,宏伟嘉园,哈尔滨,道外,宏伟路,2002,多层,宏伟路181号,126.693716,45.7725614,1.0,36.0,,2997,公寓住宅,民用,8.0,12,-0.93,7342.0,Heilongjiang,Haerbin,Daowai,Heilongjiang-Haerbin
268398,汇雄生活汇,哈尔滨,道外,宏伟路,2020,高层,"南直路,近宏图街",126.696617,45.77628484,1.0,10.0,511157.0,5879,公寓住宅,民用,7.8,12,0.0,11142.0,Heilongjiang,Haerbin,Daowai,Heilongjiang-Haerbin
268399,水泵厂家属楼,哈尔滨,道外,宏伟路,1995,多层|小高层,宏图街262号,126.6895088,45.77831673,1.0,20.0,,497,公寓住宅,民用,8.3,12,0.0,8655.0,Heilongjiang,Haerbin,Daowai,Heilongjiang-Haerbin
268400,进步小区,哈尔滨,道外,宏伟路,2004,高层,宏伟路133号,126.6933237,45.77767417,1.0,37.0,,4477,公寓住宅,民用,8.0,12,-0.05,7769.0,Heilongjiang,Haerbin,Daowai,Heilongjiang-Haerbin
268401,红河七街区,哈尔滨,道外,宏伟路,2001,多层,民强大街93号,126.6868519,45.78033494,1.0,15.0,,2572,公寓住宅,民用,8.1,12,-0.17,8222.0,Heilongjiang,Haerbin,Daowai,Heilongjiang-Haerbin
268395,红河五街区,哈尔滨,道外,宏伟路,2000,多层,宏伟路88号,126.6882714,45.78230735,1.0,35.0,,2058,公寓住宅,民用,8.2,12,-0.16,8078.0,Heilongjiang,Haerbin,Daowai,Heilongjiang-Haerbin
268387,振国2号楼,哈尔滨,道外,靖宇,1995,小高层,长春街55号,126.6391466,45.78862922,1.0,20.0,,30,公寓住宅,民用,7.5,12,0.0,8100.0,Heilongjiang,Haerbin,Daowai,Heilongjiang-Haerbin
268420,平安家园(道外),哈尔滨,道外,宏伟路,1998,小高层|高层,宏伟路137-3号,126.6917346,45.77584705,1.0,20.0,,228,公寓住宅,民用,7.6,12,0.0,5689.0,Heilongjiang,Haerbin,Daowai,Heilongjiang-Haerbin
268422,宏图新村,哈尔滨,道外,宏伟路,1983,多层|小高层,宏图街182号,126.6947274,45.78028057,1.0,20.0,,432,公寓住宅,民用,7.7,12,0.0,6065.0,Heilongjiang,Haerbin,Daowai,Heilongjiang-Haerbin
268453,东内史胡同55号小区,哈尔滨,道外,南极市场,1991,小高层,"东内史胡同55,59号",126.6326462,45.77620765,1.0,20.0,,310,公寓住宅,民用,7.6,12,0.0,7095.0,Heilongjiang,Haerbin,Daowai,Heilongjiang-Haerbin
268452,"承德街小区(承德街149号,163号,保障街189号)",哈尔滨,道外,南极市场,1995,小高层,"承德街149号,163号,保障街189号",126.6424401,45.77330798,1.0,20.0,,387,公寓住宅,民用,7.9,12,0.06,8433.0,Heilongjiang,Haerbin,Daowai,Heilongjiang-Haerbin
268451,南坎头道街小区14号,哈尔滨,道外,南极市场,2000,多层,南坎头道街14号,126.6408191,45.76759888,1.0,30.0,,336,公寓住宅,民用,8.3,12,0.0,7500.0,Heilongjiang,Haerbin,Daowai,Heilongjiang-Haerbin
268450,滨江街79-1号小区,哈尔滨,道外,南极市场,2008,小高层,滨江街79-1号,126.6480341,45.77369013,1.0,30.0,,0,公寓住宅,民用,8.3,12,0.0,7200.0,Heilongjiang,Haerbin,Daowai,Heilongjiang-Haerbin
268449,"南勋街小区(南勋街264号-274号(双号),太古街587-1号)",哈尔滨,道外,南极市场,2015,小高层,"南勋街264号-274号(双号),太古街587-1号",126.6389321,45.77943791,1.0,30.0,,285,公寓住宅,民用,8.0,12,0.0,8125.0,Heilongjiang,Haerbin,Daowai,Heilongjiang-Haerbin
268448,军康小区,哈尔滨,道外,南极市场,2005,多层|小高层,景阳街106号,126.6371199,45.76866118,1.0,15.0,,848,公寓住宅,民用,8.3,12,0.0,6766.0,Heilongjiang,Haerbin,Daowai,Heilongjiang-Haerbin
268447,八区四巷11号小区,哈尔滨,道外,南极市场,1999,小高层,八区四巷11号,126.6360692,45.76859441,1.0,20.0,,408,公寓住宅,民用,8.0,12,0.0,7666.0,Heilongjiang,Haerbin,Daowai,Heilongjiang-Haerbin
268446,"保障街小区(南街街63号,保障街142号)",哈尔滨,道外,南极市场,2020,小高层,"南街街63号,保障街142号",126.6443817,45.77327486,1.0,30.0,,416,公寓住宅,民用,8.7,12,0.0,8606.0,Heilongjiang,Haerbin,Daowai,Heilongjiang-Haerbin
268445,小保定街18号小区,哈尔滨,道外,南极市场,2000,小高层,小保定街18号,126.6461098,45.77581951,1.0,30.0,,152,公寓住宅,民用,7.9,12,0.0,8966.0,Heilongjiang,Haerbin,Daowai,Heilongjiang-Haerbin
268444,"南康街小区(南康街5号,9号)",哈尔滨,道外,南极市场,1989,小高层,"南康街5号,9号",126.6407029,45.77303683,1.0,20.0,,228,公寓住宅,民用,7.9,12,0.0,9733.0,Heilongjiang,Haerbin,Daowai,Heilongjiang-Haerbin
268443,"南和街小区(南和街67号,69号,69-1号,南平街42-1号,42-2号)",哈尔滨,道外,南极市场,1996,小高层,"南和街67号,69号,69-1号,南平街42-1号,42-2号",126.6375878,45.772379,1.0,20.0,,595,公寓住宅,民用,7.9,12,0.0,6640.0,Heilongjiang,Haerbin,Daowai,Heilongjiang-Haerbin
268442,东南阳巷13号小区,哈尔滨,道外,南极市场,1990,小高层,东南阳巷13号,126.6458288,45.77520736,1.0,20.0,,133,公寓住宅,民用,8.4,12,0.0,8750.0,Heilongjiang,Haerbin,Daowai,Heilongjiang-Haerbin
268441,承德街373号小区,哈尔滨,道外,南极市场,1991,小高层,承德街373号,126.6342895,45.77684351,1.0,20.0,,95,公寓住宅,民用,8.0,12,0.0,8823.0,Heilongjiang,Haerbin,Daowai,Heilongjiang-Haerbin
268440,"太莱街小区(太莱街8号,德胜街35号)",哈尔滨,道外,南极市场,1995,小高层,"太莱街8号,德胜街35号",126.6441553,45.77593173,1.0,20.0,,282,公寓住宅,民用,7.7,12,0.0,7428.0,Heilongjiang,Haerbin,Daowai,Heilongjiang-Haerbin
268439,保障街小区(保障街102号-110号(双号)),哈尔滨,道外,南极市场,2020,小高层,保障街102号-110号(双号),126.6482458,45.7759174,1.0,30.0,,194,公寓住宅,民用,8.2,12,0.0,8335.0,Heilongjiang,Haerbin,Daowai,Heilongjiang-Haerbin
268438,"大水晶街小区(大水晶街28号-36号(双号),30-1号)",哈尔滨,道外,南极市场,2000,小高层,"大水晶街28号-36号(双号),30-1号",126.6435328,45.77425951,1.0,20.0,,624,公寓住宅,民用,8.5,12,0.14,7181.0,Heilongjiang,Haerbin,Daowai,Heilongjiang-Haerbin
268423,荣耀上城,哈尔滨,道外,南极市场,2008,高层,南极街173号,126.6309969,45.76919349,1.0,33.0,,1700,公寓住宅,民用,8.9,12,0.31,14122.0,Heilongjiang,Haerbin,Daowai,Heilongjiang-Haerbin
268424,中财雅典城,哈尔滨,道外,南极市场,2002,多层|小高层,"南极街167号,三道街副22号",126.6343637,45.77040652,1.0,36.0,,1904,公寓住宅,民用,8.4,12,-0.32,10350.0,Heilongjiang,Haerbin,Daowai,Heilongjiang-Haerbin
268425,南极国际尚金华府(三期),哈尔滨,道外,南极市场,2011,多层|高层,"南极一路,近承德街",126.6450198,45.76946234,,30.0,,1585,公寓住宅,民用,8.3,12,-0.04,12904.0,Heilongjiang,Haerbin,Daowai,Heilongjiang-Haerbin
268426,德胜街28号小区,哈尔滨,道外,南极市场,2002,小高层,德胜街28号,126.6443274,45.77487643,1.0,30.0,,688,公寓住宅,民用,8.0,12,0.0,6557.0,Heilongjiang,Haerbin,Daowai,Heilongjiang-Haerbin
268427,东南阳巷小区,哈尔滨,道外,南极市场,2005,小高层,东南阳巷25号,126.6462119,45.77548792,1.0,30.0,,196,公寓住宅,民用,8.3,12,0.94,8424.0,Heilongjiang,Haerbin,Daowai,Heilongjiang-Haerbin
268428,好旺达公寓,哈尔滨,道外,南极市场,2000,多层,南平街88号,126.6368841,45.77500392,1.0,20.0,,224,公寓住宅,民用,8.1,12,0.0,9462.0,Heilongjiang,Haerbin,Daowai,Heilongjiang-Haerbin
268421,文化小区(宏伟路),哈尔滨,道外,宏伟路,1996,多层|高层,东直路376号,126.6876417,45.78731162,1.0,20.0,,288,公寓住宅,民用,7.8,12,0.0,8736.0,Heilongjiang,Haerbin,Daowai,Heilongjiang-Haerbin
268429,福宏名城,哈尔滨,道外,南极市场,2012,高层|超高层,八区街16-1号,126.6380143,45.76668255,1.0,42.0,,2777,公寓住宅,民用,8.8,12,0.0,9904.0,Heilongjiang,Haerbin,Daowai,Heilongjiang-Haerbin
268431,肉联小区,哈尔滨,道外,南极市场,1996,小高层,南极街50号,126.6424427,45.77145787,1.0,20.0,,409,公寓住宅,民用,8.2,12,0.0,7012.0,Heilongjiang,Haerbin,Daowai,Heilongjiang-Haerbin
268432,南极街小区(南极街6号-26号(双号)),哈尔滨,道外,南极市场,1991,小高层,南极街6号-26号(双号),126.6458204,45.77213039,1.0,20.0,,573,公寓住宅,民用,8.1,12,0.0,7648.0,Heilongjiang,Haerbin,Daowai,Heilongjiang-Haerbin
268433,南极街157号小区,哈尔滨,道外,南极市场,1991,小高层,南极街157号,126.6376441,45.77073276,1.0,20.0,,63,公寓住宅,民用,8.1,12,0.0,7916.0,Heilongjiang,Haerbin,Daowai,Heilongjiang-Haerbin
268434,南坎小区,哈尔滨,道外,南极市场,2000,多层|小高层,铁道街31号,126.6399307,45.76609944,1.0,20.0,,521,公寓住宅,民用,8.4,12,0.0,9256.0,Heilongjiang,Haerbin,Daowai,Heilongjiang-Haerbin
268435,景阳街290号小区,哈尔滨,道外,南极市场,1991,高层,景阳街290号,126.633146,45.77634593,1.0,20.0,,152,公寓住宅,民用,8.0,12,0.0,8486.0,Heilongjiang,Haerbin,Daowai,Heilongjiang-Haerbin
268437,南平街50号小区,哈尔滨,道外,南极市场,1991,小高层,南平街50号,126.6381558,45.77288687,1.0,20.0,,152,公寓住宅,民用,7.9,12,0.0,8723.0,Heilongjiang,Haerbin,Daowai,Heilongjiang-Haerbin
268430,南康小区,哈尔滨,道外,南极市场,1991,多层|高层,南康街36号,126.6407912,45.7722071,1.0,20.0,,1025,公寓住宅,民用,8.0,12,0.0,9935.0,Heilongjiang,Haerbin,Daowai,Heilongjiang-Haerbin
268386,道外十六街区,哈尔滨,道外,靖宇,2000,小高层,宁安街14号,126.6402939,45.78684182,1.0,30.0,,30,公寓住宅,民用,7.4,12,0.0,8100.0,Heilongjiang,Haerbin,Daowai,Heilongjiang-Haerbin
268385,"北十二道街小区(北十二道街93号,131号,152号)",哈尔滨,道外,靖宇,2017,小高层,"北十二道街93号,131号,152号",126.6427374,45.78885244,1.0,30.0,,481,公寓住宅,民用,7.6,12,0.0,8484.0,Heilongjiang,Haerbin,Daowai,Heilongjiang-Haerbin
268384,长春街小区(长春街172号-194号(双号)),哈尔滨,道外,靖宇,2012,小高层,长春街172号-194号(双号),126.6363772,45.78568238,1.0,30.0,,231,公寓住宅,民用,8.1,12,0.0,9346.0,Heilongjiang,Haerbin,Daowai,Heilongjiang-Haerbin
268350,旭光小区,哈尔滨,道外,靖宇,1998,小高层,礼化街103号,126.6475454,45.7888184,1.0,20.0,,1260,公寓住宅,民用,7.9,12,0.0,9022.0,Heilongjiang,Haerbin,Daowai,Heilongjiang-Haerbin
268349,钱塘小区,哈尔滨,道外,靖宇,1995,多层|小高层,长春街197号,126.6329828,45.78554398,1.0,20.0,,796,公寓住宅,民用,7.7,12,0.0,7604.0,Heilongjiang,Haerbin,Daowai,Heilongjiang-Haerbin
268616,景阳SOHO,哈尔滨,道外,道外周边,2012,多层|高层,"景阳街318-1号,承德街387号",126.6335125,45.77722041,1.0,30.0,,559,公寓住宅,民用,7.9,12,0.0,9166.0,Heilongjiang,Haerbin,Daowai,Heilongjiang-Haerbin
268348,航道住宅,哈尔滨,道外,靖宇,1992,小高层,南十道街113号,126.6449453,45.78303526,1.0,20.0,,1209,公寓住宅,民用,7.9,12,0.0,6265.0,Heilongjiang,Haerbin,Daowai,Heilongjiang-Haerbin
268347,百年新城,哈尔滨,道外,靖宇,2006,多层,北十六道街7号,126.6508006,45.78866752,,31.0,,1336,公寓住宅,民用,8.3,12,0.25,9110.0,Heilongjiang,Haerbin,Daowai,Heilongjiang-Haerbin
268346,观澜宝邸,哈尔滨,道外,靖宇,2011,高层,大新街152号,126.6374269,45.78498836,1.0,15.0,,652,公寓住宅,民用,8.0,12,0.0,10724.0,Heilongjiang,Haerbin,Daowai,Heilongjiang-Haerbin
268345,丽兹江畔(一期),哈尔滨,道外,靖宇,2011,高层,竹林巷55号,126.6450083,45.7920711,1.0,30.0,,871,公寓住宅,民用,8.0,12,-0.35,12969.0,Heilongjiang,Haerbin,Daowai,Heilongjiang-Haerbin
268344,鸿基名苑,哈尔滨,道外,靖宇,2004,多层,礼化街147号,126.6462265,45.78780851,1.0,28.0,,931,公寓住宅,民用,8.3,12,0.0,10326.0,Heilongjiang,Haerbin,Daowai,Heilongjiang-Haerbin
268343,台胞小区,哈尔滨,道外,靖宇,1999,多层|小高层,地灵街25号,126.6443329,45.78749996,1.0,20.0,,1263,公寓住宅,民用,8.4,12,0.0,6500.0,Heilongjiang,Haerbin,Daowai,Heilongjiang-Haerbin
268342,南八道街70号小区,哈尔滨,道外,靖宇,1991,小高层,南八道街70号,126.6422825,45.78235314,1.0,20.0,,192,公寓住宅,民用,7.8,12,0.0,8416.0,Heilongjiang,Haerbin,Daowai,Heilongjiang-Haerbin
268341,大水晶街253号小区,哈尔滨,道外,靖宇,1991,小高层,大水晶街253号,126.6379778,45.77736631,1.0,20.0,,453,公寓住宅,民用,8.1,12,0.0,8593.0,Heilongjiang,Haerbin,Daowai,Heilongjiang-Haerbin
268340,北新街小区(北新街178号-200号(双号)),哈尔滨,道外,靖宇,2000,小高层,北新街178号-200号(双号),126.645391,45.78887196,1.0,30.0,,136,公寓住宅,民用,7.9,12,0.0,9764.0,Heilongjiang,Haerbin,Daowai,Heilongjiang-Haerbin
268339,靖宇小区,哈尔滨,道外,靖宇,1991,多层|小高层,靖宇街408号,126.6343439,45.78151228,1.0,20.0,,762,公寓住宅,民用,7.9,12,0.0,7450.0,Heilongjiang,Haerbin,Daowai,Heilongjiang-Haerbin
268338,正阳南小区,哈尔滨,道外,靖宇,1994,多层|小高层,南十道街153号,126.6440361,45.7845706,1.0,54.0,,1175,公寓住宅,民用,8.1,12,-6.45,6989.0,Heilongjiang,Haerbin,Daowai,Heilongjiang-Haerbin
268337,117小区,哈尔滨,道外,靖宇,1998,多层,南八道街39号,126.6431475,45.78192796,1.0,20.0,,4248,公寓住宅,民用,7.9,12,-0.25,6980.0,Heilongjiang,Haerbin,Daowai,Heilongjiang-Haerbin
268336,江南明珠,哈尔滨,道外,靖宇,2015,高层,"富锦街,近北十二道街",126.6425355,45.78938324,1.0,22.0,,322,公寓住宅,民用,8.0,12,-0.04,10978.0,Heilongjiang,Haerbin,Daowai,Heilongjiang-Haerbin
268335,景江名苑,哈尔滨,道外,靖宇,2016,小高层|高层,公浴街4号,126.6286293,45.78352638,1.0,25.0,,342,公寓住宅,民用,7.9,12,0.0,14285.0,Heilongjiang,Haerbin,Daowai,Heilongjiang-Haerbin
268319,建伟小区,哈尔滨,道外,太平桥,1996,小高层,"太平南二道街,近东直路",126.6827003,45.78645227,1.0,20.0,,589,公寓住宅,民用,8.3,12,0.0,8528.0,Heilongjiang,Haerbin,Daowai,Heilongjiang-Haerbin
268320,华北小区,哈尔滨,道外,太平桥,2005,小高层,新滨街18号,126.67165,45.78352191,1.0,20.0,,520,公寓住宅,民用,8.3,12,0.0,7899.0,Heilongjiang,Haerbin,Daowai,Heilongjiang-Haerbin
268321,汇龙鑫阁,哈尔滨,道外,太平桥,2010,小高层,东直路211号,126.6803015,45.78590944,1.0,30.0,,224,公寓住宅,民用,8.2,12,0.0,9922.0,Heilongjiang,Haerbin,Daowai,Heilongjiang-Haerbin
268325,新滨街49号小区,哈尔滨,道外,太平桥,1992,多层,新滨街49号,126.6693473,45.78393054,1.0,20.0,,48,公寓住宅,民用,7.8,12,0.0,7800.0,Heilongjiang,Haerbin,Daowai,Heilongjiang-Haerbin
268326,钟楼小区,哈尔滨,道外,太平桥,1990,小高层,"太平南四道街,近东直路",126.6775586,45.78502245,1.0,20.0,,0,公寓住宅,民用,7.7,12,0.0,7076.0,Heilongjiang,Haerbin,Daowai,Heilongjiang-Haerbin
268351,北十二道街185号小区,哈尔滨,道外,靖宇,2017,小高层,北十二道街185号,126.6410527,45.79016522,1.0,30.0,,339,公寓住宅,民用,7.9,12,0.0,8357.0,Heilongjiang,Haerbin,Daowai,Heilongjiang-Haerbin
268327,永宁小区综合楼,哈尔滨,道外,太平桥,1990,小高层,东直路138号,126.6746382,45.78306481,1.0,20.0,,119,公寓住宅,民用,7.8,12,0.0,8396.0,Heilongjiang,Haerbin,Daowai,Heilongjiang-Haerbin
268329,松乐家园,哈尔滨,道外,太平桥,1980,多层,安华街47号,126.6700218,45.78577694,1.0,20.0,,390,公寓住宅,民用,7.5,12,0.0,9262.0,Heilongjiang,Haerbin,Daowai,Heilongjiang-Haerbin
268330,天河小区,哈尔滨,道外,太平桥,1996,小高层,天恒大街259号,126.7746184,45.78791595,1.0,20.0,,609,公寓住宅,民用,6.5,12,0.0,7000.0,Heilongjiang,Haerbin,Daowai,Heilongjiang-Haerbin
268331,宏楠福园,哈尔滨,道外,太平桥,2000,高层,南直路496号,126.6955277,45.78349214,1.0,30.0,,680,公寓住宅,民用,7.7,12,0.0,12149.0,Heilongjiang,Haerbin,Daowai,Heilongjiang-Haerbin
268333,青年城邦,哈尔滨,道外,靖宇,2013,高层,东北新街154号,126.6601429,45.79165779,1.0,38.24,,2799,公寓住宅,民用,8.1,12,-0.54,10289.0,Heilongjiang,Haerbin,Daowai,Heilongjiang-Haerbin
268334,滨江凤凰城(北区),哈尔滨,道外,靖宇,2006,多层|小高层,南十九道街2号,126.6548749,45.78818589,1.0,40.0,,3367,公寓住宅,民用,8.2,12,0.08,10165.0,Heilongjiang,Haerbin,Daowai,Heilongjiang-Haerbin
268328,迎新二道街3号小区,哈尔滨,道外,太平桥,2002,小高层,迎新二道街3号,126.6663618,45.79134845,1.0,30.0,,173,公寓住宅,民用,7.6,12,0.0,6214.0,Heilongjiang,Haerbin,Daowai,Heilongjiang-Haerbin
268352,清真寺小区,哈尔滨,道外,靖宇,1989,小高层,南十道街270号,126.6424531,45.78445109,1.0,20.0,,1136,公寓住宅,民用,7.9,12,0.0,8265.0,Heilongjiang,Haerbin,Daowai,Heilongjiang-Haerbin
268353,集良小区,哈尔滨,道外,靖宇,1999,小高层,北十六道街106号,126.6559976,45.79160211,1.0,35.0,,2008,公寓住宅,民用,7.8,12,-0.2,7103.0,Heilongjiang,Haerbin,Daowai,Heilongjiang-Haerbin
268354,江畔方元三街区,哈尔滨,道外,靖宇,2006,多层|高层,竹林巷92号,126.6453933,45.79072055,1.0,27.0,,476,公寓住宅,民用,7.9,12,0.0,9708.0,Heilongjiang,Haerbin,Daowai,Heilongjiang-Haerbin
268614,新一头道街21号院,哈尔滨,道外,道外周边,2000,多层,新一头道街21号,126.7118831,45.7929578,1.0,30.0,,98,公寓住宅,民用,7.4,12,0.0,8254.0,Heilongjiang,Haerbin,Daowai,Heilongjiang-Haerbin
268613,恒大锦城,哈尔滨,道外,道外周边,2018,高层|超高层,"北岗路,近新一街",126.7127893,45.79593276,,30.0,,1127,公寓住宅,民用,7.4,12,0.0,8853.0,Heilongjiang,Haerbin,Daowai,Heilongjiang-Haerbin
268376,友谊东路354号小区,哈尔滨,道外,靖宇,2011,多层,友谊东路354号,126.6403971,45.786856,1.0,30.0,,32,公寓住宅,民用,7.8,12,0.0,8000.0,Heilongjiang,Haerbin,Daowai,Heilongjiang-Haerbin
268378,长春街79号楼,哈尔滨,道外,靖宇,2000,多层,长春街79号,126.6375613,45.7878282,1.0,30.0,,264,公寓住宅,民用,7.6,12,0.0,9000.0,Heilongjiang,Haerbin,Daowai,Heilongjiang-Haerbin
268379,南八道街77号小区,哈尔滨,道外,靖宇,1991,小高层,南八道街77号,126.6425689,45.78263707,1.0,20.0,,240,公寓住宅,民用,7.6,12,0.0,8514.0,Heilongjiang,Haerbin,Daowai,Heilongjiang-Haerbin
268380,北九道街23-1号小区,哈尔滨,道外,靖宇,1996,小高层,北九道街23-1号,126.6407952,45.78537256,1.0,20.0,,0,公寓住宅,民用,7.7,12,0.0,7000.0,Heilongjiang,Haerbin,Daowai,Heilongjiang-Haerbin
268381,南八道街22号小区,哈尔滨,道外,靖宇,1991,小高层,南八道街22号,126.6426636,45.78180043,1.0,20.0,,96,公寓住宅,民用,7.6,12,0.0,8296.0,Heilongjiang,Haerbin,Daowai,Heilongjiang-Haerbin
268382,南七道街153号小区,哈尔滨,道外,靖宇,1990,小高层,南七道街153号,126.6427755,45.78134119,1.0,20.0,,56,公寓住宅,民用,7.7,12,0.0,9030.0,Heilongjiang,Haerbin,Daowai,Heilongjiang-Haerbin
268383,江畔路126号小区,哈尔滨,道外,靖宇,1991,小高层,江畔路126号,126.6345599,45.7878335,1.0,20.0,,144,公寓住宅,民用,7.6,12,0.0,8475.0,Heilongjiang,Haerbin,Daowai,Heilongjiang-Haerbin
268377,南郧小区,哈尔滨,道外,靖宇,2000,多层,南七道街227号,126.6412702,45.7824393,1.0,30.0,,64,公寓住宅,民用,7.9,12,0.0,8100.0,Heilongjiang,Haerbin,Daowai,Heilongjiang-Haerbin
268370,东方小区(道外),哈尔滨,道外,靖宇,2000,多层,东北新街190号,126.6582041,45.7925226,1.0,20.0,,438,公寓住宅,民用,7.7,12,0.0,6916.0,Heilongjiang,Haerbin,Daowai,Heilongjiang-Haerbin
268368,"太古街小区(太古街581号,583号)",哈尔滨,道外,靖宇,2000,小高层,"太古街581号,583号",126.639403,45.77873828,1.0,30.0,,165,公寓住宅,民用,8.2,12,0.0,9085.0,Heilongjiang,Haerbin,Daowai,Heilongjiang-Haerbin
268355,同记小区,哈尔滨,道外,靖宇,2000,多层,南五道街110号,126.6383194,45.78092863,1.0,20.0,,823,公寓住宅,民用,7.8,12,0.0,6978.0,Heilongjiang,Haerbin,Daowai,Heilongjiang-Haerbin
268615,红光新村,哈尔滨,道外,道外周边,1991,小高层,哈东路67号,126.7110635,45.79229054,1.0,20.0,,336,公寓住宅,民用,7.2,12,0.0,7900.0,Heilongjiang,Haerbin,Daowai,Heilongjiang-Haerbin
268356,升平街1号小区,哈尔滨,道外,靖宇,1991,小高层,升平街1号,126.6349205,45.78467315,1.0,20.0,,290,公寓住宅,民用,8.2,12,0.0,8282.0,Heilongjiang,Haerbin,Daowai,Heilongjiang-Haerbin
268357,长兴街2号小区,哈尔滨,道外,靖宇,1991,小高层,长兴街2号,126.6393172,45.78701636,1.0,20.0,,543,公寓住宅,民用,7.8,12,0.0,8295.0,Heilongjiang,Haerbin,Daowai,Heilongjiang-Haerbin
268358,振国小区,哈尔滨,道外,靖宇,1998,小高层,南勋街3号,126.6464874,45.78404665,1.0,20.0,,1024,公寓住宅,民用,8.0,12,0.0,8788.0,Heilongjiang,Haerbin,Daowai,Heilongjiang-Haerbin
268359,塘瓷小区,哈尔滨,道外,靖宇,2000,多层|小高层,富锦街141号,126.6393368,45.78809724,1.0,20.0,,502,公寓住宅,民用,7.8,12,0.0,7968.0,Heilongjiang,Haerbin,Daowai,Heilongjiang-Haerbin
268369,北新街123号小区,哈尔滨,道外,靖宇,1996,小高层,北新街123号,126.6465342,45.78970764,1.0,20.0,,0,公寓住宅,民用,7.8,12,0.0,8557.0,Heilongjiang,Haerbin,Daowai,Heilongjiang-Haerbin
268360,大观园小区,哈尔滨,道外,靖宇,1997,多层,长春街198号,126.6352045,45.78595285,1.0,20.0,,1120,公寓住宅,民用,7.7,12,0.0,8369.0,Heilongjiang,Haerbin,Daowai,Heilongjiang-Haerbin
268362,"南勋街小区(南勋街264号-274号(双号),太古街587-1号)",哈尔滨,道外,靖宇,2015,小高层,"南勋街264号-274号(双号),太古街587-1号",126.6389321,45.77943791,1.0,30.0,,285,公寓住宅,民用,8.0,12,0.0,8125.0,Heilongjiang,Haerbin,Daowai,Heilongjiang-Haerbin
268363,温州商贸城,哈尔滨,道外,靖宇,2002,多层,升平街16号,126.6353689,45.78370291,1.0,30.0,,0,公寓住宅,民用,8.3,12,0.0,8000.0,Heilongjiang,Haerbin,Daowai,Heilongjiang-Haerbin
268365,青联小区,哈尔滨,道外,靖宇,1999,小高层,北七道街93号,126.6358777,45.78757526,1.0,20.0,,112,公寓住宅,民用,7.8,12,0.0,9000.0,Heilongjiang,Haerbin,Daowai,Heilongjiang-Haerbin
268366,南十道街142号楼,哈尔滨,道外,靖宇,2019,多层,南十道街142号,126.644574,45.78237908,1.0,30.0,,136,公寓住宅,民用,8.3,12,0.0,7404.0,Heilongjiang,Haerbin,Daowai,Heilongjiang-Haerbin
268367,南十道街158号小区,哈尔滨,道外,靖宇,2019,小高层,南十道街158号,126.6441232,45.78297391,1.0,30.0,,312,公寓住宅,民用,8.2,12,0.0,8142.0,Heilongjiang,Haerbin,Daowai,Heilongjiang-Haerbin
268361,地灵街110号小区,哈尔滨,道外,靖宇,1990,多层|高层,地灵街110号,126.6394075,45.7855926,1.0,20.0,,312,公寓住宅,民用,7.9,12,0.0,7872.0,Heilongjiang,Haerbin,Daowai,Heilongjiang-Haerbin
268318,"北头道街小区(北头道街107号,109号)",哈尔滨,道外,太平桥,1991,小高层,"北头道街107号,109号",126.6300125,45.78453974,1.0,20.0,,181,公寓住宅,民用,7.7,12,0.0,9068.0,Heilongjiang,Haerbin,Daowai,Heilongjiang-Haerbin
268566,太古时代广场,哈尔滨,道外,太古,2000,小高层,太古街42号,126.635117,45.77742663,1.0,20.0,,1097,公寓住宅,民用,8.2,12,-2.79,9839.0,Heilongjiang,Haerbin,Daowai,Heilongjiang-Haerbin
268567,悦庭松江,哈尔滨,道外,太古,2016,高层,景兴胡同29号,126.6516023,45.79483543,1.0,30.0,,358,公寓住宅,民用,7.6,12,-13.46,9579.0,Heilongjiang,Haerbin,Daowai,Heilongjiang-Haerbin
268607,迎宾家园(道外),哈尔滨,道外,道外周边,2005,多层,天恒大街53号,126.7618253,45.78557745,2.0,20.0,,252,公寓住宅,民用,6.8,12,0.0,6744.0,Heilongjiang,Haerbin,Daowai,Heilongjiang-Haerbin
268568,黑航住宅,哈尔滨,道外,太古,1990,多层|高层,钱塘街133号,126.6392897,45.79034397,1.0,26.0,,2786,公寓住宅,民用,7.7,12,-0.03,8187.0,Heilongjiang,Haerbin,Daowai,Heilongjiang-Haerbin
268569,东方红小区(道外),哈尔滨,道外,太古,2003,多层|高层,爱民街84号,126.6516525,45.77917286,1.0,32.0,,2391,公寓住宅,民用,8.3,12,0.0,8307.0,Heilongjiang,Haerbin,Daowai,Heilongjiang-Haerbin
268529,桦树小区(南区),哈尔滨,道外,哈东站,1997,多层|小高层,桦树街94号,126.6963811,45.78604672,1.0,30.0,,908,公寓住宅,民用,8.0,12,0.0,8136.0,Heilongjiang,Haerbin,Daowai,Heilongjiang-Haerbin
268571,世纪龙滨,哈尔滨,道外,太古,2000,多层,保障街77号,126.6469679,45.77610339,1.0,20.0,,332,公寓住宅,民用,8.4,12,0.0,8357.0,Heilongjiang,Haerbin,Daowai,Heilongjiang-Haerbin
268572,巨龙小区,哈尔滨,道外,太古,1998,多层,"南十一道街15号,南十二道街112-136号(双号)",126.6458793,45.78334812,1.0,20.0,,1351,公寓住宅,民用,8.0,12,0.0,8081.0,Heilongjiang,Haerbin,Daowai,Heilongjiang-Haerbin
268573,花园小区(道外),哈尔滨,道外,太古,1998,小高层,北十四道街55号,126.6474069,45.79000343,1.0,20.0,,580,公寓住宅,民用,8.0,12,0.0,7018.0,Heilongjiang,Haerbin,Daowai,Heilongjiang-Haerbin
268574,保障华庭(四期),哈尔滨,道外,太古,2004,多层|高层,太古街,126.6457526,45.77923942,1.0,35.0,,315,公寓住宅,民用,8.5,12,0.0,11066.0,Heilongjiang,Haerbin,Daowai,Heilongjiang-Haerbin
268575,维也纳小区,哈尔滨,道外,太古,2007,多层,三棵树大街123号,126.6944961,45.79142475,1.0,20.0,,216,公寓住宅,民用,8.0,12,0.0,8898.0,Heilongjiang,Haerbin,Daowai,Heilongjiang-Haerbin
268576,南勋小区,哈尔滨,道外,太古,2005,小高层,南十二道街136号,126.6425743,45.7819757,1.0,30.0,,1905,公寓住宅,民用,7.8,12,0.0,7763.0,Heilongjiang,Haerbin,Daowai,Heilongjiang-Haerbin
268577,南七道街117号楼,哈尔滨,道外,太古,2002,多层,南七道街117号,126.6431466,45.78085127,1.0,30.0,,383,公寓住宅,民用,8.1,12,0.0,7843.0,Heilongjiang,Haerbin,Daowai,Heilongjiang-Haerbin
268578,南七道街184号楼,哈尔滨,道外,太古,2002,多层,南七道街184号,126.6416887,45.78148828,1.0,30.0,,152,公寓住宅,民用,7.9,12,0.0,9232.0,Heilongjiang,Haerbin,Daowai,Heilongjiang-Haerbin
268606,化建家属楼,哈尔滨,道外,道外周边,2000,多层,卫星路111号,126.686859,45.76748457,1.0,30.0,,54,公寓住宅,民用,8.0,12,0.0,8365.0,Heilongjiang,Haerbin,Daowai,Heilongjiang-Haerbin
268579,南七道街99号小区,哈尔滨,道外,太古,2011,多层,南七道街99号,126.6445316,45.78035648,,30.0,,160,公寓住宅,民用,7.8,12,0.0,8000.0,Heilongjiang,Haerbin,Daowai,Heilongjiang-Haerbin
268594,教工街49-53号小区,哈尔滨,道外,宏伟小区,2008,小高层,"教工街49号,53号",126.6964481,45.77058461,1.0,30.0,,161,公寓住宅,民用,7.7,12,0.0,8778.0,Heilongjiang,Haerbin,Daowai,Heilongjiang-Haerbin
268593,龙信家园,哈尔滨,道外,宏伟小区,2000,小高层,先锋路415号,126.6928325,45.76686279,1.0,20.0,,570,公寓住宅,民用,8.1,12,0.0,8137.0,Heilongjiang,Haerbin,Daowai,Heilongjiang-Haerbin
268592,永宁小区综合楼,哈尔滨,道外,红旗大街道外段,1990,小高层,东直路138号,126.6746382,45.78306481,1.0,20.0,,119,公寓住宅,民用,7.8,12,0.0,8396.0,Heilongjiang,Haerbin,Daowai,Heilongjiang-Haerbin
268589,红平小区,哈尔滨,道外,红旗大街道外段,1999,多层,红旗大街699号,126.6863579,45.77184797,1.0,32.0,,4010,公寓住宅,民用,8.2,12,-0.06,8354.0,Heilongjiang,Haerbin,Daowai,Heilongjiang-Haerbin
268588,双龙绿色家园,哈尔滨,道外,红旗大街道外段,2016,高层,红旗大街997号,126.6822973,45.78079973,1.0,35.0,,1150,公寓住宅,民用,8.1,12,0.0,9501.0,Heilongjiang,Haerbin,Daowai,Heilongjiang-Haerbin
268565,"南八道街小区(南八道街31号,39号,南九道街80号)",哈尔滨,道外,太古,1992,多层,"南八道街31号,39号,南九道街80号",126.6433828,45.78166788,1.0,20.0,,648,公寓住宅,民用,7.9,12,0.0,9574.0,Heilongjiang,Haerbin,Daowai,Heilongjiang-Haerbin
268587,北十四小区,哈尔滨,道外,太古,1998,多层|高层,长春街52号,126.642549,45.79088884,1.0,50.0,,289,公寓住宅,民用,7.6,12,0.0,8235.0,Heilongjiang,Haerbin,Daowai,Heilongjiang-Haerbin
268605,东都幸福里(三期),哈尔滨,道外,道外周边,2017,高层,天恒大街,126.7737434,45.78470872,1.0,30.0,,0,公寓住宅,民用,6.9,12,0.0,5841.0,Heilongjiang,Haerbin,Daowai,Heilongjiang-Haerbin
268585,南新小区,哈尔滨,道外,太古,2003,多层,太古街45号,126.6566962,45.78424224,1.0,30.0,,113,公寓住宅,民用,7.9,12,0.0,9988.0,Heilongjiang,Haerbin,Daowai,Heilongjiang-Haerbin
268584,南勋社区,哈尔滨,道外,太古,1991,多层|高层,南八道街41号,126.6430186,45.78219696,1.0,20.0,,144,公寓住宅,民用,7.7,12,0.0,7217.0,Heilongjiang,Haerbin,Daowai,Heilongjiang-Haerbin
268583,草市街52号小区,哈尔滨,道外,太古,2011,小高层,草市街52号,126.6400888,45.77486899,1.0,30.0,,0,公寓住宅,民用,8.5,12,0.0,8738.0,Heilongjiang,Haerbin,Daowai,Heilongjiang-Haerbin
268582,大水晶街90号小区,哈尔滨,道外,太古,1991,多层,大水晶街90号,126.6397074,45.77593017,1.0,20.0,,0,公寓住宅,民用,8.1,12,0.0,6782.0,Heilongjiang,Haerbin,Daowai,Heilongjiang-Haerbin
268581,草市街41号小区,哈尔滨,道外,太古,2008,多层,草市街41号,126.6395513,45.77558009,1.0,30.0,,0,公寓住宅,民用,8.0,12,0.0,6384.0,Heilongjiang,Haerbin,Daowai,Heilongjiang-Haerbin
268586,崇俭小区,哈尔滨,道外,太古,1999,多层|小高层,南二十道街35号,126.6584651,45.78677151,1.0,20.0,,3390,公寓住宅,民用,7.9,12,0.0,6962.0,Heilongjiang,Haerbin,Daowai,Heilongjiang-Haerbin
268596,化工局家属楼,哈尔滨,道外,宏伟小区,2000,多层,南直路473号,126.6990855,45.77268268,1.0,30.0,,114,公寓住宅,民用,8.0,12,0.0,7600.0,Heilongjiang,Haerbin,Daowai,Heilongjiang-Haerbin
268564,富锦街小区,哈尔滨,道外,太古,2004,多层,富锦街103号,126.6416448,45.78887972,1.0,30.0,,155,公寓住宅,民用,8.0,12,0.0,9000.0,Heilongjiang,Haerbin,Daowai,Heilongjiang-Haerbin
268562,北七小区,哈尔滨,道外,太古,1995,多层,长春街158号,126.6376997,45.78715767,1.0,20.0,,2239,公寓住宅,民用,7.7,12,0.0,7809.0,Heilongjiang,Haerbin,Daowai,Heilongjiang-Haerbin
268536,桦树街10号小区,哈尔滨,道外,哈东站,1997,多层,桦树街10号,126.7019193,45.78673812,,20.0,,56,公寓住宅,民用,7.3,12,0.0,4685.0,Heilongjiang,Haerbin,Daowai,Heilongjiang-Haerbin
268537,四海路53-2号小区,哈尔滨,道外,哈东站,2000,多层,四海路53-2号,126.704058,45.77913117,1.0,30.0,,0,公寓住宅,民用,7.6,12,0.0,6700.0,Heilongjiang,Haerbin,Daowai,Heilongjiang-Haerbin
268538,三棵大街32号小区,哈尔滨,道外,哈东站,2000,多层,三机街,126.7024067,45.78603637,,30.0,,48,公寓住宅,民用,7.3,12,0.0,8724.0,Heilongjiang,Haerbin,Daowai,Heilongjiang-Haerbin
268539,机械厂家属楼,哈尔滨,道外,哈东站,2005,小高层,一机路172-1号,126.6986958,45.7786122,1.0,30.0,,163,公寓住宅,民用,7.4,12,0.0,7600.0,Heilongjiang,Haerbin,Daowai,Heilongjiang-Haerbin
268540,"同济街小区(同济街130-1号,130-2号,130-3号,130-4号)",哈尔滨,道外,哈东站,2000,小高层,"同济街130-1号,130-2号,130-3号,130-4号",126.7167126,45.79068694,1.0,30.0,,325,公寓住宅,民用,6.8,12,0.0,9479.0,Heilongjiang,Haerbin,Daowai,Heilongjiang-Haerbin
268541,融创璟园,哈尔滨,道外,哈东站,2018,高层,道口三道街,126.7106616,45.7904739,1.0,40.0,,0,公寓住宅,民用,7.8,12,0.0,10809.0,Heilongjiang,Haerbin,Daowai,Heilongjiang-Haerbin
268542,南直路681号小区,哈尔滨,道外,哈东站,2003,小高层,南直路681号,126.6980482,45.78326396,1.0,30.0,,147,公寓住宅,民用,7.5,12,0.0,8000.0,Heilongjiang,Haerbin,Daowai,Heilongjiang-Haerbin
268543,南华小区,哈尔滨,道外,哈东站,1997,小高层,南直路695-6号,126.6977089,45.78387609,1.0,20.0,,267,公寓住宅,民用,7.5,12,0.0,7416.0,Heilongjiang,Haerbin,Daowai,Heilongjiang-Haerbin
268544,红眼楼,哈尔滨,道外,哈东站,1998,多层,北棵头道街42号,126.6997577,45.7885466,1.0,20.0,,98,公寓住宅,民用,7.4,12,0.0,6133.0,Heilongjiang,Haerbin,Daowai,Heilongjiang-Haerbin
268545,铁路家属楼,哈尔滨,道外,哈东站,2007,多层,火车头街,126.7037324,45.78973851,1.0,30.0,,84,公寓住宅,民用,7.8,12,0.0,7560.0,Heilongjiang,Haerbin,Daowai,Heilongjiang-Haerbin
268546,轴承小区,哈尔滨,道外,哈东站,1997,多层|小高层,哈东路,126.7077795,45.79230303,1.0,20.0,,126,公寓住宅,民用,7.6,12,0.0,8571.0,Heilongjiang,Haerbin,Daowai,Heilongjiang-Haerbin
268609,团结新区,哈尔滨,道外,道外周边,2008,小高层,黄家崴子路,126.7691431,45.78497098,1.0,30.0,,1141,公寓住宅,民用,6.8,12,0.0,3305.0,Heilongjiang,Haerbin,Daowai,Heilongjiang-Haerbin
268547,恒大御峰,哈尔滨,道外,哈东站,2019,小高层|高层|超高层,东铁街1号,126.7074513,45.77371705,,41.4,67723.0,668,公寓住宅,民用,7.9,12,0.0,12608.0,Heilongjiang,Haerbin,Daowai,Heilongjiang-Haerbin
268548,曙光华丰嘉园,哈尔滨,道外,哈东站,2010,多层|小高层,哈东路333号,126.7272571,45.79197934,1.0,40.0,,798,公寓住宅,民用,7.0,12,0.0,7777.0,Heilongjiang,Haerbin,Daowai,Heilongjiang-Haerbin
268561,北兴教育园(A区),哈尔滨,道外,太古,2004,多层|小高层,太原街81号,126.6422843,45.77615955,1.0,10.0,,924,公寓住宅,民用,8.0,12,-0.4,7646.0,Heilongjiang,Haerbin,Daowai,Heilongjiang-Haerbin
268560,轩辕花园,哈尔滨,道外,太古,2002,多层,南新街240号,126.6505989,45.78221564,1.0,10.0,,5229,公寓住宅,民用,8.1,12,-0.19,7800.0,Heilongjiang,Haerbin,Daowai,Heilongjiang-Haerbin
268559,好民居滨江新城(A区),哈尔滨,道外,太古,2011,高层|超高层,南十六道街18号,126.6530612,45.77999417,1.0,30.28,,884,公寓住宅,民用,8.2,12,-0.36,10278.0,Heilongjiang,Haerbin,Daowai,Heilongjiang-Haerbin
268558,东莱祥泰花园,哈尔滨,道外,太古,2000,多层,太古街550号,126.6412242,45.77826507,1.0,35.0,,1414,公寓住宅,民用,8.3,12,0.0,8240.0,Heilongjiang,Haerbin,Daowai,Heilongjiang-Haerbin
268557,好民居滨江新城(E区),哈尔滨,道外,太古,2011,超高层,南二十道街142号,126.656609,45.7816204,1.0,30.28,,1024,公寓住宅,民用,8.2,12,1.09,9516.0,Heilongjiang,Haerbin,Daowai,Heilongjiang-Haerbin
268556,好民居滨江新城(B区),哈尔滨,道外,太古,2011,高层|超高层,滨江街甲92-2号,126.6542077,45.78105197,1.0,30.28,,870,公寓住宅,民用,8.2,12,-1.66,10168.0,Heilongjiang,Haerbin,Daowai,Heilongjiang-Haerbin
268563,好民居滨江新城(C区),哈尔滨,道外,太古,2011,超高层,太古街36号,126.6552666,45.78172943,1.0,30.28,,270,公寓住宅,民用,8.3,12,0.0,10501.0,Heilongjiang,Haerbin,Daowai,Heilongjiang-Haerbin
268555,沃华水岸(东区),哈尔滨,道外,太古,2009,多层|小高层,太平大街58号,126.6755373,45.78707778,1.0,31.5,,1088,公寓住宅,民用,8.2,12,1.48,8738.0,Heilongjiang,Haerbin,Daowai,Heilongjiang-Haerbin
268608,东风名苑,哈尔滨,道外,道外周边,2006,多层,天恒大街105号,126.7693332,45.78703439,1.0,30.0,,630,公寓住宅,民用,7.2,12,0.0,8842.0,Heilongjiang,Haerbin,Daowai,Heilongjiang-Haerbin
268553,正大龙生花园,哈尔滨,道外,太古,2003,多层,太古街317号,126.6465297,45.78116989,1.0,35.0,,2395,公寓住宅,民用,8.2,12,0.12,8080.0,Heilongjiang,Haerbin,Daowai,Heilongjiang-Haerbin
268552,太古新天地,哈尔滨,道外,太古,2004,多层|高层,南大六道街139号,126.64103,45.78077857,1.0,37.0,,3882,公寓住宅,民用,8.1,12,-0.19,9011.0,Heilongjiang,Haerbin,Daowai,Heilongjiang-Haerbin
268551,麒麟华府,哈尔滨,道外,太古,2005,高层,南新街3-8号,126.6592697,45.78597632,1.0,30.0,,531,公寓住宅,民用,8.1,12,0.0,8545.0,Heilongjiang,Haerbin,Daowai,Heilongjiang-Haerbin
268550,太古小区,哈尔滨,道外,太古,2000,多层,南勋街114号,126.6441153,45.78061437,1.0,30.0,,6217,公寓住宅,民用,8.0,12,0.0,9450.0,Heilongjiang,Haerbin,Daowai,Heilongjiang-Haerbin
268549,好民居滨江新城(D区),哈尔滨,道外,太古,2011,高层|超高层,滨江街甲92号,126.6552141,45.7796993,1.0,30.28,,1382,公寓住宅,民用,8.4,12,-0.16,9470.0,Heilongjiang,Haerbin,Daowai,Heilongjiang-Haerbin
268554,好民居滨江新城(F区),哈尔滨,道外,太古,2011,超高层,太古街32号,126.6595144,45.78329977,1.0,30.28,,3075,公寓住宅,民用,7.9,12,0.34,8850.0,Heilongjiang,Haerbin,Daowai,Heilongjiang-Haerbin
268597,梧桐郡,哈尔滨,道外,道外周边,2016,多层|高层,利材街1号,126.7085091,45.79545541,1.0,31.0,204615.0,2378,公寓住宅,民用,7.8,12,1.36,8886.0,Heilongjiang,Haerbin,Daowai,Heilongjiang-Haerbin
268598,锦绣东润御景,哈尔滨,道外,道外周边,2020,高层,天恒大街,126.7692171,45.78803976,1.0,43.0,,0,公寓住宅,民用,7.2,12,0.0,6705.0,Heilongjiang,Haerbin,Daowai,Heilongjiang-Haerbin
268494,平湖小区,哈尔滨,道外,太平大街,1994,多层,平湖街17号,126.6882125,45.7908667,1.0,38.0,,1080,公寓住宅,民用,7.9,12,0.0,6714.0,Heilongjiang,Haerbin,Daowai,Heilongjiang-Haerbin
268611,东都幸福里(一二期),哈尔滨,道外,道外周边,2017,高层,天恒大街300号,126.7771362,45.78480858,1.0,30.0,,4484,公寓住宅,民用,6.9,12,0.0,8054.0,Heilongjiang,Haerbin,Daowai,Heilongjiang-Haerbin
268493,滨江逸品,哈尔滨,道外,太平大街,2000,高层,太平大街277号,126.6865262,45.78941964,1.0,37.0,,922,公寓住宅,民用,7.9,12,-0.6,9805.0,Heilongjiang,Haerbin,Daowai,Heilongjiang-Haerbin
268492,维也纳河畔新城(西区),哈尔滨,道外,太平大街,2007,多层,平湖街9号,126.6778553,45.78768489,1.0,35.0,,1191,公寓住宅,民用,8.4,12,-0.17,8111.0,Heilongjiang,Haerbin,Daowai,Heilongjiang-Haerbin
268490,天鹅小区,哈尔滨,道外,红旗小区,2010,多层,南直路590号,126.6939221,45.78848293,1.0,20.0,,288,公寓住宅,民用,7.9,12,0.0,7894.0,Heilongjiang,Haerbin,Daowai,Heilongjiang-Haerbin
268489,药六干部公寓,哈尔滨,道外,红旗小区,2012,小高层,南直路322号,126.7009111,45.76246775,1.0,30.0,,224,公寓住宅,民用,7.9,12,0.0,10271.0,Heilongjiang,Haerbin,Daowai,Heilongjiang-Haerbin
268486,卫生局家属楼,哈尔滨,道外,大方里,1995,多层,先锋路419号,126.6885249,45.76592421,1.0,30.0,,272,公寓住宅,民用,8.5,12,0.0,7500.0,Heilongjiang,Haerbin,Daowai,Heilongjiang-Haerbin
268484,东棵阳光丽都,哈尔滨,道外,先锋路道外段,2000,多层,东棵街139号,126.7170497,45.77105877,1.0,40.0,,1701,公寓住宅,民用,7.3,12,0.0,7242.0,Heilongjiang,Haerbin,Daowai,Heilongjiang-Haerbin
268483,东棵小区,哈尔滨,道外,先锋路道外段,2009,小高层,先锋路86号,126.7179962,45.76887473,1.0,30.0,,0,公寓住宅,民用,7.0,12,0.0,7457.0,Heilongjiang,Haerbin,Daowai,Heilongjiang-Haerbin
268482,福汇东方叁号院,哈尔滨,道外,先锋路道外段,2022,小高层,"东棵街,近先锋路",126.7151235,45.77154097,,20.0,,516,公寓住宅,民用,7.4,12,0.0,9204.0,Heilongjiang,Haerbin,Daowai,Heilongjiang-Haerbin
268479,南安街41号小区,哈尔滨,道外,南极市场,1992,多层,南安街41号,126.6401525,45.77261934,1.0,20.0,,244,公寓住宅,民用,7.7,12,0.0,9811.0,Heilongjiang,Haerbin,Daowai,Heilongjiang-Haerbin
268478,南十六道街37号小区,哈尔滨,道外,南极市场,2017,小高层,南十六道街37号,126.6483295,45.77595375,1.0,30.0,,240,公寓住宅,民用,7.8,12,0.0,9188.0,Heilongjiang,Haerbin,Daowai,Heilongjiang-Haerbin
268477,南坎头道街50号小区,哈尔滨,道外,南极市场,2000,小高层,南坎头道街50号,126.6404991,45.76869995,1.0,30.0,,445,公寓住宅,民用,8.4,12,0.0,9206.0,Heilongjiang,Haerbin,Daowai,Heilongjiang-Haerbin
268476,承德街小区(承德街12号-26号(双号),哈尔滨,道外,南极市场,1995,小高层,承德街12号-26号(双号),126.6429689,45.77239636,1.0,20.0,,196,公寓住宅,民用,7.7,12,0.0,7916.0,Heilongjiang,Haerbin,Daowai,Heilongjiang-Haerbin
268475,大水晶街27号小区,哈尔滨,道外,南极市场,1991,小高层,大水晶街27号,126.6444185,45.77445688,1.0,20.0,,270,公寓住宅,民用,8.8,12,0.0,7666.0,Heilongjiang,Haerbin,Daowai,Heilongjiang-Haerbin
268474,大保定街14号小区,哈尔滨,道外,南极市场,2002,小高层,大保定街14号,126.6495583,45.77529336,1.0,30.0,,109,公寓住宅,民用,7.8,12,0.0,8529.0,Heilongjiang,Haerbin,Daowai,Heilongjiang-Haerbin
268473,"承德街小区(承德街60号,66号)",哈尔滨,道外,南极市场,1995,小高层,"承德街60号,66号",126.6414637,45.77320113,1.0,20.0,,136,公寓住宅,民用,8.2,12,0.0,8586.0,Heilongjiang,Haerbin,Daowai,Heilongjiang-Haerbin
268461,"太原街小区(太原街132号-138号(双号),德胜街68号,74号)",哈尔滨,道外,南极市场,1993,多层,"太原街132号-138号(双号),德胜街68号,74号",126.643012,45.77533258,1.0,20.0,,120,公寓住宅,民用,7.8,12,0.0,8000.0,Heilongjiang,Haerbin,Daowai,Heilongjiang-Haerbin
268462,南头道街3号院,哈尔滨,道外,南极市场,2009,多层,南头道街3号,126.6370388,45.77811603,1.0,30.0,,0,公寓住宅,民用,8.3,12,0.0,7400.0,Heilongjiang,Haerbin,Daowai,Heilongjiang-Haerbin
268463,景阳街270号小区,哈尔滨,道外,南极市场,2010,多层,景阳街270号,126.6335034,45.77574234,1.0,30.0,,395,公寓住宅,民用,7.9,12,0.0,9000.0,Heilongjiang,Haerbin,Daowai,Heilongjiang-Haerbin
268464,草市街41号小区,哈尔滨,道外,南极市场,2008,多层,草市街41号,126.6395513,45.77558009,1.0,30.0,,0,公寓住宅,民用,8.0,12,0.0,6384.0,Heilongjiang,Haerbin,Daowai,Heilongjiang-Haerbin
268465,大水晶街90号小区,哈尔滨,道外,南极市场,1991,多层,大水晶街90号,126.6397074,45.77593017,1.0,20.0,,0,公寓住宅,民用,8.1,12,0.0,6782.0,Heilongjiang,Haerbin,Daowai,Heilongjiang-Haerbin
268495,维也纳河畔新城(东区),哈尔滨,道外,太平大街,2007,多层,太平大街195号,126.681187,45.78866769,1.0,35.0,,2504,公寓住宅,民用,8.3,12,-0.74,8568.0,Heilongjiang,Haerbin,Daowai,Heilongjiang-Haerbin
268466,草市街52号小区,哈尔滨,道外,南极市场,2011,小高层,草市街52号,126.6400888,45.77486899,1.0,30.0,,0,公寓住宅,民用,8.5,12,0.0,8738.0,Heilongjiang,Haerbin,Daowai,Heilongjiang-Haerbin
268468,南极街119号小区,哈尔滨,道外,南极市场,1991,小高层,南极街119号,126.6389414,45.77117489,1.0,20.0,,84,公寓住宅,民用,7.9,12,0.0,8422.0,Heilongjiang,Haerbin,Daowai,Heilongjiang-Haerbin
268469,南平街小区(南平街18-42号(双号)),哈尔滨,道外,南极市场,1991,小高层,南平街18-42号(双号),126.6267882,45.77131109,1.0,20.0,,147,公寓住宅,民用,7.8,12,0.0,8666.0,Heilongjiang,Haerbin,Daowai,Heilongjiang-Haerbin
268470,南和街小区(南和街10号-24号(双号)),哈尔滨,道外,南极市场,1995,小高层,南和街10号-24号(双号),126.6377177,45.77103493,1.0,20.0,,195,公寓住宅,民用,7.7,12,0.0,7234.0,Heilongjiang,Haerbin,Daowai,Heilongjiang-Haerbin
268471,南和街18号小区,哈尔滨,道外,南极市场,2004,小高层,南和街18号,126.6377218,45.77118208,1.0,30.0,,30,公寓住宅,民用,7.7,12,0.0,8100.0,Heilongjiang,Haerbin,Daowai,Heilongjiang-Haerbin
268472,景阳街1号小区,哈尔滨,道外,南极市场,1996,小高层,景阳街1号,126.6393706,45.7660232,1.0,20.0,,96,公寓住宅,民用,8.1,12,0.0,7900.0,Heilongjiang,Haerbin,Daowai,Heilongjiang-Haerbin
268467,"南坎头道街小区(4号,26号)",哈尔滨,道外,南极市场,1997,小高层,"南坎头道街4号,26号",126.6404402,45.76818099,1.0,20.0,,264,公寓住宅,民用,8.1,12,0.0,9319.0,Heilongjiang,Haerbin,Daowai,Heilongjiang-Haerbin
268496,沃华水岸(东区),哈尔滨,道外,太平大街,2009,多层|小高层,太平大街58号,126.6755373,45.78707778,1.0,31.5,,1088,公寓住宅,民用,8.2,12,1.48,8738.0,Heilongjiang,Haerbin,Daowai,Heilongjiang-Haerbin
268497,绿化小区,哈尔滨,道外,太平大街,2007,多层|小高层,太平大街280号,126.6832045,45.78736425,1.0,20.0,,522,公寓住宅,民用,8.3,12,0.0,8274.0,Heilongjiang,Haerbin,Daowai,Heilongjiang-Haerbin
268498,沃华水岸(西区),哈尔滨,道外,太平大街,2009,多层,太平大街63号,126.6736704,45.78583117,1.0,31.5,,1123,公寓住宅,民用,8.2,12,0.07,9139.0,Heilongjiang,Haerbin,Daowai,Heilongjiang-Haerbin
268518,桦树小区(C区),哈尔滨,道外,哈东站,1997,多层|小高层,桦树街41号,126.6978778,45.78745536,1.0,20.0,,1033,公寓住宅,民用,7.9,12,-0.32,7899.0,Heilongjiang,Haerbin,Daowai,Heilongjiang-Haerbin
268519,鑫都嘉园,哈尔滨,道外,哈东站,2010,多层,哈东路82号,126.7127888,45.79095021,,35.0,,576,公寓住宅,民用,7.8,12,0.0,7748.0,Heilongjiang,Haerbin,Daowai,Heilongjiang-Haerbin
268520,北棵小区(东区),哈尔滨,道外,哈东站,2001,多层,北棵街9号,126.7026788,45.7897842,1.0,38.84,,805,公寓住宅,民用,7.8,12,0.0,8125.0,Heilongjiang,Haerbin,Daowai,Heilongjiang-Haerbin
268521,南棵头道街77号小区,哈尔滨,道外,哈东站,2015,小高层,南棵头道街77号,126.7011863,45.78605557,1.0,30.0,,923,公寓住宅,民用,7.7,12,0.0,7093.0,Heilongjiang,Haerbin,Daowai,Heilongjiang-Haerbin
268522,桦树街小区(桦树街22号-44号(双号)),哈尔滨,道外,哈东站,1991,高层,桦树街22号-44号(双号),126.7000531,45.78674453,1.0,20.0,,174,公寓住宅,民用,7.6,12,0.0,9700.0,Heilongjiang,Haerbin,Daowai,Heilongjiang-Haerbin
268523,南棵二道街121号小区,哈尔滨,道外,哈东站,2007,小高层,南棵二道街121号,126.6999664,45.78461908,1.0,30.0,,105,公寓住宅,民用,8.0,12,0.0,9697.0,Heilongjiang,Haerbin,Daowai,Heilongjiang-Haerbin
268517,南棵绿荫小区成功苑,哈尔滨,道外,哈东站,2006,多层,宏图街32号,126.7051062,45.78022461,1.0,35.0,,376,公寓住宅,民用,8.0,12,-0.47,7201.0,Heilongjiang,Haerbin,Daowai,Heilongjiang-Haerbin
268524,哈东新区(D区),哈尔滨,道外,哈东站,2010,小高层,"道口头道街,近铸钢街",126.7109314,45.78715513,1.0,20.0,,1622,公寓住宅,民用,7.3,12,0.0,6612.0,Heilongjiang,Haerbin,Daowai,Heilongjiang-Haerbin
268526,菜站小区(道外),哈尔滨,道外,哈东站,1986,小高层,南直路685号,126.697281,45.78346774,1.0,10.0,,548,公寓住宅,民用,7.9,12,0.0,8166.0,Heilongjiang,Haerbin,Daowai,Heilongjiang-Haerbin
268610,河岸新苑,哈尔滨,道外,道外周边,2004,小高层,天恒大街118号,126.7644621,45.78552281,1.0,30.0,,291,公寓住宅,民用,6.7,12,0.0,6444.0,Heilongjiang,Haerbin,Daowai,Heilongjiang-Haerbin
268527,三机小区(东区),哈尔滨,道外,哈东站,1999,小高层,三机街,126.7021855,45.79190208,1.0,35.0,,748,公寓住宅,民用,7.9,12,0.0,7739.0,Heilongjiang,Haerbin,Daowai,Heilongjiang-Haerbin
268528,桦树小区(B区),哈尔滨,道外,哈东站,1997,小高层,桦树街118号,126.699608,45.78761889,1.0,30.0,,819,公寓住宅,民用,8.0,12,0.0,8825.0,Heilongjiang,Haerbin,Daowai,Heilongjiang-Haerbin
268600,紫荆名都,哈尔滨,道外,道外周边,2021,小高层|高层,华南中路,126.8572393,45.7456631,,39.0,,0,公寓住宅,民用,7.1,12,0.0,6141.0,Heilongjiang,Haerbin,Daowai,Heilongjiang-Haerbin
268525,哈东新区(E区),哈尔滨,道外,哈东站,2010,多层,立新街3-9号,126.7139972,45.78706866,1.0,20.0,,924,公寓住宅,民用,7.3,12,0.0,8258.0,Heilongjiang,Haerbin,Daowai,Heilongjiang-Haerbin
268516,南棵绿荫小区百程苑,哈尔滨,道外,哈东站,2006,多层,宏图街100号,126.70021,45.7796243,1.0,35.0,,521,公寓住宅,民用,8.0,12,0.0,8392.0,Heilongjiang,Haerbin,Daowai,Heilongjiang-Haerbin
268514,龙凤祥城,哈尔滨,道外,哈东站,2019,小高层,龙凤路,126.7239727,45.78117612,1.0,30.0,,6363,公寓住宅,民用,7.3,12,0.0,5918.0,Heilongjiang,Haerbin,Daowai,Heilongjiang-Haerbin
268499,如意雅居,哈尔滨,道外,太平大街,2006,多层,太平大街259号,126.6847666,45.78895928,1.0,25.0,,323,公寓住宅,民用,8.0,12,0.0,10000.0,Heilongjiang,Haerbin,Daowai,Heilongjiang-Haerbin
268500,蓝筹七彩阳光小区,哈尔滨,道外,太平大街,1988,多层|高层,东直路309号,126.6854064,45.7879836,1.0,33.0,,581,公寓住宅,民用,8.3,12,-1.26,9534.0,Heilongjiang,Haerbin,Daowai,Heilongjiang-Haerbin
268501,泰达小区,哈尔滨,道外,太平大街,2000,小高层,东直路319号,126.6869767,45.78846565,1.0,32.0,,652,公寓住宅,民用,8.4,12,0.0,8892.0,Heilongjiang,Haerbin,Daowai,Heilongjiang-Haerbin
268502,绿色家园(道外),哈尔滨,道外,太平大街,2002,小高层,太平大街230号,126.6805444,45.78701995,1.0,30.0,,989,公寓住宅,民用,8.3,12,0.0,9694.0,Heilongjiang,Haerbin,Daowai,Heilongjiang-Haerbin
268504,汇龙鑫阁,哈尔滨,道外,太平大街,2010,小高层,东直路211号,126.6803015,45.78590944,1.0,30.0,,224,公寓住宅,民用,8.2,12,0.0,9922.0,Heilongjiang,Haerbin,Daowai,Heilongjiang-Haerbin
268515,南棵绿荫小区吉祥苑,哈尔滨,道外,哈东站,2006,多层,南棵二道街17号,126.7018017,45.77979526,1.0,30.0,,473,公寓住宅,民用,8.0,12,-2.7,7517.0,Heilongjiang,Haerbin,Daowai,Heilongjiang-Haerbin
268508,太平大街346号小区,哈尔滨,道外,太平大街,2002,小高层,太平大街346号,126.6888515,45.78961857,1.0,30.0,,101,公寓住宅,民用,7.5,12,0.0,7896.0,Heilongjiang,Haerbin,Daowai,Heilongjiang-Haerbin
268509,南棵绿荫小区(二期),哈尔滨,道外,哈东站,2006,多层,南棵二道街160号,126.6988943,45.78476886,1.0,70.0,,3086,公寓住宅,民用,8.2,12,0.12,7461.0,Heilongjiang,Haerbin,Daowai,Heilongjiang-Haerbin
268510,地铁家园东区,哈尔滨,道外,哈东站,2012,高层|超高层,道口三道街,126.7138835,45.78838468,1.0,37.0,,3732,公寓住宅,民用,7.6,12,1.3,5712.0,Heilongjiang,Haerbin,Daowai,Heilongjiang-Haerbin
268511,南棵绿荫小区理想苑,哈尔滨,道外,哈东站,2006,多层,南棵二道街88号,126.6997295,45.78171245,1.0,35.0,,1539,公寓住宅,民用,8.0,12,0.28,8615.0,Heilongjiang,Haerbin,Daowai,Heilongjiang-Haerbin
268512,南棵绿荫小区同心苑,哈尔滨,道外,哈东站,2006,多层,南棵二道街163号,126.7023305,45.78460845,1.0,30.0,,803,公寓住宅,民用,7.9,12,0.0,7225.0,Heilongjiang,Haerbin,Daowai,Heilongjiang-Haerbin
268513,泰富长安城(三期),哈尔滨,道外,哈东站,2012,高层,"南直路,近先锋路",126.700504,45.77034259,1.0,35.0,,1111,公寓住宅,民用,8.1,12,3.25,7728.0,Heilongjiang,Haerbin,Daowai,Heilongjiang-Haerbin
268507,钟楼小区,哈尔滨,道外,太平大街,1990,小高层,"太平南四道街,近东直路",126.6775586,45.78502245,1.0,20.0,,0,公寓住宅,民用,7.7,12,0.0,7076.0,Heilongjiang,Haerbin,Daowai,Heilongjiang-Haerbin
268743,三机小区(西区),哈尔滨,道外,三棵树,1999,小高层,"三机街,近三机路",126.7005495,45.79157379,1.0,35.0,,378,公寓住宅,民用,7.7,12,0.0,7499.0,Heilongjiang,Haerbin,Daowai,Heilongjiang-Haerbin
268317,绿色家园(道外),哈尔滨,道外,太平桥,2002,小高层,太平大街230号,126.6805444,45.78701995,1.0,30.0,,989,公寓住宅,民用,8.3,12,0.0,9694.0,Heilongjiang,Haerbin,Daowai,Heilongjiang-Haerbin
268315,如意雅居,哈尔滨,道外,太平桥,2006,多层,太平大街259号,126.6847666,45.78895928,1.0,25.0,,323,公寓住宅,民用,8.0,12,0.0,10000.0,Heilongjiang,Haerbin,Daowai,Heilongjiang-Haerbin
268640,德胜街28号小区,哈尔滨,道外,滨江,2002,小高层,德胜街28号,126.6443274,45.77487643,1.0,30.0,,688,公寓住宅,民用,8.0,12,0.0,6557.0,Heilongjiang,Haerbin,Daowai,Heilongjiang-Haerbin
268641,陶瓷小区(B区),哈尔滨,道外,滨江,2011,高层,红旗大街1102号,126.6709121,45.79244133,1.0,20.0,,696,公寓住宅,民用,7.9,12,-0.28,8491.0,Heilongjiang,Haerbin,Daowai,Heilongjiang-Haerbin
268642,东南阳巷小区,哈尔滨,道外,滨江,2005,小高层,东南阳巷25号,126.6462119,45.77548792,1.0,30.0,,196,公寓住宅,民用,8.3,12,0.94,8424.0,Heilongjiang,Haerbin,Daowai,Heilongjiang-Haerbin
268643,南八道街70号小区,哈尔滨,道外,滨江,1991,小高层,南八道街70号,126.6422825,45.78235314,1.0,20.0,,192,公寓住宅,民用,7.8,12,0.0,8416.0,Heilongjiang,Haerbin,Daowai,Heilongjiang-Haerbin
268644,皇家花园,哈尔滨,道外,滨江,2002,小高层,南二十道街19号,126.6584504,45.78719987,1.0,35.0,,2402,公寓住宅,民用,8.1,12,-0.98,6797.0,Heilongjiang,Haerbin,Daowai,Heilongjiang-Haerbin
268645,"南和街小区(南和街68号,72号)",哈尔滨,道外,滨江,2016,小高层,"南和街68号,72号",126.6368875,45.77255346,1.0,30.0,,288,公寓住宅,民用,8.1,12,0.0,8035.0,Heilongjiang,Haerbin,Daowai,Heilongjiang-Haerbin
268646,北十二道街185号小区,哈尔滨,道外,滨江,2017,小高层,北十二道街185号,126.6410527,45.79016522,1.0,30.0,,339,公寓住宅,民用,7.9,12,0.0,8357.0,Heilongjiang,Haerbin,Daowai,Heilongjiang-Haerbin
268647,南极街小区(南极街6号-26号(双号)),哈尔滨,道外,滨江,1991,小高层,南极街6号-26号(双号),126.6458204,45.77213039,1.0,20.0,,573,公寓住宅,民用,8.1,12,0.0,7648.0,Heilongjiang,Haerbin,Daowai,Heilongjiang-Haerbin
268648,同记小区,哈尔滨,道外,滨江,2000,多层,南五道街110号,126.6383194,45.78092863,1.0,20.0,,823,公寓住宅,民用,7.8,12,0.0,6978.0,Heilongjiang,Haerbin,Daowai,Heilongjiang-Haerbin
268650,"大水晶街小区(大水晶街28号-36号(双号),30-1号)",哈尔滨,道外,滨江,2000,小高层,"大水晶街28号-36号(双号),30-1号",126.6435328,45.77425951,1.0,20.0,,624,公寓住宅,民用,8.5,12,0.14,7181.0,Heilongjiang,Haerbin,Daowai,Heilongjiang-Haerbin
268651,保障街小区(保障街102号-110号(双号)),哈尔滨,道外,滨江,2020,小高层,保障街102号-110号(双号),126.6482458,45.7759174,1.0,30.0,,194,公寓住宅,民用,8.2,12,0.0,8335.0,Heilongjiang,Haerbin,Daowai,Heilongjiang-Haerbin
268652,"太莱街小区(太莱街8号,德胜街35号)",哈尔滨,道外,滨江,1995,小高层,"太莱街8号,德胜街35号",126.6441553,45.77593173,1.0,20.0,,282,公寓住宅,民用,7.7,12,0.0,7428.0,Heilongjiang,Haerbin,Daowai,Heilongjiang-Haerbin
268653,长春街22号小区,哈尔滨,道外,滨江,2012,小高层,长春街22号,126.6436586,45.79061467,1.0,30.0,,168,公寓住宅,民用,7.8,12,0.0,9343.0,Heilongjiang,Haerbin,Daowai,Heilongjiang-Haerbin
268654,东南阳巷13号小区,哈尔滨,道外,滨江,1990,小高层,东南阳巷13号,126.6458288,45.77520736,1.0,20.0,,133,公寓住宅,民用,8.4,12,0.0,8750.0,Heilongjiang,Haerbin,Daowai,Heilongjiang-Haerbin
268655,"南和街小区(南和街67号,69号,69-1号,南平街42-1号,42-2号)",哈尔滨,道外,滨江,1996,小高层,"南和街67号,69号,69-1号,南平街42-1号,42-2号",126.6375878,45.772379,1.0,20.0,,595,公寓住宅,民用,7.9,12,0.0,6640.0,Heilongjiang,Haerbin,Daowai,Heilongjiang-Haerbin
268656,升平街1号小区,哈尔滨,道外,滨江,1991,小高层,升平街1号,126.6349205,45.78467315,1.0,20.0,,290,公寓住宅,民用,8.2,12,0.0,8282.0,Heilongjiang,Haerbin,Daowai,Heilongjiang-Haerbin
268657,"长春街小区(长春街266号,北五道街84号)",哈尔滨,道外,滨江,2012,小高层,"长春街266号,北五道街84号",126.6335656,45.78536833,1.0,30.0,,383,公寓住宅,民用,7.7,12,1.1,7175.0,Heilongjiang,Haerbin,Daowai,Heilongjiang-Haerbin
268671,保障华庭(南区),哈尔滨,道外,滨江,2004,多层|高层,滨江街19-21号,126.6509435,45.77676995,1.0,35.0,,734,公寓住宅,民用,8.5,12,2.31,9336.0,Heilongjiang,Haerbin,Daowai,Heilongjiang-Haerbin
268670,长兴街2号小区,哈尔滨,道外,滨江,1991,小高层,长兴街2号,126.6393172,45.78701636,1.0,20.0,,543,公寓住宅,民用,7.8,12,0.0,8295.0,Heilongjiang,Haerbin,Daowai,Heilongjiang-Haerbin
268669,"北头道街小区(北头道街107号,109号)",哈尔滨,道外,滨江,1991,小高层,"北头道街107号,109号",126.6300125,45.78453974,1.0,20.0,,181,公寓住宅,民用,7.7,12,0.0,9068.0,Heilongjiang,Haerbin,Daowai,Heilongjiang-Haerbin
268668,景阳街113-129号小区,哈尔滨,道外,滨江,1991,小高层,"景阳街113号,129号",126.6362365,45.77212593,1.0,20.0,,370,公寓住宅,民用,8.0,12,0.0,7666.0,Heilongjiang,Haerbin,Daowai,Heilongjiang-Haerbin
268667,"东北新街小区(东北新街107号,129号,129-1号,129-2号,129-3号,131号)",哈尔滨,道外,滨江,2000,小高层,"东北新街129号,129-1号,129-2号,129-3号,131号",126.6571748,45.79286785,1.0,30.0,,312,公寓住宅,民用,7.6,12,0.0,8590.0,Heilongjiang,Haerbin,Daowai,Heilongjiang-Haerbin
268666,长春街320号小区,哈尔滨,道外,滨江,2012,小高层,长春街320号,126.632197,45.78462641,1.0,30.0,,347,公寓住宅,民用,7.7,12,0.0,7840.0,Heilongjiang,Haerbin,Daowai,Heilongjiang-Haerbin
268639,滨港水岸(A区),哈尔滨,道外,滨江,2012,高层,太平北四道街1126号,126.6708907,45.79372141,1.0,30.0,,408,公寓住宅,民用,7.7,12,0.0,8213.0,Heilongjiang,Haerbin,Daowai,Heilongjiang-Haerbin
268665,八区四巷11号小区,哈尔滨,道外,滨江,1999,小高层,八区四巷11号,126.6360692,45.76859441,1.0,20.0,,408,公寓住宅,民用,8.0,12,0.0,7666.0,Heilongjiang,Haerbin,Daowai,Heilongjiang-Haerbin
268663,北十四道街小区(北十四道街40号-52号(双号)),哈尔滨,道外,滨江,2021,小高层,北十四道街40号-52号(双号),126.6450978,45.78747608,1.0,30.0,,293,公寓住宅,民用,8.2,12,0.0,10224.0,Heilongjiang,Haerbin,Daowai,Heilongjiang-Haerbin
268662,小保定街18号小区,哈尔滨,道外,滨江,2000,小高层,小保定街18号,126.6461098,45.77581951,1.0,30.0,,152,公寓住宅,民用,7.9,12,0.0,8966.0,Heilongjiang,Haerbin,Daowai,Heilongjiang-Haerbin
268661,"南康街小区(南康街5号,9号)",哈尔滨,道外,滨江,1989,小高层,"南康街5号,9号",126.6407029,45.77303683,1.0,20.0,,228,公寓住宅,民用,7.9,12,0.0,9733.0,Heilongjiang,Haerbin,Daowai,Heilongjiang-Haerbin
268660,"南十五道街小区(南十五道街208号,仁里街197号)",哈尔滨,道外,滨江,2019,小高层,"南十五道街208号,仁里街197号",126.6482953,45.78549364,1.0,30.0,,339,公寓住宅,民用,8.5,12,0.0,8314.0,Heilongjiang,Haerbin,Daowai,Heilongjiang-Haerbin
268659,景阳街179号小区,哈尔滨,道外,滨江,1991,小高层,景阳街179号,126.6343358,45.77521322,1.0,20.0,,178,公寓住宅,民用,7.8,12,0.0,7575.0,Heilongjiang,Haerbin,Daowai,Heilongjiang-Haerbin
268658,"中和胡同2号,中和胡同8号楼",哈尔滨,道外,滨江,2002,小高层,"中和胡同2号,中和胡同8号",126.6511353,45.79343133,1.0,30.0,,336,公寓住宅,民用,7.3,12,0.0,7821.0,Heilongjiang,Haerbin,Daowai,Heilongjiang-Haerbin
268664,"保障街小区(南街街63号,保障街142号)",哈尔滨,道外,滨江,2020,小高层,"南街街63号,保障街142号",126.6443817,45.77327486,1.0,30.0,,416,公寓住宅,民用,8.7,12,0.0,8606.0,Heilongjiang,Haerbin,Daowai,Heilongjiang-Haerbin
268672,滨江街79-1号小区,哈尔滨,道外,滨江,2008,小高层,滨江街79-1号,126.6480341,45.77369013,1.0,30.0,,0,公寓住宅,民用,8.3,12,0.0,7200.0,Heilongjiang,Haerbin,Daowai,Heilongjiang-Haerbin
268638,好民居滨江新城(G区),哈尔滨,道外,滨江,2011,高层|超高层,太古街2号,126.6610263,45.78396576,1.0,30.28,,1104,公寓住宅,民用,7.9,12,0.55,9176.0,Heilongjiang,Haerbin,Daowai,Heilongjiang-Haerbin
268636,迎新二道街3-1号小区,哈尔滨,道外,港务局,1989,小高层,迎新二道街3-1号,126.6661127,45.79177117,1.0,20.0,,209,公寓住宅,民用,7.1,12,0.0,6315.0,Heilongjiang,Haerbin,Daowai,Heilongjiang-Haerbin
268165,馨美家园,哈尔滨,道外,南直路,2006,多层,宏图街161号,126.6928787,45.77998194,1.0,35.0,,741,公寓住宅,民用,8.1,12,-3.3,8910.0,Heilongjiang,Haerbin,Daowai,Heilongjiang-Haerbin
268164,康复小区,哈尔滨,道外,南直路,1993,多层|小高层,卫星路5号,126.6955568,45.76893186,1.0,20.0,,929,公寓住宅,民用,8.0,12,0.0,7983.0,Heilongjiang,Haerbin,Daowai,Heilongjiang-Haerbin
268163,体育小区,哈尔滨,道外,南直路,2009,小高层,南直路524号,126.6950823,45.78544641,1.0,38.0,,673,公寓住宅,民用,8.4,12,0.0,7733.0,Heilongjiang,Haerbin,Daowai,Heilongjiang-Haerbin
268162,建兴小区,哈尔滨,道外,南直路,1999,多层,南直路695号,126.6971371,45.78435092,1.0,35.0,,427,公寓住宅,民用,8.1,12,-0.89,7233.0,Heilongjiang,Haerbin,Daowai,Heilongjiang-Haerbin
268161,大有坊小区,哈尔滨,道外,南直路,2004,多层|高层,南直路505-3号,126.6990491,45.77552177,,40.0,,469,公寓住宅,民用,8.1,12,0.0,8648.0,Heilongjiang,Haerbin,Daowai,Heilongjiang-Haerbin
268160,市二院家属楼,哈尔滨,道外,南直路,1995,多层|小高层,大有坊街,126.6884145,45.77381359,1.0,20.0,,252,公寓住宅,民用,8.3,12,0.0,10406.0,Heilongjiang,Haerbin,Daowai,Heilongjiang-Haerbin
268159,一机路小区(一机路174号-194号(双号)),哈尔滨,道外,南直路,2002,小高层,一机路174号-194号(双号),126.6978128,45.77844717,1.0,30.0,,0,公寓住宅,民用,7.9,12,0.0,7587.0,Heilongjiang,Haerbin,Daowai,Heilongjiang-Haerbin
268158,松电小区(北区),哈尔滨,道外,南直路,2000,多层,宏伟路61号,126.6902399,45.78471305,1.0,39.0,,987,公寓住宅,民用,8.4,12,-0.33,7345.0,Heilongjiang,Haerbin,Daowai,Heilongjiang-Haerbin
268157,昆仑小区,哈尔滨,道外,南直路,2006,小高层,南直路384号,126.697237,45.77389056,1.0,30.0,,1001,公寓住宅,民用,8.0,12,-0.1,7620.0,Heilongjiang,Haerbin,Daowai,Heilongjiang-Haerbin
268156,宇轩花园(二期),哈尔滨,道外,南直路,2002,多层,宏伟路166号,126.6917808,45.77022944,1.0,40.0,,640,公寓住宅,民用,8.3,12,0.0,10000.0,Heilongjiang,Haerbin,Daowai,Heilongjiang-Haerbin
268155,宏图小区,哈尔滨,道外,南直路,1998,小高层,南直路583号,126.6983459,45.77933662,1.0,20.0,,1112,公寓住宅,民用,8.2,12,0.0,9042.0,Heilongjiang,Haerbin,Daowai,Heilongjiang-Haerbin
268154,校园小区,哈尔滨,道外,南直路,2000,小高层,南直路518号,126.6947387,45.78319205,1.0,20.0,,3253,公寓住宅,民用,8.0,12,-0.6,8579.0,Heilongjiang,Haerbin,Daowai,Heilongjiang-Haerbin
268153,和平小区(道外),哈尔滨,道外,南直路,1998,多层,南直路317号,126.7044841,45.76372096,1.0,40.0,,6261,公寓住宅,民用,7.9,12,-1.97,7943.0,Heilongjiang,Haerbin,Daowai,Heilongjiang-Haerbin
268618,东都公元,哈尔滨,道外,道外周边,2016,多层|高层,天恒大街179号,126.7720643,45.78755872,1.0,30.0,2000000.0,4945,公寓住宅,民用,7.1,12,0.0,6935.0,Heilongjiang,Haerbin,Daowai,Heilongjiang-Haerbin
268620,滨港水岸怡江湾,哈尔滨,道外,港务局,2015,高层,通港街17号,126.6768057,45.7982783,1.0,20.0,177872.0,3852,公寓住宅,民用,7.7,12,-0.35,8997.0,Heilongjiang,Haerbin,Daowai,Heilongjiang-Haerbin
268621,陶瓷小区(D区),哈尔滨,道外,港务局,2011,高层,东北新街1号,126.6762236,45.79475941,1.0,48.91,,4600,公寓住宅,民用,7.7,12,-0.15,8557.0,Heilongjiang,Haerbin,Daowai,Heilongjiang-Haerbin
268635,南直桥2号楼,哈尔滨,道外,港务局,1999,多层,南直路,126.6943858,45.79153786,1.0,20.0,,232,公寓住宅,民用,7.3,12,0.0,6833.0,Heilongjiang,Haerbin,Daowai,Heilongjiang-Haerbin
268634,哈港职工住宅,哈尔滨,道外,港务局,2000,小高层,东北新街58号,126.6676689,45.79543087,1.0,30.0,,456,公寓住宅,民用,7.3,12,0.0,7816.0,Heilongjiang,Haerbin,Daowai,Heilongjiang-Haerbin
268632,三机小区(东区),哈尔滨,道外,港务局,1999,小高层,三机街,126.7021855,45.79190208,1.0,35.0,,748,公寓住宅,民用,7.9,12,0.0,7739.0,Heilongjiang,Haerbin,Daowai,Heilongjiang-Haerbin
268631,黑工程家属楼,哈尔滨,道外,港务局,1995,多层,"尚行路,近志远路",126.6823538,45.78374483,1.0,20.0,,623,公寓住宅,民用,8.2,12,0.0,8542.0,Heilongjiang,Haerbin,Daowai,Heilongjiang-Haerbin
268630,三机街小区(三机街14号-30号(双号)),哈尔滨,道外,港务局,1999,多层,三机街14号-30号(双号),126.6994386,45.79319808,1.0,20.0,,361,公寓住宅,民用,7.3,12,0.0,7377.0,Heilongjiang,Haerbin,Daowai,Heilongjiang-Haerbin
268637,东升江郡,哈尔滨,道外,滨江,2015,高层,东北新街60号,126.6677459,45.79645444,1.0,30.0,,1574,公寓住宅,民用,7.8,12,-0.56,11181.0,Heilongjiang,Haerbin,Daowai,Heilongjiang-Haerbin
268629,陶瓷小区(E区),哈尔滨,道外,港务局,2011,高层,迎新街156号,126.6784973,45.79669171,1.0,34.33,,1509,公寓住宅,民用,7.8,12,-0.07,8932.0,Heilongjiang,Haerbin,Daowai,Heilongjiang-Haerbin
268627,祥泰名苑(北区),哈尔滨,道外,港务局,2007,多层|小高层,三棵头道街69号,126.695917,45.79307898,1.0,35.0,,863,公寓住宅,民用,8.0,12,0.0,7971.0,Heilongjiang,Haerbin,Daowai,Heilongjiang-Haerbin
268626,陶瓷小区(F区),哈尔滨,道外,港务局,2011,高层,通港街31号,126.6782376,45.7950763,1.0,35.2,,2540,公寓住宅,民用,7.7,12,-0.04,9085.0,Heilongjiang,Haerbin,Daowai,Heilongjiang-Haerbin
268625,陶瓷小区(C区),哈尔滨,道外,港务局,2011,高层,迎新街132-10号,126.6748177,45.79535562,1.0,20.0,,2306,公寓住宅,民用,7.6,12,0.11,8727.0,Heilongjiang,Haerbin,Daowai,Heilongjiang-Haerbin
268624,沃华水岸(西区),哈尔滨,道外,港务局,2009,多层,太平大街63号,126.6736704,45.78583117,1.0,31.5,,1123,公寓住宅,民用,8.2,12,0.07,9139.0,Heilongjiang,Haerbin,Daowai,Heilongjiang-Haerbin
268623,江尚逸品,哈尔滨,道外,港务局,2010,多层|高层,迎新街8号,126.668811,45.79336376,1.0,30.0,,656,公寓住宅,民用,8.0,12,-0.81,8753.0,Heilongjiang,Haerbin,Daowai,Heilongjiang-Haerbin
268622,东直家园,哈尔滨,道外,港务局,2018,小高层,"南直路,近滨北线",126.6903211,45.7938116,1.0,30.0,,2945,公寓住宅,民用,7.8,12,0.0,8732.0,Heilongjiang,Haerbin,Daowai,Heilongjiang-Haerbin
268628,北树小区,哈尔滨,道外,港务局,2007,小高层,三棵树大街95号,126.6972285,45.79359067,1.0,33.3,,441,公寓住宅,民用,8.0,12,0.0,8845.0,Heilongjiang,Haerbin,Daowai,Heilongjiang-Haerbin
268673,"承德街小区(承德街149号,163号,保障街189号)",哈尔滨,道外,滨江,1995,小高层,"承德街149号,163号,保障街189号",126.6424401,45.77330798,1.0,20.0,,387,公寓住宅,民用,7.9,12,0.06,8433.0,Heilongjiang,Haerbin,Daowai,Heilongjiang-Haerbin
268675,"草市街小区(草市街64号,承德街221号)",哈尔滨,道外,滨江,2011,小高层,"草市街64号,承德街221号",126.6403306,45.77431843,1.0,30.0,,168,公寓住宅,民用,7.9,12,0.0,8333.0,Heilongjiang,Haerbin,Daowai,Heilongjiang-Haerbin
268676,小维新街6号小区,哈尔滨,道外,滨江,2002,小高层,小维新街6号,126.6427425,45.77752448,1.0,30.0,,194,公寓住宅,民用,7.8,12,0.0,7969.0,Heilongjiang,Haerbin,Daowai,Heilongjiang-Haerbin
268713,祥泰名苑(南区),哈尔滨,道外,三棵树,2007,多层|小高层,三棵树大街35号,126.6983252,45.79259812,1.0,30.0,,903,公寓住宅,民用,8.0,12,0.0,6152.0,Heilongjiang,Haerbin,Daowai,Heilongjiang-Haerbin
268714,红城小区,哈尔滨,道外,三棵树,2005,多层|高层,东棵北四道街39号,126.7187875,45.77144138,1.0,35.0,,1722,公寓住宅,民用,7.5,12,0.0,6179.0,Heilongjiang,Haerbin,Daowai,Heilongjiang-Haerbin
268715,桦树家园,哈尔滨,道外,三棵树,2003,多层,南直路759号,126.6964723,45.78715412,1.0,20.0,,573,公寓住宅,民用,8.2,12,0.0,8481.0,Heilongjiang,Haerbin,Daowai,Heilongjiang-Haerbin
268716,祥泰名苑(北区),哈尔滨,道外,三棵树,2007,多层|小高层,三棵头道街69号,126.695917,45.79307898,1.0,35.0,,863,公寓住宅,民用,8.0,12,0.0,7971.0,Heilongjiang,Haerbin,Daowai,Heilongjiang-Haerbin
268717,泰达小区,哈尔滨,道外,三棵树,2000,小高层,东直路319号,126.6869767,45.78846565,1.0,32.0,,652,公寓住宅,民用,8.4,12,0.0,8892.0,Heilongjiang,Haerbin,Daowai,Heilongjiang-Haerbin
268718,天恒小区,哈尔滨,道外,三棵树,1998,小高层,南直路875号,126.6941318,45.79253415,1.0,39.0,,1099,公寓住宅,民用,7.8,12,0.0,10327.0,Heilongjiang,Haerbin,Daowai,Heilongjiang-Haerbin
268719,北棵小区(西区),哈尔滨,道外,三棵树,2001,多层,北棵头道街14号,126.7009061,45.78966764,1.0,30.0,,825,公寓住宅,民用,7.9,12,0.19,8555.0,Heilongjiang,Haerbin,Daowai,Heilongjiang-Haerbin
268720,新江桥小区,哈尔滨,道外,三棵树,1995,多层|高层,"太平大街,近江桥街",126.6899412,45.78988145,1.0,23.0,,970,公寓住宅,民用,7.8,12,0.0,9023.0,Heilongjiang,Haerbin,Daowai,Heilongjiang-Haerbin
268721,南直小区(道外),哈尔滨,道外,三棵树,2000,多层|高层,北树六道街,126.6891552,45.7964422,1.0,20.0,,968,公寓住宅,民用,7.6,12,0.0,6170.0,Heilongjiang,Haerbin,Daowai,Heilongjiang-Haerbin
268152,宇轩花园(一期),哈尔滨,道外,南直路,2001,多层,宏伟路168-2号,126.6948619,45.76770527,1.0,31.52,,2077,公寓住宅,民用,8.1,12,0.56,8604.0,Heilongjiang,Haerbin,Daowai,Heilongjiang-Haerbin
268722,太平小区(三期),哈尔滨,道外,三棵树,1998,小高层,太平大街206号,126.6803226,45.78586896,1.0,30.0,,1146,公寓住宅,民用,8.6,12,0.0,8885.0,Heilongjiang,Haerbin,Daowai,Heilongjiang-Haerbin
268723,南棵头道街77号小区,哈尔滨,道外,三棵树,2015,小高层,南棵头道街77号,126.7011863,45.78605557,1.0,30.0,,923,公寓住宅,民用,7.7,12,0.0,7093.0,Heilongjiang,Haerbin,Daowai,Heilongjiang-Haerbin
268724,桦树街小区(桦树街22号-44号(双号)),哈尔滨,道外,三棵树,1991,高层,桦树街22号-44号(双号),126.7000531,45.78674453,1.0,20.0,,174,公寓住宅,民用,7.6,12,0.0,9700.0,Heilongjiang,Haerbin,Daowai,Heilongjiang-Haerbin
268725,南棵二道街121号小区,哈尔滨,道外,三棵树,2007,小高层,南棵二道街121号,126.6999664,45.78461908,1.0,30.0,,105,公寓住宅,民用,8.0,12,0.0,9697.0,Heilongjiang,Haerbin,Daowai,Heilongjiang-Haerbin
268151,药六嘉园,哈尔滨,道外,南直路,2006,多层,宏伟路126号,126.6895294,45.77603,1.0,30.0,,1704,公寓住宅,民用,8.1,12,-1.94,9284.0,Heilongjiang,Haerbin,Daowai,Heilongjiang-Haerbin
268726,糖酒小区,哈尔滨,道外,三棵树,1992,多层,南工业二道街40号,126.6920139,45.78707167,1.0,20.0,,216,公寓住宅,民用,7.7,12,0.0,6603.0,Heilongjiang,Haerbin,Daowai,Heilongjiang-Haerbin
268727,建伟小区,哈尔滨,道外,三棵树,1996,小高层,"太平南二道街,近东直路",126.6827003,45.78645227,1.0,20.0,,589,公寓住宅,民用,8.3,12,0.0,8528.0,Heilongjiang,Haerbin,Daowai,Heilongjiang-Haerbin
268741,福政庭院,哈尔滨,道外,三棵树,2001,多层|高层,东北新街34号,126.6687042,45.79571981,1.0,30.0,,354,公寓住宅,民用,7.5,12,0.0,8481.0,Heilongjiang,Haerbin,Daowai,Heilongjiang-Haerbin
268740,卫星住宅小区,哈尔滨,道外,三棵树,2009,小高层,南直路560号,126.6941999,45.78792819,1.0,30.0,,77,公寓住宅,民用,7.5,12,0.0,8888.0,Heilongjiang,Haerbin,Daowai,Heilongjiang-Haerbin
268739,三棵头道街小区(三棵头道街42号-46号(双号)),哈尔滨,道外,三棵树,2016,小高层,三棵头道街42号-46号(双号),126.6948419,45.79239894,1.0,30.0,,66,公寓住宅,民用,7.6,12,0.0,8542.0,Heilongjiang,Haerbin,Daowai,Heilongjiang-Haerbin
268738,北树嘉园,哈尔滨,道外,三棵树,2000,小高层,三机街,126.6998754,45.79471833,1.0,30.0,,1236,公寓住宅,民用,7.7,12,0.0,6900.0,Heilongjiang,Haerbin,Daowai,Heilongjiang-Haerbin
268737,三棵大街32号小区,哈尔滨,道外,三棵树,2000,多层,三机街,126.7024067,45.78603637,,30.0,,48,公寓住宅,民用,7.3,12,0.0,8724.0,Heilongjiang,Haerbin,Daowai,Heilongjiang-Haerbin
268736,桦树街10号小区,哈尔滨,道外,三棵树,1997,多层,桦树街10号,126.7019193,45.78673812,,20.0,,56,公寓住宅,民用,7.3,12,0.0,4685.0,Heilongjiang,Haerbin,Daowai,Heilongjiang-Haerbin
268712,绿化小区,哈尔滨,道外,三棵树,2007,多层|小高层,太平大街280号,126.6832045,45.78736425,1.0,20.0,,522,公寓住宅,民用,8.3,12,0.0,8274.0,Heilongjiang,Haerbin,Daowai,Heilongjiang-Haerbin
268733,汇龙玖和琚,哈尔滨,道外,三棵树,2021,高层,南直路873-8号,126.6920199,45.79172031,,25.0,,683,公寓住宅,民用,7.8,12,0.0,9090.0,Heilongjiang,Haerbin,Daowai,Heilongjiang-Haerbin
268732,"桦树街小区(桦树街20号,南棵街56号)",哈尔滨,道外,三棵树,1991,小高层,"桦树街20号,南棵街56号",126.7014303,45.78667761,1.0,20.0,,608,公寓住宅,民用,7.5,12,0.0,8734.0,Heilongjiang,Haerbin,Daowai,Heilongjiang-Haerbin
268731,桦树小区(二期),哈尔滨,道外,三棵树,1998,高层,"桦树街,近宏伟路",126.6903733,45.78718768,1.0,20.0,,3978,公寓住宅,民用,7.3,12,0.0,8043.0,Heilongjiang,Haerbin,Daowai,Heilongjiang-Haerbin
268730,三棵小区,哈尔滨,道外,三棵树,2008,小高层,新江桥街79号,126.6890902,45.79226292,1.0,36.0,,3312,公寓住宅,民用,7.7,12,0.0,7455.0,Heilongjiang,Haerbin,Daowai,Heilongjiang-Haerbin
268729,春江小区,哈尔滨,道外,三棵树,2007,多层|小高层,南直路,126.6952223,45.7943831,1.0,20.0,,414,公寓住宅,民用,7.8,12,0.0,9496.0,Heilongjiang,Haerbin,Daowai,Heilongjiang-Haerbin
268728,桦树小区(A区),哈尔滨,道外,三棵树,1997,多层|小高层,火车头街51号,126.7014621,45.78780987,1.0,45.0,,774,公寓住宅,民用,7.9,12,0.0,10086.0,Heilongjiang,Haerbin,Daowai,Heilongjiang-Haerbin
268711,南棵小区,哈尔滨,道外,三棵树,1996,多层|高层,四海路10号,126.7014408,45.7808908,1.0,20.0,,637,公寓住宅,民用,7.8,12,0.0,7962.0,Heilongjiang,Haerbin,Daowai,Heilongjiang-Haerbin
268710,宏伟华轩,哈尔滨,道外,三棵树,2002,高层,卫星路99号,126.6926891,45.7679285,1.0,28.0,,391,公寓住宅,民用,8.2,12,0.0,11600.0,Heilongjiang,Haerbin,Daowai,Heilongjiang-Haerbin
268709,水利小区(道外),哈尔滨,道外,三棵树,1997,多层,南直路789号,126.6964462,45.78860716,1.0,35.24,,1488,公寓住宅,民用,8.0,12,-0.86,8548.0,Heilongjiang,Haerbin,Daowai,Heilongjiang-Haerbin
268690,"景阳街小区(景阳街209号,南勋街461号)",哈尔滨,道外,滨江,2006,小高层,"景阳街209号,南勋街461号",126.6328804,45.77775847,1.0,30.0,,200,公寓住宅,民用,7.8,12,0.0,8787.0,Heilongjiang,Haerbin,Daowai,Heilongjiang-Haerbin
268689,春和巷,哈尔滨,道外,滨江,2011,小高层,春和巷1号,126.6506828,45.79300053,1.0,30.0,,288,公寓住宅,民用,7.4,12,0.0,7777.0,Heilongjiang,Haerbin,Daowai,Heilongjiang-Haerbin
268688,大水晶街27号小区,哈尔滨,道外,滨江,1991,小高层,大水晶街27号,126.6444185,45.77445688,1.0,20.0,,270,公寓住宅,民用,8.8,12,0.0,7666.0,Heilongjiang,Haerbin,Daowai,Heilongjiang-Haerbin
268687,大保定街14号小区,哈尔滨,道外,滨江,2002,小高层,大保定街14号,126.6495583,45.77529336,1.0,30.0,,109,公寓住宅,民用,7.8,12,0.0,8529.0,Heilongjiang,Haerbin,Daowai,Heilongjiang-Haerbin
268686,南十五道街135号小区,哈尔滨,道外,滨江,2019,小高层,南十五道街135号,126.650315,45.78374542,1.0,30.0,,216,公寓住宅,民用,7.8,12,0.0,7610.0,Heilongjiang,Haerbin,Daowai,Heilongjiang-Haerbin
268685,迎新二道街3号小区,哈尔滨,道外,滨江,2002,小高层,迎新二道街3号,126.6663618,45.79134845,1.0,30.0,,173,公寓住宅,民用,7.6,12,0.0,6214.0,Heilongjiang,Haerbin,Daowai,Heilongjiang-Haerbin
268691,东内史胡同小区(东内史胡同8号-14号(双号)),哈尔滨,道外,滨江,1991,小高层,东内史胡同8号-14号(双号),126.6334771,45.77392679,1.0,20.0,,115,公寓住宅,民用,7.9,12,0.0,7222.0,Heilongjiang,Haerbin,Daowai,Heilongjiang-Haerbin
268684,"草市街小区(草市街27号,德胜街154号)",哈尔滨,道外,滨江,2011,小高层,"草市街27号,德胜街154号",126.64075,45.77613828,1.0,30.0,,321,公寓住宅,民用,7.8,12,0.0,7577.0,Heilongjiang,Haerbin,Daowai,Heilongjiang-Haerbin
268682,道外十六街区,哈尔滨,道外,滨江,2000,小高层,宁安街14号,126.6402939,45.78684182,1.0,30.0,,30,公寓住宅,民用,7.4,12,0.0,8100.0,Heilongjiang,Haerbin,Daowai,Heilongjiang-Haerbin
268681,"小水晶街小区(小水晶街36号-42号(双号),承德街279号)",哈尔滨,道外,滨江,1993,小高层,"小水晶街36号-42号(双号),承德街279号",126.6375239,45.77562513,1.0,20.0,,201,公寓住宅,民用,7.7,12,0.0,8700.0,Heilongjiang,Haerbin,Daowai,Heilongjiang-Haerbin
268680,北十五道街234号小区,哈尔滨,道外,滨江,2000,小高层,北十五道街234号,126.6463556,45.78878306,1.0,30.0,,66,公寓住宅,民用,7.8,12,0.0,7600.0,Heilongjiang,Haerbin,Daowai,Heilongjiang-Haerbin
268679,南二道街38号小区,哈尔滨,道外,滨江,2003,多层,南二道街38号,126.6351364,45.78047383,1.0,30.0,,56,公寓住宅,民用,7.7,12,0.0,8000.0,Heilongjiang,Haerbin,Daowai,Heilongjiang-Haerbin
268678,"北十二道街小区(北十二道街93号,131号,152号)",哈尔滨,道外,滨江,2017,小高层,"北十二道街93号,131号,152号",126.6427374,45.78885244,1.0,30.0,,481,公寓住宅,民用,7.6,12,0.0,8484.0,Heilongjiang,Haerbin,Daowai,Heilongjiang-Haerbin
268677,"承德街小区(承德街60号,66号)",哈尔滨,道外,滨江,1995,小高层,"承德街60号,66号",126.6414637,45.77320113,1.0,20.0,,136,公寓住宅,民用,8.2,12,0.0,8586.0,Heilongjiang,Haerbin,Daowai,Heilongjiang-Haerbin
268683,长春街七街区,哈尔滨,道外,滨江,2012,小高层,长春街342号,126.6316001,45.78437318,1.0,30.0,,0,公寓住宅,民用,6.7,12,0.0,8100.0,Heilongjiang,Haerbin,Daowai,Heilongjiang-Haerbin
268692,振国2号楼,哈尔滨,道外,滨江,1995,小高层,长春街55号,126.6391466,45.78862922,1.0,20.0,,30,公寓住宅,民用,7.5,12,0.0,8100.0,Heilongjiang,Haerbin,Daowai,Heilongjiang-Haerbin
268694,"西开原二道街小区(西开原二道街63号,63-1号,63-2号,95号,95-1号)",哈尔滨,道外,滨江,1991,小高层,"西开原二道街63号,63-1号,63-2号,95号,95-1号",126.6275954,45.77074164,1.0,20.0,,336,公寓住宅,民用,7.9,12,0.0,8469.0,Heilongjiang,Haerbin,Daowai,Heilongjiang-Haerbin
268708,平湖小区,哈尔滨,道外,三棵树,1994,多层,平湖街17号,126.6882125,45.7908667,1.0,38.0,,1080,公寓住宅,民用,7.9,12,0.0,6714.0,Heilongjiang,Haerbin,Daowai,Heilongjiang-Haerbin
268707,地铁家园西区,哈尔滨,道外,三棵树,2012,多层|高层,道口头道街,126.7102598,45.78847408,1.0,44.0,,1220,公寓住宅,民用,7.9,12,0.17,7206.0,Heilongjiang,Haerbin,Daowai,Heilongjiang-Haerbin
268706,东直小区,哈尔滨,道外,三棵树,1999,多层|高层,东直路446号,126.6916945,45.78800387,1.0,37.0,,1128,公寓住宅,民用,8.0,12,-1.73,8339.0,Heilongjiang,Haerbin,Daowai,Heilongjiang-Haerbin
268705,南十六道街37号小区,哈尔滨,道外,滨江,2017,小高层,南十六道街37号,126.6483295,45.77595375,1.0,30.0,,240,公寓住宅,民用,7.8,12,0.0,9188.0,Heilongjiang,Haerbin,Daowai,Heilongjiang-Haerbin
268704,"大新街小区(大新街30号-54号(双号),北新街135号)",哈尔滨,道外,滨江,1998,小高层,"大新街30号-54号(双号),北新街135号",126.6460271,45.78984969,1.0,20.0,,354,公寓住宅,民用,7.7,12,0.0,6619.0,Heilongjiang,Haerbin,Daowai,Heilongjiang-Haerbin
268703,东内史胡同51号小区,哈尔滨,道外,滨江,1991,小高层,东内史胡同51号,126.6322867,45.77660992,1.0,20.0,,81,公寓住宅,民用,7.5,12,0.0,8085.0,Heilongjiang,Haerbin,Daowai,Heilongjiang-Haerbin
268693,草市街53号小区,哈尔滨,道外,滨江,2004,小高层,草市街53号,126.6397406,45.77520111,1.0,30.0,,252,公寓住宅,民用,7.8,12,0.0,6818.0,Heilongjiang,Haerbin,Daowai,Heilongjiang-Haerbin
268702,巨兴街59号小区,哈尔滨,道外,滨江,1991,小高层,巨兴街59号,126.6394241,45.78946011,1.0,20.0,,107,公寓住宅,民用,7.3,12,0.0,8000.0,Heilongjiang,Haerbin,Daowai,Heilongjiang-Haerbin
268700,长春街197号小区,哈尔滨,道外,滨江,2012,小高层,长春街197号,126.632778,45.78604592,1.0,30.0,,64,公寓住宅,民用,7.0,12,0.0,8100.0,Heilongjiang,Haerbin,Daowai,Heilongjiang-Haerbin
268699,北环29街区,哈尔滨,道外,滨江,2000,小高层,东北新街77号,126.6603032,45.79424487,,30.0,,2,公寓住宅,民用,7.3,12,0.0,9192.0,Heilongjiang,Haerbin,Daowai,Heilongjiang-Haerbin
268698,桦树街304-1号小区,哈尔滨,道外,滨江,2000,小高层,桦树街304-1号,126.6830933,45.7833295,,30.0,,30,公寓住宅,民用,7.6,12,0.0,7573.0,Heilongjiang,Haerbin,Daowai,Heilongjiang-Haerbin
268697,新马小区,哈尔滨,道外,滨江,1998,小高层,新马路28号,126.6266585,45.77138974,1.0,20.0,,128,公寓住宅,民用,7.4,12,0.0,8300.0,Heilongjiang,Haerbin,Daowai,Heilongjiang-Haerbin
268696,北十五道街7号小区,哈尔滨,道外,滨江,1994,小高层,北十五道街7号,126.6472989,45.78775057,1.0,20.0,,216,公寓住宅,民用,7.3,12,0.0,9904.0,Heilongjiang,Haerbin,Daowai,Heilongjiang-Haerbin
268695,承德街小区(承德街12号-26号(双号),哈尔滨,道外,滨江,1995,小高层,承德街12号-26号(双号),126.6429689,45.77239636,1.0,20.0,,196,公寓住宅,民用,7.7,12,0.0,7916.0,Heilongjiang,Haerbin,Daowai,Heilongjiang-Haerbin
268701,南坎头道街50号小区,哈尔滨,道外,滨江,2000,小高层,南坎头道街50号,126.6404991,45.76869995,1.0,30.0,,445,公寓住宅,民用,8.4,12,0.0,9206.0,Heilongjiang,Haerbin,Daowai,Heilongjiang-Haerbin
268316,大业小区(道外),哈尔滨,道外,太平桥,2001,小高层,东直路183号,126.6794699,45.78575199,1.0,35.0,,288,公寓住宅,民用,8.5,12,0.0,6448.0,Heilongjiang,Haerbin,Daowai,Heilongjiang-Haerbin
268169,防腐厂住宅楼,哈尔滨,道外,南直路,2007,小高层,宏伟路141号,126.6920115,45.77515502,1.0,30.0,,0,公寓住宅,民用,7.9,12,0.0,7904.0,Heilongjiang,Haerbin,Daowai,Heilongjiang-Haerbin
268269,新马小区,哈尔滨,道外,承德广场,1998,小高层,新马路28号,126.6266585,45.77138974,1.0,20.0,,128,公寓住宅,民用,7.4,12,0.0,8300.0,Heilongjiang,Haerbin,Daowai,Heilongjiang-Haerbin
268268,"西开原二道街小区(西开原二道街63号,63-1号,63-2号,95号,95-1号)",哈尔滨,道外,承德广场,1991,小高层,"西开原二道街63号,63-1号,63-2号,95号,95-1号",126.6275954,45.77074164,1.0,20.0,,336,公寓住宅,民用,7.9,12,0.0,8469.0,Heilongjiang,Haerbin,Daowai,Heilongjiang-Haerbin
268267,草市街53号小区,哈尔滨,道外,承德广场,2004,小高层,草市街53号,126.6397406,45.77520111,1.0,30.0,,252,公寓住宅,民用,7.8,12,0.0,6818.0,Heilongjiang,Haerbin,Daowai,Heilongjiang-Haerbin
268266,东内史胡同小区(东内史胡同8号-14号(双号)),哈尔滨,道外,承德广场,1991,小高层,东内史胡同8号-14号(双号),126.6334771,45.77392679,1.0,20.0,,115,公寓住宅,民用,7.9,12,0.0,7222.0,Heilongjiang,Haerbin,Daowai,Heilongjiang-Haerbin
268265,"景阳街小区(景阳街209号,南勋街461号)",哈尔滨,道外,承德广场,2006,小高层,"景阳街209号,南勋街461号",126.6328804,45.77775847,1.0,30.0,,200,公寓住宅,民用,7.8,12,0.0,8787.0,Heilongjiang,Haerbin,Daowai,Heilongjiang-Haerbin
268264,"草市街小区(草市街27号,德胜街154号)",哈尔滨,道外,承德广场,2011,小高层,"草市街27号,德胜街154号",126.64075,45.77613828,1.0,30.0,,321,公寓住宅,民用,7.8,12,0.0,7577.0,Heilongjiang,Haerbin,Daowai,Heilongjiang-Haerbin
268263,"小水晶街小区(小水晶街36号-42号(双号),承德街279号)",哈尔滨,道外,承德广场,1993,小高层,"小水晶街36号-42号(双号),承德街279号",126.6375239,45.77562513,1.0,20.0,,201,公寓住宅,民用,7.7,12,0.0,8700.0,Heilongjiang,Haerbin,Daowai,Heilongjiang-Haerbin
268262,南二道街38号小区,哈尔滨,道外,承德广场,2003,多层,南二道街38号,126.6351364,45.78047383,1.0,30.0,,56,公寓住宅,民用,7.7,12,0.0,8000.0,Heilongjiang,Haerbin,Daowai,Heilongjiang-Haerbin
268261,东开原街47号小区,哈尔滨,道外,承德广场,2020,小高层,东开原街47号,126.6330076,45.77196298,1.0,30.0,,63,公寓住宅,民用,8.2,12,0.0,8863.0,Heilongjiang,Haerbin,Daowai,Heilongjiang-Haerbin
268260,"承德街小区(承德街60号,66号)",哈尔滨,道外,承德广场,1995,小高层,"承德街60号,66号",126.6414637,45.77320113,1.0,20.0,,136,公寓住宅,民用,8.2,12,0.0,8586.0,Heilongjiang,Haerbin,Daowai,Heilongjiang-Haerbin
268259,小维新街6号小区,哈尔滨,道外,承德广场,2002,小高层,小维新街6号,126.6427425,45.77752448,1.0,30.0,,194,公寓住宅,民用,7.8,12,0.0,7969.0,Heilongjiang,Haerbin,Daowai,Heilongjiang-Haerbin
268258,南平街66号小区,哈尔滨,道外,承德广场,1991,小高层,南平街66号,126.6361456,45.77514847,1.0,20.0,,216,公寓住宅,民用,7.6,12,0.0,8615.0,Heilongjiang,Haerbin,Daowai,Heilongjiang-Haerbin
268257,大水晶街209号小区,哈尔滨,道外,承德广场,1991,小高层,大水晶街209号,126.639404,45.77632777,1.0,20.0,,16,公寓住宅,民用,7.9,12,0.0,7316.0,Heilongjiang,Haerbin,Daowai,Heilongjiang-Haerbin
268256,南马路125号小区,哈尔滨,道外,承德广场,2017,小高层,南马路125号,126.6291053,45.77162759,1.0,30.0,,147,公寓住宅,民用,8.1,12,0.0,7819.0,Heilongjiang,Haerbin,Daowai,Heilongjiang-Haerbin
268255,景阳街244号小区,哈尔滨,道外,承德广场,1991,小高层,景阳街244号,126.6340261,45.77484012,1.0,20.0,,215,公寓住宅,民用,7.6,12,0.0,7685.0,Heilongjiang,Haerbin,Daowai,Heilongjiang-Haerbin
268254,南和街18号小区,哈尔滨,道外,承德广场,2004,小高层,南和街18号,126.6377218,45.77118208,1.0,30.0,,30,公寓住宅,民用,7.7,12,0.0,8100.0,Heilongjiang,Haerbin,Daowai,Heilongjiang-Haerbin
268253,纯化街30号小区,哈尔滨,道外,承德广场,2004,小高层,纯化街30号,126.6333983,45.77813614,1.0,30.0,,42,公寓住宅,民用,7.2,12,0.0,8100.0,Heilongjiang,Haerbin,Daowai,Heilongjiang-Haerbin
268239,南八道街77号小区,哈尔滨,道外,承德广场,1991,小高层,南八道街77号,126.6425689,45.78263707,1.0,20.0,,240,公寓住宅,民用,7.6,12,0.0,8514.0,Heilongjiang,Haerbin,Daowai,Heilongjiang-Haerbin
268240,"南坎头道街小区(4号,26号)",哈尔滨,道外,承德广场,1997,小高层,"南坎头道街4号,26号",126.6404402,45.76818099,1.0,20.0,,264,公寓住宅,民用,8.1,12,0.0,9319.0,Heilongjiang,Haerbin,Daowai,Heilongjiang-Haerbin
268241,"新马路小区(新马路12号-26号(双号),副36号)",哈尔滨,道外,承德广场,2001,小高层,"新马路12号-26号(双号),副36号",126.6267348,45.77143818,1.0,30.0,,126,公寓住宅,民用,8.0,12,0.0,7390.0,Heilongjiang,Haerbin,Daowai,Heilongjiang-Haerbin
268242,南极街119号小区,哈尔滨,道外,承德广场,1991,小高层,南极街119号,126.6389414,45.77117489,1.0,20.0,,84,公寓住宅,民用,7.9,12,0.0,8422.0,Heilongjiang,Haerbin,Daowai,Heilongjiang-Haerbin
268243,西开原二道街小区(西开原二道街40号-94号(双号)),哈尔滨,道外,承德广场,1991,小高层,西开原二道街40号-94号(双号),126.6277718,45.76944911,1.0,20.0,,231,公寓住宅,民用,7.9,12,0.0,7428.0,Heilongjiang,Haerbin,Daowai,Heilongjiang-Haerbin
268244,南八道街22号小区,哈尔滨,道外,承德广场,1991,小高层,南八道街22号,126.6426636,45.78180043,1.0,20.0,,96,公寓住宅,民用,7.6,12,0.0,8296.0,Heilongjiang,Haerbin,Daowai,Heilongjiang-Haerbin
268270,东内史胡同51号小区,哈尔滨,道外,承德广场,1991,小高层,东内史胡同51号,126.6322867,45.77660992,1.0,20.0,,81,公寓住宅,民用,7.5,12,0.0,8085.0,Heilongjiang,Haerbin,Daowai,Heilongjiang-Haerbin
268245,"草市街小区(草市街64号,承德街221号)",哈尔滨,道外,承德广场,2011,小高层,"草市街64号,承德街221号",126.6403306,45.77431843,1.0,30.0,,168,公寓住宅,民用,7.9,12,0.0,8333.0,Heilongjiang,Haerbin,Daowai,Heilongjiang-Haerbin
268247,南七道街153号小区,哈尔滨,道外,承德广场,1990,小高层,南七道街153号,126.6427755,45.78134119,1.0,20.0,,56,公寓住宅,民用,7.7,12,0.0,9030.0,Heilongjiang,Haerbin,Daowai,Heilongjiang-Haerbin
268248,南平街小区(南平街18-42号(双号)),哈尔滨,道外,承德广场,1991,小高层,南平街18-42号(双号),126.6267882,45.77131109,1.0,20.0,,147,公寓住宅,民用,7.8,12,0.0,8666.0,Heilongjiang,Haerbin,Daowai,Heilongjiang-Haerbin
268249,南平街68号小区,哈尔滨,道外,承德广场,1991,小高层,南平街68号,126.6375653,45.77411075,1.0,20.0,,128,公寓住宅,民用,7.7,12,0.0,8260.0,Heilongjiang,Haerbin,Daowai,Heilongjiang-Haerbin
268250,"南和街小区(南和街81号,85号)",哈尔滨,道外,承德广场,2000,小高层,"南和街81号,85号",126.6372439,45.77278955,1.0,30.0,,49,公寓住宅,民用,7.8,12,0.0,7622.0,Heilongjiang,Haerbin,Daowai,Heilongjiang-Haerbin
268251,南头道街59号小区,哈尔滨,道外,承德广场,2000,小高层,南头道街59号,126.6355651,45.77961674,1.0,30.0,,63,公寓住宅,民用,7.4,12,0.0,7441.0,Heilongjiang,Haerbin,Daowai,Heilongjiang-Haerbin
268252,南和街小区(南和街10号-24号(双号)),哈尔滨,道外,承德广场,1995,小高层,南和街10号-24号(双号),126.6377177,45.77103493,1.0,20.0,,195,公寓住宅,民用,7.7,12,0.0,7234.0,Heilongjiang,Haerbin,Daowai,Heilongjiang-Haerbin
268246,大新街283号小区,哈尔滨,道外,承德广场,2000,小高层,大新街283号,126.6276535,45.78269809,1.0,30.0,,0,公寓住宅,民用,7.6,12,0.0,7300.0,Heilongjiang,Haerbin,Daowai,Heilongjiang-Haerbin
268238,草市街52号小区,哈尔滨,道外,承德广场,2011,小高层,草市街52号,126.6400888,45.77486899,1.0,30.0,,0,公寓住宅,民用,8.5,12,0.0,8738.0,Heilongjiang,Haerbin,Daowai,Heilongjiang-Haerbin
268271,南和街84号小区,哈尔滨,道外,承德广场,1999,多层,南和街84号,126.6367706,45.77279797,1.0,20.0,,136,公寓住宅,民用,7.6,12,0.0,8542.0,Heilongjiang,Haerbin,Daowai,Heilongjiang-Haerbin
268273,"大水晶街小区(大水晶街235号,维新街67号)",哈尔滨,道外,承德广场,1990,小高层,"大水晶街235号,维新街67号",126.6382565,45.77720187,1.0,20.0,,510,公寓住宅,民用,8.0,12,0.0,8593.0,Heilongjiang,Haerbin,Daowai,Heilongjiang-Haerbin
268314,松江电机厂住宅楼,哈尔滨,道外,太平桥,2008,多层,安华街40号,126.6680568,45.78427321,1.0,20.0,,442,公寓住宅,民用,7.8,12,0.0,8542.0,Heilongjiang,Haerbin,Daowai,Heilongjiang-Haerbin
268313,陶瓷小区(B区),哈尔滨,道外,太平桥,2011,高层,红旗大街1102号,126.6709121,45.79244133,1.0,20.0,,696,公寓住宅,民用,7.9,12,-0.28,8491.0,Heilongjiang,Haerbin,Daowai,Heilongjiang-Haerbin
268312,滨港水岸(A区),哈尔滨,道外,太平桥,2012,高层,太平北四道街1126号,126.6708907,45.79372141,1.0,30.0,,408,公寓住宅,民用,7.7,12,0.0,8213.0,Heilongjiang,Haerbin,Daowai,Heilongjiang-Haerbin
268311,育英小区,哈尔滨,道外,太平桥,1999,多层,太平南四道街16号,126.6753194,45.78479006,1.0,30.0,,1408,公寓住宅,民用,8.4,12,-0.02,7726.0,Heilongjiang,Haerbin,Daowai,Heilongjiang-Haerbin
268310,红河一街区,哈尔滨,道外,太平桥,2000,多层,红旗大街502号,126.6762191,45.78252415,1.0,32.0,,1949,公寓住宅,民用,8.4,12,0.0,9176.0,Heilongjiang,Haerbin,Daowai,Heilongjiang-Haerbin
268309,信用小区,哈尔滨,道外,太平桥,1998,小高层,太平南四道街7号,126.6770601,45.78553181,1.0,35.0,,1186,公寓住宅,民用,8.4,12,2.34,7759.0,Heilongjiang,Haerbin,Daowai,Heilongjiang-Haerbin
268308,滨江逸品,哈尔滨,道外,太平桥,2000,高层,太平大街277号,126.6865262,45.78941964,1.0,37.0,,922,公寓住宅,民用,7.9,12,-0.6,9805.0,Heilongjiang,Haerbin,Daowai,Heilongjiang-Haerbin
268307,黎华小区,哈尔滨,道外,太平桥,2002,多层,东直路15号,126.6667173,45.78536679,1.0,30.0,,5795,公寓住宅,民用,8.3,12,-0.42,7850.0,Heilongjiang,Haerbin,Daowai,Heilongjiang-Haerbin
268304,上和城,哈尔滨,道外,太平桥,2013,多层|小高层,安华街63号,126.6696539,45.78756889,1.0,30.0,,2324,公寓住宅,民用,8.3,12,0.09,10691.0,Heilongjiang,Haerbin,Daowai,Heilongjiang-Haerbin
268303,"同济街小区(同济街130-1号,130-2号,130-3号,130-4号)",哈尔滨,道外,大新,2000,小高层,"同济街130-1号,130-2号,130-3号,130-4号",126.7167126,45.79068694,1.0,30.0,,325,公寓住宅,民用,6.8,12,0.0,9479.0,Heilongjiang,Haerbin,Daowai,Heilongjiang-Haerbin
268302,卫星住宅小区,哈尔滨,道外,大新,2009,小高层,南直路560号,126.6941999,45.78792819,1.0,30.0,,77,公寓住宅,民用,7.5,12,0.0,8888.0,Heilongjiang,Haerbin,Daowai,Heilongjiang-Haerbin
268301,大直楼,哈尔滨,道外,大新,1991,小高层,南直路513号,126.698197,45.77630304,1.0,20.0,,72,公寓住宅,民用,7.2,12,0.0,7635.0,Heilongjiang,Haerbin,Daowai,Heilongjiang-Haerbin
268300,商务学校家属楼,哈尔滨,道外,大新,2000,多层,"宏南街,近南直路",126.6959086,45.78226158,1.0,30.0,,30,公寓住宅,民用,7.8,12,0.0,6702.0,Heilongjiang,Haerbin,Daowai,Heilongjiang-Haerbin
268297,江滨小区,哈尔滨,道外,大新,1991,多层|高层,北七道街123号,126.6358299,45.78870121,1.0,20.0,,252,公寓住宅,民用,7.7,12,0.0,13789.0,Heilongjiang,Haerbin,Daowai,Heilongjiang-Haerbin
268296,"宁安街小区(富锦街110号-118号(双号),巨兴街副2-2号,副4-2号,副7号,6号,安宁街59-1号,59-2号)",哈尔滨,道外,大新,1996,多层|小高层,"富锦街110号-118号(双号),巨兴街副2-2号,副4-2号,副7号,6号,安宁街59-1号,59-2号",126.6408186,45.78756314,1.0,20.0,,763,公寓住宅,民用,8.0,12,0.0,8794.0,Heilongjiang,Haerbin,Daowai,Heilongjiang-Haerbin
268295,卫生局家属楼,哈尔滨,道外,大新,1995,多层,先锋路419号,126.6885249,45.76592421,1.0,30.0,,272,公寓住宅,民用,8.5,12,0.0,7500.0,Heilongjiang,Haerbin,Daowai,Heilongjiang-Haerbin
268274,"中马路小区(中马路副54号,58号)",哈尔滨,道外,承德广场,2005,小高层,"中马路副54号,58号",126.6297086,45.77396679,1.0,30.0,,104,公寓住宅,民用,7.6,12,0.0,7236.0,Heilongjiang,Haerbin,Daowai,Heilongjiang-Haerbin
268275,南极街49号小区,哈尔滨,道外,承德广场,1997,多层,南极街49号,126.6465342,45.77303028,1.0,20.0,,188,公寓住宅,民用,8.0,12,0.0,9333.0,Heilongjiang,Haerbin,Daowai,Heilongjiang-Haerbin
268276,南极国际尚金华府(一期),哈尔滨,道外,承德广场,2010,多层|高层,"南极街,近承德街",126.6421456,45.77001662,1.0,30.0,,1856,公寓住宅,民用,8.2,12,0.0,14728.0,Heilongjiang,Haerbin,Daowai,Heilongjiang-Haerbin
268277,宝宇天峰,哈尔滨,道外,承德广场,2013,高层|超高层,大新街278号,126.6252376,45.78131337,1.0,30.0,1862900.0,480,公寓住宅,民用,8.2,12,0.0,22885.0,Heilongjiang,Haerbin,Daowai,Heilongjiang-Haerbin
268278,承德街147号小区,哈尔滨,道外,承德广场,1999,多层,承德街147号,126.6424799,45.77331837,1.0,20.0,,516,公寓住宅,民用,7.9,12,0.0,7452.0,Heilongjiang,Haerbin,Daowai,Heilongjiang-Haerbin
268279,电表厂家属楼,哈尔滨,道外,承德广场,2006,多层,南安街47号,126.6393972,45.77396322,1.0,20.0,,109,公寓住宅,民用,7.7,12,0.0,9090.0,Heilongjiang,Haerbin,Daowai,Heilongjiang-Haerbin
268272,大新街239号小区,哈尔滨,道外,承德广场,1990,小高层,大新街239号,126.6310238,45.78377693,1.0,20.0,,182,公寓住宅,民用,7.9,12,0.0,7753.0,Heilongjiang,Haerbin,Daowai,Heilongjiang-Haerbin
268280,富达蓝山,哈尔滨,道外,辽河路,2011,小高层|高层,先锋路216号,126.6967443,45.76578502,1.0,30.28,,1525,公寓住宅,民用,8.1,12,0.01,11455.0,Heilongjiang,Haerbin,Daowai,Heilongjiang-Haerbin
268289,方远滨江国际,哈尔滨,道外,大新,2012,高层,北十九道街45号,126.6526926,45.7930444,1.0,20.0,,3459,公寓住宅,民用,7.8,12,-0.02,11921.0,Heilongjiang,Haerbin,Daowai,Heilongjiang-Haerbin
268290,东兴小区,哈尔滨,道外,大新,1977,小高层,"东兴街,近富锦街",126.6447988,45.78977006,1.0,20.0,,722,公寓住宅,民用,7.7,12,0.0,7532.0,Heilongjiang,Haerbin,Daowai,Heilongjiang-Haerbin
268291,北环俊景,哈尔滨,道外,大新,2011,多层,东北新街126号,126.6623524,45.79312177,1.0,32.0,,2030,公寓住宅,民用,8.0,12,-0.35,7399.0,Heilongjiang,Haerbin,Daowai,Heilongjiang-Haerbin
268292,大业小区(道外),哈尔滨,道外,大新,2001,小高层,东直路183号,126.6794699,45.78575199,1.0,35.0,,288,公寓住宅,民用,8.5,12,0.0,6448.0,Heilongjiang,Haerbin,Daowai,Heilongjiang-Haerbin
268293,哈东新区(D区),哈尔滨,道外,大新,2010,小高层,"道口头道街,近铸钢街",126.7109314,45.78715513,1.0,20.0,,1622,公寓住宅,民用,7.3,12,0.0,6612.0,Heilongjiang,Haerbin,Daowai,Heilongjiang-Haerbin
268294,糖酒小区,哈尔滨,道外,大新,1992,多层,南工业二道街40号,126.6920139,45.78707167,1.0,20.0,,216,公寓住宅,民用,7.7,12,0.0,6603.0,Heilongjiang,Haerbin,Daowai,Heilongjiang-Haerbin
268288,富达蓝山(别墅),哈尔滨,道外,辽河路,2011,低层,先锋路214号,126.6948694,45.76547213,,30.28,,0,别墅,民用,7.6,12,0.0,13888.0,Heilongjiang,Haerbin,Daowai,Heilongjiang-Haerbin
268237,大水晶街90号小区,哈尔滨,道外,承德广场,1991,多层,大水晶街90号,126.6397074,45.77593017,1.0,20.0,,0,公寓住宅,民用,8.1,12,0.0,6782.0,Heilongjiang,Haerbin,Daowai,Heilongjiang-Haerbin
268236,草市街41号小区,哈尔滨,道外,承德广场,2008,多层,草市街41号,126.6395513,45.77558009,1.0,30.0,,0,公寓住宅,民用,8.0,12,0.0,6384.0,Heilongjiang,Haerbin,Daowai,Heilongjiang-Haerbin
268235,景阳街270号小区,哈尔滨,道外,承德广场,2010,多层,景阳街270号,126.6335034,45.77574234,1.0,30.0,,395,公寓住宅,民用,7.9,12,0.0,9000.0,Heilongjiang,Haerbin,Daowai,Heilongjiang-Haerbin
268198,"南和街小区(109号,141号)",哈尔滨,道外,承德广场,2000,小高层,"南和街109号,141号",126.6364505,45.7743844,1.0,30.0,,129,公寓住宅,民用,7.9,12,0.0,7446.0,Heilongjiang,Haerbin,Daowai,Heilongjiang-Haerbin
268197,"太莱街小区(太莱街8号,德胜街35号)",哈尔滨,道外,承德广场,1995,小高层,"太莱街8号,德胜街35号",126.6441553,45.77593173,1.0,20.0,,282,公寓住宅,民用,7.7,12,0.0,7428.0,Heilongjiang,Haerbin,Daowai,Heilongjiang-Haerbin
268196,"大水晶街小区(大水晶街28号-36号(双号),30-1号)",哈尔滨,道外,承德广场,2000,小高层,"大水晶街28号-36号(双号),30-1号",126.6435328,45.77425951,1.0,20.0,,624,公寓住宅,民用,8.5,12,0.14,7181.0,Heilongjiang,Haerbin,Daowai,Heilongjiang-Haerbin
268195,南平街50号小区,哈尔滨,道外,承德广场,1991,小高层,南平街50号,126.6381558,45.77288687,1.0,20.0,,152,公寓住宅,民用,7.9,12,0.0,8723.0,Heilongjiang,Haerbin,Daowai,Heilongjiang-Haerbin
268194,"长发街小区(长发街19号,小水晶街22号,28号)",哈尔滨,道外,承德广场,2002,小高层,"长发街19号,小水晶街22号,28号",126.6391616,45.77598059,1.0,30.0,,275,公寓住宅,民用,8.2,12,0.0,8683.0,Heilongjiang,Haerbin,Daowai,Heilongjiang-Haerbin
268193,庆兴街1号小区,哈尔滨,道外,承德广场,2005,小高层,庆兴街1号,126.6332618,45.78474804,1.0,30.0,,404,公寓住宅,民用,8.3,12,0.0,7756.0,Heilongjiang,Haerbin,Daowai,Heilongjiang-Haerbin
268192,景阳街290号小区,哈尔滨,道外,承德广场,1991,高层,景阳街290号,126.633146,45.77634593,1.0,20.0,,152,公寓住宅,民用,8.0,12,0.0,8486.0,Heilongjiang,Haerbin,Daowai,Heilongjiang-Haerbin
268191,承德街小区(承德街123-125号(单号)),哈尔滨,道外,承德广场,1998,多层,承德街123-125号(单号),126.6410407,45.77395517,1.0,20.0,,224,公寓住宅,民用,8.0,12,0.0,8467.0,Heilongjiang,Haerbin,Daowai,Heilongjiang-Haerbin
268190,南极街157号小区,哈尔滨,道外,承德广场,1991,小高层,南极街157号,126.6376441,45.77073276,1.0,20.0,,63,公寓住宅,民用,8.1,12,0.0,7916.0,Heilongjiang,Haerbin,Daowai,Heilongjiang-Haerbin
268189,"南和街小区(南和街68号,72号)",哈尔滨,道外,承德广场,2016,小高层,"南和街68号,72号",126.6368875,45.77255346,1.0,30.0,,288,公寓住宅,民用,8.1,12,0.0,8035.0,Heilongjiang,Haerbin,Daowai,Heilongjiang-Haerbin
268188,西开源小区,哈尔滨,道外,承德广场,2001,多层,西开原头道街10-1号,126.6289964,45.76914116,1.0,30.0,,464,公寓住宅,民用,8.5,12,0.0,7482.0,Heilongjiang,Haerbin,Daowai,Heilongjiang-Haerbin
268187,大水晶街小区,哈尔滨,道外,承德广场,2000,多层,大水晶街42号,126.6413738,45.77510937,1.0,20.0,,1838,公寓住宅,民用,8.4,12,0.0,8525.0,Heilongjiang,Haerbin,Daowai,Heilongjiang-Haerbin
268186,景阳街一工具小区,哈尔滨,道外,承德广场,1996,小高层,景阳街288号,126.6327497,45.77664763,1.0,20.0,,1034,公寓住宅,民用,8.3,12,0.0,8055.0,Heilongjiang,Haerbin,Daowai,Heilongjiang-Haerbin
268185,太古公馆,哈尔滨,道外,承德广场,2000,高层,承德街361号,126.6348274,45.7766119,1.0,20.0,,1576,公寓住宅,民用,8.0,12,0.0,7432.0,Heilongjiang,Haerbin,Daowai,Heilongjiang-Haerbin
268184,大水晶街253号小区,哈尔滨,道外,承德广场,1991,小高层,大水晶街253号,126.6379778,45.77736631,1.0,20.0,,453,公寓住宅,民用,8.1,12,0.0,8593.0,Heilongjiang,Haerbin,Daowai,Heilongjiang-Haerbin
268183,德胜街28号小区,哈尔滨,道外,承德广场,2002,小高层,德胜街28号,126.6443274,45.77487643,1.0,30.0,,688,公寓住宅,民用,8.0,12,0.0,6557.0,Heilongjiang,Haerbin,Daowai,Heilongjiang-Haerbin
268182,南马路98号小区,哈尔滨,道外,承德广场,2017,小高层,南马路98号,126.6320748,45.77185845,1.0,30.0,,414,公寓住宅,民用,8.4,12,0.0,7820.0,Heilongjiang,Haerbin,Daowai,Heilongjiang-Haerbin
268170,机械厂家属楼,哈尔滨,道外,南直路,2005,小高层,一机路172-1号,126.6986958,45.7786122,1.0,30.0,,163,公寓住宅,民用,7.4,12,0.0,7600.0,Heilongjiang,Haerbin,Daowai,Heilongjiang-Haerbin
268171,商务学校家属楼,哈尔滨,道外,南直路,2000,多层,"宏南街,近南直路",126.6959086,45.78226158,1.0,30.0,,30,公寓住宅,民用,7.8,12,0.0,6702.0,Heilongjiang,Haerbin,Daowai,Heilongjiang-Haerbin
268172,大直楼,哈尔滨,道外,南直路,1991,小高层,南直路513号,126.698197,45.77630304,1.0,20.0,,72,公寓住宅,民用,7.2,12,0.0,7635.0,Heilongjiang,Haerbin,Daowai,Heilongjiang-Haerbin
268173,红河小区,哈尔滨,道外,南直路,2001,小高层,东直路158号,126.6842037,45.7771938,,30.0,,691,公寓住宅,民用,8.2,12,0.0,9848.0,Heilongjiang,Haerbin,Daowai,Heilongjiang-Haerbin
268174,哈一机家属楼,哈尔滨,道外,南直路,2000,多层,进步街,126.6934962,45.77500514,1.0,20.0,,2592,公寓住宅,民用,7.7,12,0.0,8584.0,Heilongjiang,Haerbin,Daowai,Heilongjiang-Haerbin
268175,和平工业小区,哈尔滨,道外,南直路,1998,多层|小高层,先锋路230号,126.7055955,45.76843773,,20.0,,203,公寓住宅,民用,7.4,12,0.0,7241.0,Heilongjiang,Haerbin,Daowai,Heilongjiang-Haerbin
268199,承德街373号小区,哈尔滨,道外,承德广场,1991,小高层,承德街373号,126.6342895,45.77684351,1.0,20.0,,95,公寓住宅,民用,8.0,12,0.0,8823.0,Heilongjiang,Haerbin,Daowai,Heilongjiang-Haerbin
268176,宝宇天邑澜山,哈尔滨,道外,承德广场,2016,高层,新马路76号,126.6261246,45.77653247,1.0,35.0,,3405,公寓住宅,民用,8.5,12,-0.08,19511.0,Heilongjiang,Haerbin,Daowai,Heilongjiang-Haerbin
268178,南极国际尚金华府(二期),哈尔滨,道外,承德广场,2010,多层|高层,"南极一路,近南坎头道街",126.6419752,45.76867534,,30.0,,1362,公寓住宅,民用,8.4,12,0.27,12658.0,Heilongjiang,Haerbin,Daowai,Heilongjiang-Haerbin
268617,哈尔滨华南城,哈尔滨,道外,道外周边,2020,小高层|高层,"华南三路,近晶城三路",126.8495103,45.74715654,,39.0,1500000.0,1,公寓住宅,民用,6.8,12,0.0,5937.0,Heilongjiang,Haerbin,Daowai,Heilongjiang-Haerbin
268179,北兴教育园(B区),哈尔滨,道外,承德广场,2004,高层,阳光路17号,126.644838,45.77710893,,30.0,,935,公寓住宅,民用,8.3,12,-0.57,9117.0,Heilongjiang,Haerbin,Daowai,Heilongjiang-Haerbin
268180,曼哈顿奥韵国际,哈尔滨,道外,承德广场,2013,高层,八区二巷16号,126.6317705,45.76519207,1.0,20.0,,480,公寓住宅,民用,8.8,12,0.0,13888.0,Heilongjiang,Haerbin,Daowai,Heilongjiang-Haerbin
268181,南平街小区(南平街3号-11号(单号)),哈尔滨,道外,承德广场,1995,多层,南平街3号-11号(单号),126.6399772,45.77182182,1.0,20.0,,491,公寓住宅,民用,8.4,12,0.0,8833.0,Heilongjiang,Haerbin,Daowai,Heilongjiang-Haerbin
268177,丰光江景公寓,哈尔滨,道外,承德广场,2008,高层,景阳街397号,126.6298017,45.7837095,1.0,35.0,,819,公寓住宅,民用,8.0,12,0.0,10545.0,Heilongjiang,Haerbin,Daowai,Heilongjiang-Haerbin
268200,景阳街179号小区,哈尔滨,道外,承德广场,1991,小高层,景阳街179号,126.6343358,45.77521322,1.0,20.0,,178,公寓住宅,民用,7.8,12,0.0,7575.0,Heilongjiang,Haerbin,Daowai,Heilongjiang-Haerbin
268201,景阳街113-129号小区,哈尔滨,道外,承德广场,1991,小高层,"景阳街113号,129号",126.6362365,45.77212593,1.0,20.0,,370,公寓住宅,民用,8.0,12,0.0,7666.0,Heilongjiang,Haerbin,Daowai,Heilongjiang-Haerbin
268202,丽江楼小区,哈尔滨,道外,承德广场,2010,多层,景阳街145号,126.6360989,45.77373392,1.0,20.0,,514,公寓住宅,民用,8.0,12,0.0,11650.0,Heilongjiang,Haerbin,Daowai,Heilongjiang-Haerbin
268221,南七道街99号小区,哈尔滨,道外,承德广场,2011,多层,南七道街99号,126.6445316,45.78035648,,30.0,,160,公寓住宅,民用,7.8,12,0.0,8000.0,Heilongjiang,Haerbin,Daowai,Heilongjiang-Haerbin
268232,"太原街小区(太原街132号-138号(双号),德胜街68号,74号)",哈尔滨,道外,承德广场,1993,多层,"太原街132号-138号(双号),德胜街68号,74号",126.643012,45.77533258,1.0,20.0,,120,公寓住宅,民用,7.8,12,0.0,8000.0,Heilongjiang,Haerbin,Daowai,Heilongjiang-Haerbin
268233,南头道街3号院,哈尔滨,道外,承德广场,2009,多层,南头道街3号,126.6370388,45.77811603,1.0,30.0,,0,公寓住宅,民用,8.3,12,0.0,7400.0,Heilongjiang,Haerbin,Daowai,Heilongjiang-Haerbin
268234,南郧小区,哈尔滨,道外,承德广场,2000,多层,南七道街227号,126.6412702,45.7824393,1.0,30.0,,64,公寓住宅,民用,7.9,12,0.0,8100.0,Heilongjiang,Haerbin,Daowai,Heilongjiang-Haerbin
268168,四海路53-2号小区,哈尔滨,道外,南直路,2000,多层,四海路53-2号,126.704058,45.77913117,1.0,30.0,,0,公寓住宅,民用,7.6,12,0.0,6700.0,Heilongjiang,Haerbin,Daowai,Heilongjiang-Haerbin
268219,"东内史胡同小区(7号,29号)",哈尔滨,道外,承德广场,1991,小高层,"东内史胡同7号,29号",126.63296,45.77563045,1.0,20.0,,548,公寓住宅,民用,7.8,12,0.0,9020.0,Heilongjiang,Haerbin,Daowai,Heilongjiang-Haerbin
268217,东内史胡同55号小区,哈尔滨,道外,承德广场,1991,小高层,"东内史胡同55,59号",126.6326462,45.77620765,1.0,20.0,,310,公寓住宅,民用,7.6,12,0.0,7095.0,Heilongjiang,Haerbin,Daowai,Heilongjiang-Haerbin
268203,大水晶街小区(大水晶街42号-76号(双号)),哈尔滨,道外,承德广场,2000,小高层,大水晶街42号-76号(双号),126.6413009,45.77460629,1.0,37.0,,1126,公寓住宅,民用,8.5,12,0.0,8243.0,Heilongjiang,Haerbin,Daowai,Heilongjiang-Haerbin
268204,升平街86号-104号(双号)小区,哈尔滨,道外,承德广场,1998,小高层,升平街86号-104号(双号),126.631833,45.78303731,1.0,20.0,,284,公寓住宅,民用,7.7,12,0.0,7870.0,Heilongjiang,Haerbin,Daowai,Heilongjiang-Haerbin
268205,保障华庭(二区),哈尔滨,道外,承德广场,2004,多层|高层,南七道街64-66号,126.6441787,45.77888058,1.0,35.0,,3867,公寓住宅,民用,8.3,12,0.0,8750.0,Heilongjiang,Haerbin,Daowai,Heilongjiang-Haerbin
268206,三育小区,哈尔滨,道外,承德广场,1989,小高层,三育街14号,126.6470965,45.77453527,1.0,20.0,,528,公寓住宅,民用,7.8,12,0.0,6976.0,Heilongjiang,Haerbin,Daowai,Heilongjiang-Haerbin
268207,南平家园,哈尔滨,道外,承德广场,2000,多层,南平街11号,126.6395649,45.77218665,1.0,30.0,,749,公寓住宅,民用,8.2,12,0.0,9322.0,Heilongjiang,Haerbin,Daowai,Heilongjiang-Haerbin
268208,德胜街小区(德胜街152号-156号(双号)),哈尔滨,道外,承德广场,2000,多层,德胜街152号-156号(双号),126.6411117,45.77638238,1.0,20.0,,504,公寓住宅,民用,8.0,12,0.0,7617.0,Heilongjiang,Haerbin,Daowai,Heilongjiang-Haerbin
268218,"太古街小区(太古街581号,583号)",哈尔滨,道外,承德广场,2000,小高层,"太古街581号,583号",126.639403,45.77873828,1.0,30.0,,165,公寓住宅,民用,8.2,12,0.0,9085.0,Heilongjiang,Haerbin,Daowai,Heilongjiang-Haerbin
268209,"南勋街小区(南勋街264号-274号(双号),太古街587-1号)",哈尔滨,道外,承德广场,2015,小高层,"南勋街264号-274号(双号),太古街587-1号",126.6389321,45.77943791,1.0,30.0,,285,公寓住宅,民用,8.0,12,0.0,8125.0,Heilongjiang,Haerbin,Daowai,Heilongjiang-Haerbin
268211,滨江街79-1号小区,哈尔滨,道外,承德广场,2008,小高层,滨江街79-1号,126.6480341,45.77369013,1.0,30.0,,0,公寓住宅,民用,8.3,12,0.0,7200.0,Heilongjiang,Haerbin,Daowai,Heilongjiang-Haerbin
268212,南七道街117号楼,哈尔滨,道外,承德广场,2002,多层,南七道街117号,126.6431466,45.78085127,1.0,30.0,,383,公寓住宅,民用,8.1,12,0.0,7843.0,Heilongjiang,Haerbin,Daowai,Heilongjiang-Haerbin
268213,南七道街184号楼,哈尔滨,道外,承德广场,2002,多层,南七道街184号,126.6416887,45.78148828,1.0,30.0,,152,公寓住宅,民用,7.9,12,0.0,9232.0,Heilongjiang,Haerbin,Daowai,Heilongjiang-Haerbin
268214,南十道街142号楼,哈尔滨,道外,承德广场,2019,多层,南十道街142号,126.644574,45.78237908,1.0,30.0,,136,公寓住宅,民用,8.3,12,0.0,7404.0,Heilongjiang,Haerbin,Daowai,Heilongjiang-Haerbin
268215,南十道街158号小区,哈尔滨,道外,承德广场,2019,小高层,南十道街158号,126.6441232,45.78297391,1.0,30.0,,312,公寓住宅,民用,8.2,12,0.0,8142.0,Heilongjiang,Haerbin,Daowai,Heilongjiang-Haerbin
268216,"承德街小区(承德街149号,163号,保障街189号)",哈尔滨,道外,承德广场,1995,小高层,"承德街149号,163号,保障街189号",126.6424401,45.77330798,1.0,20.0,,387,公寓住宅,民用,7.9,12,0.06,8433.0,Heilongjiang,Haerbin,Daowai,Heilongjiang-Haerbin
268210,温州商贸城,哈尔滨,道外,承德广场,2002,多层,升平街16号,126.6353689,45.78370291,1.0,30.0,,0,公寓住宅,民用,8.3,12,0.0,8000.0,Heilongjiang,Haerbin,Daowai,Heilongjiang-Haerbin
268570,江畔方元四街区,哈尔滨,道外,太古,2006,多层|高层,北十七道街124号,126.6477512,45.79171602,1.0,30.0,,782,公寓住宅,民用,7.9,12,-1.44,7937.0,Heilongjiang,Haerbin,Daowai,Heilongjiang-Haerbin
268604,紫荆雅院,哈尔滨,道外,道外周边,2021,高层,"华中南路,近长江路",126.8647355,45.74915196,,20.0,,1780,公寓住宅,民用,6.9,12,0.0,5300.0,Heilongjiang,Haerbin,Daowai,Heilongjiang-Haerbin
266810,上海嘉园,哈尔滨,江北,南京路,2012,多层,"南京路,近利民东三大街",126.5864277,45.88801168,1.0,30.0,,237,公寓住宅,民用,7.4,12,0.0,6328.0,Heilongjiang,Haerbin,Hulan,Heilongjiang-Haerbin
266804,电力名苑,哈尔滨,江北,南京路,2008,多层,"和谐路,近利民东一大街",126.5730427,45.88503978,1.0,35.0,,1055,公寓住宅,民用,7.6,12,-0.68,5318.0,Heilongjiang,Haerbin,Hulan,Heilongjiang-Haerbin
266805,常青家园,哈尔滨,江北,南京路,2009,多层,"南京路,近萧红大街",126.5816025,45.88913837,1.0,30.0,,1183,公寓住宅,民用,7.7,12,-6.29,5587.0,Heilongjiang,Haerbin,Hulan,Heilongjiang-Haerbin
266806,金马花园,哈尔滨,江北,南京路,2013,多层,南京路,126.5756,45.88689839,1.0,37.0,,990,公寓住宅,民用,7.5,12,-2.65,5566.0,Heilongjiang,Haerbin,Hulan,Heilongjiang-Haerbin
266724,裕发润景,哈尔滨,江北,学院路,2008,多层,"荣昌路,近利民大道",126.5364329,45.86234963,1.0,30.0,,1340,公寓住宅,民用,7.5,12,-0.79,6957.0,Heilongjiang,Haerbin,Hulan,Heilongjiang-Haerbin
266723,财富天地,哈尔滨,江北,学院路,2011,高层,学院路756号,126.5181972,45.87452595,1.0,30.0,,476,公寓住宅,民用,7.4,12,-0.64,6884.0,Heilongjiang,Haerbin,Hulan,Heilongjiang-Haerbin
266722,利民学苑,哈尔滨,江北,学院路,2009,多层|小高层,学院路13号,126.5211509,45.86811856,1.0,38.0,,368,公寓住宅,民用,7.6,12,-3.27,5636.0,Heilongjiang,Haerbin,Hulan,Heilongjiang-Haerbin
266721,高鑫首府,哈尔滨,江北,学院路,2016,多层|高层,"荣昌路,近鹤哈高速",126.5264271,45.86157704,1.0,30.0,36703.0,474,公寓住宅,民用,7.7,12,0.0,6761.0,Heilongjiang,Haerbin,Hulan,Heilongjiang-Haerbin
266720,泰和轩,哈尔滨,江北,学院路,2009,多层|小高层,警官路9号,126.5386435,45.86814804,1.0,35.6,,731,公寓住宅,民用,7.6,12,0.0,7071.0,Heilongjiang,Haerbin,Hulan,Heilongjiang-Haerbin
270001,君豪新城(商住楼),哈尔滨,呼兰,呼兰城区,2017,高层,利民大道888号,126.5752029,45.94093883,,23.0,,0,商住楼,商用,6.8,12,0.0,4054.0,Heilongjiang,Haerbin,Hulan,Heilongjiang-Haerbin
266803,柏林印象,哈尔滨,江北,南京路,2010,多层|高层,南京路,126.5884631,45.88742051,1.0,40.0,,560,公寓住宅,民用,7.3,12,-3.58,6854.0,Heilongjiang,Haerbin,Hulan,Heilongjiang-Haerbin
266802,星河国阅公馆,哈尔滨,江北,南京路,2011,高层,南京路7号,126.5638466,45.88989715,1.0,25.0,,346,公寓住宅,民用,7.5,12,0.0,7475.0,Heilongjiang,Haerbin,Hulan,Heilongjiang-Haerbin
266800,杉尼家园,哈尔滨,江北,南京路,2005,多层,"南京路,近呼兰大道",126.5965002,45.88943212,1.0,36.0,,353,公寓住宅,民用,7.4,12,0.0,10483.0,Heilongjiang,Haerbin,Hulan,Heilongjiang-Haerbin
266785,黑龙江农垦职业学院家属楼,哈尔滨,江北,滨才城,1998,小高层,学院路660号,126.5191552,45.8735502,1.0,20.0,,324,公寓住宅,民用,7.2,12,0.0,5300.0,Heilongjiang,Haerbin,Hulan,Heilongjiang-Haerbin
266787,华远新家园,哈尔滨,江北,南京路,2013,多层|小高层,"南京路,近远东大街",126.5669919,45.89076213,1.0,40.0,,2935,公寓住宅,民用,7.8,12,3.01,7810.0,Heilongjiang,Haerbin,Hulan,Heilongjiang-Haerbin
266788,国基名墅,哈尔滨,江北,南京路,2014,低层,南京路,126.5620809,45.88551902,1.0,40.0,,0,别墅,民用,7.5,12,-0.53,9262.0,Heilongjiang,Haerbin,Hulan,Heilongjiang-Haerbin
266789,祥瑞府邸,哈尔滨,江北,南京路,2011,多层|高层,南京路,126.5885106,45.89090991,1.0,38.13,,2396,公寓住宅,民用,7.5,12,-0.95,7038.0,Heilongjiang,Haerbin,Hulan,Heilongjiang-Haerbin
266790,美兰家园,哈尔滨,江北,南京路,2011,多层,"南京路,近利民东四大街",126.5943011,45.88971884,1.0,37.0,,762,公寓住宅,民用,7.4,12,-0.02,8849.0,Heilongjiang,Haerbin,Hulan,Heilongjiang-Haerbin
266791,辰能溪树河谷,哈尔滨,江北,南京路,2013,高层,"南京路,近青岛大街",126.6094136,45.89066061,1.0,30.0,440000.0,1332,公寓住宅,民用,7.3,12,-0.38,8347.0,Heilongjiang,Haerbin,Hulan,Heilongjiang-Haerbin
266792,北海花园,哈尔滨,江北,南京路,2010,多层,"北京路,近上利民东三大街",126.5857656,45.89276337,1.0,20.0,,677,公寓住宅,民用,7.3,12,-0.64,7064.0,Heilongjiang,Haerbin,Hulan,Heilongjiang-Haerbin
266793,大众国际,哈尔滨,江北,南京路,2000,多层,"南京路,近利民东一大街",126.5725146,45.88743191,1.0,35.0,,1130,公寓住宅,民用,7.4,12,-3.19,8235.0,Heilongjiang,Haerbin,Hulan,Heilongjiang-Haerbin
266794,CBD瑞城,哈尔滨,江北,南京路,2015,小高层,北京路,126.5636708,45.89085724,1.0,31.0,,1638,公寓住宅,民用,7.3,12,-0.43,6678.0,Heilongjiang,Haerbin,Hulan,Heilongjiang-Haerbin
266795,江霆华府(二期),哈尔滨,江北,南京路,2011,多层|高层,南京路50号,126.6037656,45.88931592,1.0,38.9,,2757,公寓住宅,民用,7.2,12,-0.87,6743.0,Heilongjiang,Haerbin,Hulan,Heilongjiang-Haerbin
266796,北岸七英里,哈尔滨,江北,南京路,2012,多层|小高层,"南京路,近呼兰大道",126.6003627,45.88740756,1.0,32.5,,880,公寓住宅,民用,7.4,12,-0.7,5754.0,Heilongjiang,Haerbin,Hulan,Heilongjiang-Haerbin
266797,宏信广场,哈尔滨,江北,南京路,2009,多层,"南京路,近利民东一大街",126.5721818,45.89045657,1.0,40.0,,1293,公寓住宅,民用,7.5,12,-0.97,6299.0,Heilongjiang,Haerbin,Hulan,Heilongjiang-Haerbin
266798,山水文园,哈尔滨,江北,南京路,2010,多层|高层,"南京路,近利民东三大街",126.5858065,45.88976803,1.0,34.0,,540,公寓住宅,民用,7.5,12,-3.33,6909.0,Heilongjiang,Haerbin,Hulan,Heilongjiang-Haerbin
266799,盛世华庭,哈尔滨,江北,南京路,2012,高层,南京路,126.5647071,45.8892286,1.0,31.0,,503,公寓住宅,民用,7.6,12,0.0,7105.0,Heilongjiang,Haerbin,Hulan,Heilongjiang-Haerbin
266801,果菜小区,哈尔滨,江北,南京路,2010,多层|小高层,安兴路,126.603739,45.87479269,1.0,30.0,,1058,公寓住宅,民用,7.0,12,0.0,5348.0,Heilongjiang,Haerbin,Hulan,Heilongjiang-Haerbin
269014,天成溪树庭院,哈尔滨,松北,松北新区,Jun-21,小高层,"祥安北大街,近万宝大道",126.5107132,45.84303718,,49.0,,932,公寓住宅,民用,6.9,12,-0.52,8510.0,Heilongjiang,Haerbin,Hulan,Heilongjiang-Haerbin
266746,悦活里,哈尔滨,江北,利民开发区,2011,小高层|高层,"南京路,近利民大道",126.5534783,45.89067141,1.0,31.0,,4989,公寓住宅,民用,7.8,12,-0.83,7536.0,Heilongjiang,Haerbin,Hulan,Heilongjiang-Haerbin
269986,汇智悦锦湾,哈尔滨,呼兰,呼兰城区,2020,高层,"利民东一大街,近南京路",126.5687924,45.88785903,1.0,30.0,,2598,公寓住宅,民用,7.6,12,0.0,8125.0,Heilongjiang,Haerbin,Hulan,Heilongjiang-Haerbin
269977,亿兴维纳小镇,哈尔滨,呼兰,呼兰城区,2002,小高层,"和谐路,近利民东四大街",126.5904588,45.88368237,1.0,35.0,,1116,公寓住宅,民用,7.2,12,0.0,5437.0,Heilongjiang,Haerbin,Hulan,Heilongjiang-Haerbin
266825,名流新城,哈尔滨,江北,北京路,2010,多层|小高层,"北京路,近利民东一大街",126.5732618,45.89409128,1.0,43.0,,2910,公寓住宅,民用,7.9,12,-2.73,5831.0,Heilongjiang,Haerbin,Hulan,Heilongjiang-Haerbin
266826,滨才星城,哈尔滨,江北,北京路,2013,多层,呼兰大道626号,126.5872043,45.90159986,1.0,36.0,,3782,公寓住宅,民用,7.1,12,0.56,6124.0,Heilongjiang,Haerbin,Hulan,Heilongjiang-Haerbin
266827,浦江国际,哈尔滨,江北,北京路,2015,多层|高层,"利民东二大街,近欣盛路",126.5764806,45.90263171,1.0,40.0,950000.0,1547,公寓住宅,民用,7.5,12,0.0,6677.0,Heilongjiang,Haerbin,Hulan,Heilongjiang-Haerbin
266713,丽景花园,哈尔滨,江北,学院路,2011,小高层|高层,学院路178号,126.5360753,45.86977978,1.0,40.0,,3365,公寓住宅,民用,7.5,12,-0.42,6460.0,Heilongjiang,Haerbin,Hulan,Heilongjiang-Haerbin
266812,环保局家属楼(呼兰),哈尔滨,江北,南京路,2002,小高层,"利民东二大街,近南京路",126.5777314,45.88792521,1.0,30.0,,0,公寓住宅,民用,7.6,12,0.0,8075.0,Heilongjiang,Haerbin,Hulan,Heilongjiang-Haerbin
269982,瑞星花园,哈尔滨,呼兰,呼兰城区,2000,多层,欣盛路,126.5833118,45.9023097,1.0,30.0,,0,公寓住宅,民用,7.1,12,0.0,5923.0,Heilongjiang,Haerbin,Hulan,Heilongjiang-Haerbin
266756,义乌城,哈尔滨,江北,利民开发区,2017,多层|高层,哈肇公路,126.576827,45.94336005,1.0,30.0,6000000.0,864,公寓住宅,民用,7.1,12,0.0,3866.0,Heilongjiang,Haerbin,Hulan,Heilongjiang-Haerbin
266755,锦秀丽都(呼兰),哈尔滨,江北,利民开发区,2007,多层,"南京路,近利民大道",126.5548042,45.88450037,1.0,35.0,,479,公寓住宅,民用,7.6,12,0.0,6649.0,Heilongjiang,Haerbin,Hulan,Heilongjiang-Haerbin
266754,东侨国际,哈尔滨,江北,利民开发区,2020,多层|高层,"康安路,近永达路",126.5877107,45.87839915,1.0,33.98,,1760,公寓住宅,民用,7.5,12,1.08,6972.0,Heilongjiang,Haerbin,Hulan,Heilongjiang-Haerbin
269864,君豪新城,哈尔滨,呼兰,呼兰城区,2017,多层|高层,利民大道888号,126.576041,45.94183184,1.0,20.0,,5066,公寓住宅,民用,7.0,12,0.0,4022.0,Heilongjiang,Haerbin,Hulan,Heilongjiang-Haerbin
269866,江霆华府(三期),哈尔滨,呼兰,呼兰城区,2009,高层,"北京路,近呼兰大道",126.6046806,45.89141305,,40.3,,631,公寓住宅,民用,7.2,12,0.0,7161.0,Heilongjiang,Haerbin,Hulan,Heilongjiang-Haerbin
266784,滨才凤栖湖,哈尔滨,江北,滨才城,Apr-22,多层|小高层|高层,利民西五道街88号,126.5062037,45.88317866,,60.0,,1500,公寓住宅,民用,7.2,12,0.17,6709.0,Heilongjiang,Haerbin,Hulan,Heilongjiang-Haerbin
266747,华远龙湾,哈尔滨,江北,利民开发区,2012,多层,"利民东一大街,近和谐路",126.5742587,45.88306569,1.0,30.0,,1482,公寓住宅,民用,7.3,12,-0.34,6956.0,Heilongjiang,Haerbin,Hulan,Heilongjiang-Haerbin
269867,学府地带,哈尔滨,呼兰,呼兰城区,2000,小高层,南棵街26号,126.5408097,45.86955779,1.0,30.0,,0,公寓住宅,民用,7.6,12,0.0,6734.0,Heilongjiang,Haerbin,Hulan,Heilongjiang-Haerbin
269868,英兰之境,哈尔滨,呼兰,呼兰城区,2003,小高层,利民西五道街,126.5139924,45.8793808,1.0,30.0,,499,公寓住宅,民用,6.9,12,2.54,6609.0,Heilongjiang,Haerbin,Hulan,Heilongjiang-Haerbin
269869,黑建筑家属小区,哈尔滨,呼兰,呼兰城区,1995,多层,"学院路,近昆明大街",126.5085697,45.8713252,1.0,20.0,,960,公寓住宅,民用,7.2,12,0.0,5660.0,Heilongjiang,Haerbin,Hulan,Heilongjiang-Haerbin
266749,顺迈欣郡,哈尔滨,江北,利民开发区,2018,多层,"利民西三大街,近顺迈路",126.5427672,45.8804311,1.0,30.0,,1028,公寓住宅,民用,7.9,12,0.09,8860.0,Heilongjiang,Haerbin,Hulan,Heilongjiang-Haerbin
269813,教师公寓(呼兰),哈尔滨,双城,双城城区,2009,多层|小高层,群英大街1号,126.5215994,45.87177144,1.0,20.0,,245,公寓住宅,民用,7.1,12,0.0,6851.0,Heilongjiang,Haerbin,Hulan,Heilongjiang-Haerbin
266751,弘基世纪城,哈尔滨,江北,利民开发区,2010,多层|高层,"利民东四大街,近和谐路",126.5955808,45.88328594,1.0,35.0,,2694,公寓住宅,民用,7.4,12,0.11,7073.0,Heilongjiang,Haerbin,Hulan,Heilongjiang-Haerbin
266748,海吉雅乐都,哈尔滨,江北,利民开发区,2008,高层,"远东大街,近北海路",126.5683719,45.88040548,1.0,40.0,,1351,公寓住宅,民用,7.7,12,-0.2,7097.0,Heilongjiang,Haerbin,Hulan,Heilongjiang-Haerbin
266828,春天故事小区,哈尔滨,江北,北京路,2012,高层,北京西路1号,126.552539,45.89437582,1.0,35.0,,1128,公寓住宅,民用,7.7,12,-0.28,6788.0,Heilongjiang,Haerbin,Hulan,Heilongjiang-Haerbin
266783,法兰之香,哈尔滨,江北,滨才城,2014,多层|高层,学院路,126.5188979,45.88187799,1.0,20.0,,1032,公寓住宅,民用,7.2,12,-1.39,6688.0,Heilongjiang,Haerbin,Hulan,Heilongjiang-Haerbin
266781,塞纳维拉小区,哈尔滨,江北,滨才城,2012,多层,鹤哈高速,126.5238093,45.87725854,1.0,30.0,,3095,公寓住宅,民用,7.7,12,0.8,6513.0,Heilongjiang,Haerbin,Hulan,Heilongjiang-Haerbin
266733,太阳新城,哈尔滨,江北,学院路,2005,低层,利民大道102号,126.5382015,45.85411912,,30.0,,0,别墅,民用,7.4,12,0.0,10105.0,Heilongjiang,Haerbin,Hulan,Heilongjiang-Haerbin
266817,阳光嘉园,哈尔滨,江北,南京路,2007,小高层,"南京路,近利民东四道街",126.5910164,45.88815696,1.0,45.0,,168,公寓住宅,民用,7.3,12,0.0,5652.0,Heilongjiang,Haerbin,Hulan,Heilongjiang-Haerbin
266818,宜园公馆,哈尔滨,江北,南京路,2000,多层|高层,南京路50号,126.6119827,45.88985682,1.0,30.0,,204,公寓住宅,民用,7.0,12,0.0,6299.0,Heilongjiang,Haerbin,Hulan,Heilongjiang-Haerbin
266819,柒季城,哈尔滨,江北,志华商城,2012,多层|小高层,"荣昌路,近利民大道",126.5425562,45.86498453,1.0,32.0,,6759,公寓住宅,民用,7.3,12,0.03,6336.0,Heilongjiang,Haerbin,Hulan,Heilongjiang-Haerbin
266820,志华商城,哈尔滨,江北,志华商城,2003,多层,学院二道街98号,126.5441383,45.86870874,1.0,37.8,,2987,公寓住宅,民用,7.3,12,0.54,5660.0,Heilongjiang,Haerbin,Hulan,Heilongjiang-Haerbin
266821,裕发新城,哈尔滨,江北,志华商城,2008,多层,警官路8号,126.5390505,45.86573024,1.0,30.0,,2908,公寓住宅,民用,7.4,12,0.24,6846.0,Heilongjiang,Haerbin,Hulan,Heilongjiang-Haerbin
266822,聚源花园,哈尔滨,江北,志华商城,2007,多层|高层,院南路190号,126.5405401,45.86829147,1.0,35.0,,404,公寓住宅,民用,7.5,12,0.0,8273.0,Heilongjiang,Haerbin,Hulan,Heilongjiang-Haerbin
266823,泓林金色地标三期,哈尔滨,江北,志华商城,2005,多层|高层,利民大道,126.5491353,45.87231672,1.0,20.0,39727.0,600,公寓住宅,民用,7.3,12,0.0,8373.0,Heilongjiang,Haerbin,Hulan,Heilongjiang-Haerbin
269990,汇宏时代广场(公寓住宅),哈尔滨,呼兰,呼兰城区,2020,高层,杉杉路,126.5576807,45.87323093,,30.0,,0,公寓住宅,民用,7.2,12,0.0,10326.0,Heilongjiang,Haerbin,Hulan,Heilongjiang-Haerbin
266736,教师公寓(呼兰),哈尔滨,江北,学院路,2009,多层|小高层,群英大街1号,126.5215994,45.87177144,1.0,20.0,,245,公寓住宅,民用,7.1,12,0.0,6851.0,Heilongjiang,Haerbin,Hulan,Heilongjiang-Haerbin
269993,绿海田园(别墅),哈尔滨,呼兰,呼兰城区,2006,低层,南京路,126.5580078,45.88808137,,50.0,,0,别墅,民用,7.1,12,0.0,7368.0,Heilongjiang,Haerbin,Hulan,Heilongjiang-Haerbin
266735,宏晟时代广场,哈尔滨,江北,学院路,2015,多层,浦江路18号,126.5415197,45.8576043,1.0,35.0,,339,公寓住宅,民用,7.4,12,0.0,6527.0,Heilongjiang,Haerbin,Hulan,Heilongjiang-Haerbin
266813,南京花园,哈尔滨,江北,南京路,2008,多层,南京路,126.574354,45.89035766,1.0,36.0,,465,公寓住宅,民用,7.5,12,0.0,6506.0,Heilongjiang,Haerbin,Hulan,Heilongjiang-Haerbin
266814,大众国际(别墅),哈尔滨,江北,南京路,2000,低层,南京路,126.5717075,45.88677563,,35.0,,0,别墅,民用,7.2,12,0.0,9613.0,Heilongjiang,Haerbin,Hulan,Heilongjiang-Haerbin
266815,林达外语城,哈尔滨,江北,南京路,2019,高层,美术家大街666号,126.532008,45.87857099,,11.0,,0,公寓住宅,民用,7.2,12,0.0,9090.0,Heilongjiang,Haerbin,Hulan,Heilongjiang-Haerbin
266816,食品药品检验检测中心专家公寓,哈尔滨,江北,南京路,2000,高层,南京路,126.6118711,45.88885741,1.0,30.0,,30,公寓住宅,民用,6.8,12,0.0,9425.0,Heilongjiang,Haerbin,Hulan,Heilongjiang-Haerbin
266737,金色地标,哈尔滨,江北,学院路,2007,多层|高层,学院路144号,126.5426717,45.87155665,1.0,20.0,,555,公寓住宅,民用,7.1,12,0.0,7917.0,Heilongjiang,Haerbin,Hulan,Heilongjiang-Haerbin
266757,梧桐湾,哈尔滨,江北,利民开发区,2009,多层,"和谐路,近利民东四大街",126.5910076,45.88552834,1.0,40.0,,1175,公寓住宅,民用,7.5,12,-0.12,7370.0,Heilongjiang,Haerbin,Hulan,Heilongjiang-Haerbin
266824,农行职工集资楼,哈尔滨,江北,志华商城,1999,多层,利民东二大街,126.5777709,45.88828188,1.0,20.0,,244,公寓住宅,民用,7.6,12,0.0,8755.0,Heilongjiang,Haerbin,Hulan,Heilongjiang-Haerbin
266763,绿海田园(西区),哈尔滨,江北,利民开发区,2006,多层,南京路1号,126.5575547,45.88823316,1.0,50.0,,474,公寓住宅,民用,7.6,12,-0.91,5906.0,Heilongjiang,Haerbin,Hulan,Heilongjiang-Haerbin
269989,汇宏时代广场(商住楼),哈尔滨,呼兰,呼兰城区,2020,高层,利民大道,126.5578734,45.87338168,,30.0,,0,商住楼,商用,7.3,12,0.0,11388.0,Heilongjiang,Haerbin,Hulan,Heilongjiang-Haerbin
266745,富佳新天地,哈尔滨,江北,利民开发区,2011,多层|高层|超高层,"宝安路,近药园一路",126.5647136,45.90941727,1.0,35.0,,3906,公寓住宅,民用,7.4,12,0.21,5977.0,Heilongjiang,Haerbin,Hulan,Heilongjiang-Haerbin
266764,贵府尚佳,哈尔滨,江北,利民开发区,2013,多层,"南京路,近上海大街",126.5863007,45.88687033,1.0,20.0,,304,公寓住宅,民用,7.5,12,0.0,6428.0,Heilongjiang,Haerbin,Hulan,Heilongjiang-Haerbin
266766,哈轴集资楼,哈尔滨,江北,利民开发区,2009,多层,"北京路,近利民东一大街",126.5736267,45.89294222,1.0,30.0,,532,公寓住宅,民用,7.3,12,0.0,7288.0,Heilongjiang,Haerbin,Hulan,Heilongjiang-Haerbin
266767,美澳花园,哈尔滨,江北,利民开发区,2005,多层,远东大街211号,126.5689221,45.89122922,1.0,38.0,,141,公寓住宅,民用,7.6,12,0.0,6923.0,Heilongjiang,Haerbin,Hulan,Heilongjiang-Haerbin
266768,锦园(呼兰),哈尔滨,江北,利民开发区,2005,低层,"利民大道,近南京路",126.5577357,45.88552244,,50.0,,0,别墅,民用,7.5,12,-0.24,9588.0,Heilongjiang,Haerbin,Hulan,Heilongjiang-Haerbin
266769,慧隆苑,哈尔滨,江北,利民开发区,2015,低层,利民东一大街,126.5647647,45.88663926,1.0,53.0,,0,别墅,民用,7.7,12,-0.22,9153.0,Heilongjiang,Haerbin,Hulan,Heilongjiang-Haerbin
266770,大都会华城(别墅),哈尔滨,江北,利民开发区,2014,低层,顺迈路,126.5493546,45.88193067,1.0,47.77,,0,别墅,民用,7.1,12,0.0,14252.0,Heilongjiang,Haerbin,Hulan,Heilongjiang-Haerbin
266771,义乌城(别墅),哈尔滨,江北,利民开发区,2014,低层,哈肇公路,126.5767418,45.9429963,,50.0,,0,别墅,民用,6.6,12,0.0,8730.0,Heilongjiang,Haerbin,Hulan,Heilongjiang-Haerbin
266775,美丽人家,哈尔滨,江北,利民开发区,2001,多层|小高层,远东大街,126.5710494,45.88182009,,35.0,,0,公寓住宅,民用,6.8,12,0.0,7935.0,Heilongjiang,Haerbin,Hulan,Heilongjiang-Haerbin
266777,柏林四季,哈尔滨,江北,柏林四季,2011,多层,"学院路,近莱恩河街",126.525152,45.86900334,1.0,35.0,,5208,公寓住宅,民用,7.4,12,0.64,6437.0,Heilongjiang,Haerbin,Hulan,Heilongjiang-Haerbin
266779,黑龙江农垦职业学院家属楼,哈尔滨,江北,柏林四季,1998,小高层,学院路660号,126.5191552,45.8735502,1.0,20.0,,324,公寓住宅,民用,7.2,12,0.0,5300.0,Heilongjiang,Haerbin,Hulan,Heilongjiang-Haerbin
266780,滨才城,哈尔滨,江北,滨才城,2010,多层|高层,学院路770号,126.507182,45.87712508,1.0,65.0,,9861,公寓住宅,民用,7.3,12,-0.08,6792.0,Heilongjiang,Haerbin,Hulan,Heilongjiang-Haerbin
266762,绿海田园(东区),哈尔滨,江北,利民开发区,2006,多层,利民东一大街,126.5646182,45.88798983,1.0,50.0,,468,公寓住宅,民用,7.6,12,0.0,6801.0,Heilongjiang,Haerbin,Hulan,Heilongjiang-Haerbin
266761,江霆华府(三期),哈尔滨,江北,利民开发区,2009,高层,"北京路,近呼兰大道",126.6046806,45.89141305,,40.3,,631,公寓住宅,民用,7.2,12,0.0,7161.0,Heilongjiang,Haerbin,Hulan,Heilongjiang-Haerbin
266760,金豪斯经典,哈尔滨,江北,利民开发区,2010,多层,"和谐路,近安康路",126.5868491,45.88484507,1.0,32.0,,611,公寓住宅,民用,7.4,12,-0.5,6553.0,Heilongjiang,Haerbin,Hulan,Heilongjiang-Haerbin
266759,溪水湾,哈尔滨,江北,利民开发区,2011,多层,"南京路,近哈黑公路",126.5971887,45.88607593,1.0,38.0,,1089,公寓住宅,民用,7.5,12,0.89,6041.0,Heilongjiang,Haerbin,Hulan,Heilongjiang-Haerbin
266739,生态学院家属区,哈尔滨,江北,学院路,1993,多层|小高层,学院路77号,126.4954099,45.87325699,1.0,20.0,,240,公寓住宅,民用,6.5,12,0.0,4950.0,Heilongjiang,Haerbin,Hulan,Heilongjiang-Haerbin
266811,汇智悦景湾,哈尔滨,江北,南京路,2021,高层,利民大道765号,126.5691753,45.88739382,,30.0,,1292,公寓住宅,民用,7.7,12,0.0,7701.0,Heilongjiang,Haerbin,Hulan,Heilongjiang-Haerbin
266758,公元天下,哈尔滨,江北,利民开发区,2020,多层|小高层,"北京路,近利民西二大街",126.5479929,45.89422174,1.0,40.0,,1217,公寓住宅,民用,7.8,12,0.0,6791.0,Heilongjiang,Haerbin,Hulan,Heilongjiang-Haerbin
266732,泓林金色地标(一期),哈尔滨,江北,学院路,2005,多层,"学院路,近利民大街",126.5445196,45.87157059,1.0,20.0,,409,公寓住宅,民用,7.1,12,3.65,7753.0,Heilongjiang,Haerbin,Hulan,Heilongjiang-Haerbin
266740,伸马领寓,哈尔滨,江北,学院路,2012,高层,"利民西八大街,近学院路",126.4924664,45.87403676,1.0,30.0,,253,公寓住宅,民用,7.2,12,0.0,6721.0,Heilongjiang,Haerbin,Hulan,Heilongjiang-Haerbin
266782,幸福新居,哈尔滨,江北,滨才城,2013,多层|高层,利民西五大街,126.5136329,45.87649887,1.0,30.0,,1971,公寓住宅,民用,7.5,12,-3.07,6367.0,Heilongjiang,Haerbin,Hulan,Heilongjiang-Haerbin
266742,地恒托斯卡纳,哈尔滨,江北,利民开发区,2019,小高层|高层,利民大道761号,126.5553076,45.8825908,1.0,30.0,1500000.0,13371,公寓住宅,民用,7.5,12,-0.77,10931.0,Heilongjiang,Haerbin,Hulan,Heilongjiang-Haerbin
266730,米兰DC(二期),哈尔滨,江北,学院路,2010,多层|高层,学院路,126.5390406,45.86952773,1.0,30.0,,272,公寓住宅,民用,7.5,12,0.0,9708.0,Heilongjiang,Haerbin,Hulan,Heilongjiang-Haerbin
266729,伸马祥园,哈尔滨,江北,学院路,2007,多层,学院路795号,126.5133948,45.87234825,1.0,35.0,,185,公寓住宅,民用,7.4,12,0.0,7750.0,Heilongjiang,Haerbin,Hulan,Heilongjiang-Haerbin
266728,地理信息产业园小区,哈尔滨,江北,学院路,2005,多层,学院路380号,126.4874389,45.86991479,1.0,30.0,,462,公寓住宅,民用,7.0,12,0.0,6514.0,Heilongjiang,Haerbin,Hulan,Heilongjiang-Haerbin
266727,大都会华城,哈尔滨,江北,学院路,2014,高层,"利民大道,近顺迈路",126.549327,45.88320774,1.0,45.0,60000.0,248,公寓住宅,民用,7.3,12,0.0,17054.0,Heilongjiang,Haerbin,Hulan,Heilongjiang-Haerbin
266743,伸马托斯卡纳,哈尔滨,江北,利民开发区,2010,小高层,利民大道607号,126.555212,45.88026262,1.0,27.0,252720.0,2106,公寓住宅,民用,7.3,12,-1.5,8247.0,Heilongjiang,Haerbin,Hulan,Heilongjiang-Haerbin
266726,华尚万象新天地,哈尔滨,江北,学院路,2014,小高层|高层,利民大道192号,126.5386676,45.85602761,1.0,35.0,640000.0,2098,公寓住宅,民用,7.5,12,0.22,6500.0,Heilongjiang,Haerbin,Hulan,Heilongjiang-Haerbin
266725,米兰DC(一期),哈尔滨,江北,学院路,2000,多层|高层,学院路188号,126.5387455,45.87098133,1.0,30.0,,344,公寓住宅,民用,7.6,12,0.0,10080.0,Heilongjiang,Haerbin,Hulan,Heilongjiang-Haerbin
266731,哈尔滨师范大学职工住宅(呼兰),哈尔滨,江北,学院路,2004,小高层,卓展路,126.5570227,45.87162099,1.0,30.0,,2559,公寓住宅,民用,7.4,12,0.0,6878.0,Heilongjiang,Haerbin,Hulan,Heilongjiang-Haerbin
266829,裕田小区,哈尔滨,江北,北京路,2008,多层|小高层,"利民东二大街,近呼兰大道",126.578342,45.90837345,1.0,20.0,,1153,公寓住宅,民用,7.4,12,0.0,4574.0,Heilongjiang,Haerbin,Hulan,Heilongjiang-Haerbin
266715,师大嘉园,哈尔滨,江北,学院路,2013,多层,利民大道560号,126.540714,45.8619071,1.0,51.0,,2313,公寓住宅,民用,7.7,12,-0.58,6821.0,Heilongjiang,Haerbin,Hulan,Heilongjiang-Haerbin
266716,东方哥德堡,哈尔滨,江北,学院路,2010,多层|高层,时代大街,126.5235414,45.86204657,1.0,31.5,,2176,公寓住宅,民用,7.2,12,-0.65,6137.0,Heilongjiang,Haerbin,Hulan,Heilongjiang-Haerbin
269948,弘基世纪城(别墅),哈尔滨,呼兰,呼兰城区,2010,低层,和谐路,126.5940049,45.88321955,1.0,30.0,,0,别墅,民用,6.7,12,0.0,8733.0,Heilongjiang,Haerbin,Hulan,Heilongjiang-Haerbin
266717,金泰小区,哈尔滨,江北,学院路,2008,多层|小高层,"学院路,近利民西五道街",126.5185407,45.87157111,1.0,35.0,,2088,公寓住宅,民用,7.2,12,-0.12,6248.0,Heilongjiang,Haerbin,Hulan,Heilongjiang-Haerbin
266809,江霆华府(一期),哈尔滨,江北,南京路,2011,多层|高层,"松浦大道,近南京路",126.5986796,45.88952066,1.0,38.9,,827,公寓住宅,民用,7.4,12,-0.02,9104.0,Heilongjiang,Haerbin,Hulan,Heilongjiang-Haerbin
266808,龙福家园(呼兰),哈尔滨,江北,南京路,2020,高层,南京路2号,126.6187811,45.88796719,1.0,30.0,,708,公寓住宅,民用,7.1,12,0.0,6310.0,Heilongjiang,Haerbin,Hulan,Heilongjiang-Haerbin
266807,博莱雅园,哈尔滨,江北,南京路,2008,多层,"南京路,近利民东二大街",126.5761806,45.88993351,1.0,41.0,,338,公寓住宅,民用,7.6,12,0.0,5652.0,Heilongjiang,Haerbin,Hulan,Heilongjiang-Haerbin
269884,劳动技师学院家属楼,哈尔滨,呼兰,呼兰城区,2012,小高层,利民西八大街,126.4899938,45.88302421,1.0,30.0,,30,公寓住宅,民用,6.9,12,0.0,4166.0,Heilongjiang,Haerbin,Hulan,Heilongjiang-Haerbin
266718,大都会新天地,哈尔滨,江北,学院路,2011,小高层|高层,沈阳大街,126.5461511,45.88482624,1.0,40.0,125000.0,1674,公寓住宅,民用,7.5,12,0.41,8839.0,Heilongjiang,Haerbin,Hulan,Heilongjiang-Haerbin
269878,龙湾园著,哈尔滨,呼兰,呼兰城区,2020,高层,"和谐路,近利民东一大街",126.5717452,45.88025411,,30.0,,1594,公寓住宅,民用,7.6,12,0.0,8705.0,Heilongjiang,Haerbin,Hulan,Heilongjiang-Haerbin
266832,岸北桃源,哈尔滨,江北,北京路,2009,多层|高层,"南京路,近天津大街",126.5903998,45.88962021,1.0,35.0,,380,公寓住宅,民用,7.4,12,0.0,8048.0,Heilongjiang,Haerbin,Hulan,Heilongjiang-Haerbin
269971,裕强新村(西区),哈尔滨,呼兰,呼兰城区,2002,多层,利民西四大街,126.5322003,45.90062363,1.0,30.0,,288,公寓住宅,民用,6.4,12,0.0,3461.0,Heilongjiang,Haerbin,Hulan,Heilongjiang-Haerbin
266833,枫林溪语,哈尔滨,江北,北京路,2012,多层|小高层,利民大道,126.5775542,45.91220945,1.0,34.0,,856,公寓住宅,民用,7.1,12,-4.13,4718.0,Heilongjiang,Haerbin,Hulan,Heilongjiang-Haerbin
266835,颐品雅居,哈尔滨,江北,北京路,Dec-21,小高层|高层,"和谐路,近松浦大道",126.6013192,45.88467061,,30.0,145000.0,661,公寓住宅,民用,7.4,12,0.0,8058.0,Heilongjiang,Haerbin,Hulan,Heilongjiang-Haerbin
266836,长禹星港湾,哈尔滨,江北,北京路,2017,高层,"利民大道,近呼兰大道",126.5753254,45.90875161,1.0,30.0,692290.0,1093,公寓住宅,民用,7.5,12,-9.06,6686.0,Heilongjiang,Haerbin,Hulan,Heilongjiang-Haerbin
266837,沿江名苑,哈尔滨,江北,北京路,2007,高层,"远东大街,近北京路 ",126.5712846,45.89296308,1.0,27.0,,0,公寓住宅,民用,7.2,12,0.0,8028.0,Heilongjiang,Haerbin,Hulan,Heilongjiang-Haerbin
266714,学伟国际城,哈尔滨,江北,学院路,2011,多层|小高层|高层,"利民西三大街,近绕城高速",126.541149,45.85968301,1.0,30.0,,3022,公寓住宅,民用,7.6,12,-2.45,8493.0,Heilongjiang,Haerbin,Hulan,Heilongjiang-Haerbin
269895,华居水木天成(二期),哈尔滨,呼兰,呼兰城区,2015,高层,杉杉路,126.5646886,45.87209002,1.0,30.0,,1217,公寓住宅,民用,7.2,12,0.0,9000.0,Heilongjiang,Haerbin,Hulan,Heilongjiang-Haerbin
269896,汇智悦墅湾,哈尔滨,呼兰,呼兰城区,Aug-21,高层,南京路,126.562131,45.8880407,1.0,30.0,,1700,公寓住宅,民用,7.5,12,0.0,7708.0,Heilongjiang,Haerbin,Hulan,Heilongjiang-Haerbin
270013,国土资源局家属楼(呼兰),哈尔滨,呼兰,呼兰城区,1998,多层,"南京路,近利民东四大街",126.5919396,45.88994151,1.0,20.0,,168,公寓住宅,民用,7.1,12,0.0,7603.0,Heilongjiang,Haerbin,Hulan,Heilongjiang-Haerbin
269898,西湖松江印月,哈尔滨,呼兰,呼兰城区,Apr-22,高层,利民大道1号,126.5521405,45.85470353,,60.0,,0,公寓住宅,民用,7.5,12,0.0,8202.0,Heilongjiang,Haerbin,Hulan,Heilongjiang-Haerbin
266831,幸福港湾,哈尔滨,江北,北京路,2012,小高层,南京路6号,126.6194467,45.88777894,1.0,40.0,,360,公寓住宅,民用,7.2,12,0.0,7473.0,Heilongjiang,Haerbin,Hulan,Heilongjiang-Haerbin
266834,福民小区,哈尔滨,江北,北京路,2013,高层,南京路369号,126.549656,45.89280675,1.0,30.0,,544,公寓住宅,民用,7.2,12,-0.08,7181.0,Heilongjiang,Haerbin,Hulan,Heilongjiang-Haerbin
269965,利民综合楼,哈尔滨,呼兰,呼兰城区,2005,小高层,兴业东路,126.5960545,45.89899028,1.0,30.0,,30,公寓住宅,民用,7.3,12,0.0,5129.0,Heilongjiang,Haerbin,Hulan,Heilongjiang-Haerbin
266830,金帝花城,哈尔滨,江北,北京路,2011,多层|高层,北京路19号,126.5821458,45.89124105,1.0,43.44,,708,公寓住宅,民用,7.6,12,0.0,9852.0,Heilongjiang,Haerbin,Hulan,Heilongjiang-Haerbin
269972,裕强新村(东区),哈尔滨,呼兰,呼兰城区,2006,多层,利民西四大街,126.5344976,45.90030397,1.0,30.0,,768,公寓住宅,民用,6.9,12,0.0,4674.0,Heilongjiang,Haerbin,Hulan,Heilongjiang-Haerbin
266753,福城家园,哈尔滨,江北,利民开发区,2010,多层,和谐路,126.5892613,45.88466903,1.0,30.0,,909,公寓住宅,民用,7.3,12,-1.88,6326.0,Heilongjiang,Haerbin,Hulan,Heilongjiang-Haerbin
269893,君豪新城(别墅),哈尔滨,呼兰,呼兰城区,2017,低层,利民大道888号,126.5760635,45.94261756,,30.0,,0,别墅,民用,6.9,12,0.0,8054.0,Heilongjiang,Haerbin,Hulan,Heilongjiang-Haerbin
264050,电池小区,哈尔滨,南岗,大成,1993,小高层,宣化街451号,126.6641104,45.76445024,1.0,20.0,,0,公寓住宅,民用,7.7,12,0.0,7600.0,Heilongjiang,Haerbin,Nangang,Heilongjiang-Haerbin
263834,畜牧局家属楼(南岗),哈尔滨,南岗,博物馆,2002,小高层,小阿什江街8号,126.6488999,45.75457736,1.0,30.0,,84,公寓住宅,民用,8.1,12,0.0,8600.0,Heilongjiang,Haerbin,Nangang,Heilongjiang-Haerbin
263835,省实验中学家属楼,哈尔滨,南岗,博物馆,1991,小高层,海城街5号,126.6389691,45.74754256,1.0,20.0,,28,公寓住宅,民用,7.8,12,0.0,8648.0,Heilongjiang,Haerbin,Nangang,Heilongjiang-Haerbin
263836,洁净街小区(洁净街90号-104号(双号)),哈尔滨,南岗,博物馆,1992,小高层,洁净街90号-104号(双号),126.6526281,45.75184546,1.0,20.0,,198,公寓住宅,民用,7.5,12,0.0,10307.0,Heilongjiang,Haerbin,Nangang,Heilongjiang-Haerbin
263837,"海城街小区(海城街22号-28号(双号),繁荣街20号)",哈尔滨,南岗,博物馆,2007,小高层,"海城街22号-28号(双号),繁荣街20号",126.6375738,45.74773745,1.0,30.0,,90,公寓住宅,民用,8.1,12,0.0,10571.0,Heilongjiang,Haerbin,Nangang,Heilongjiang-Haerbin
263838,"革新街小区((革新街234号-244号(双号),文平街31-33号)",哈尔滨,南岗,博物馆,2006,小高层,"革新街234号-244号,文平街31-33号",126.6452866,45.74464989,1.0,30.0,,251,公寓住宅,民用,7.8,12,0.0,8778.0,Heilongjiang,Haerbin,Nangang,Heilongjiang-Haerbin
263839,阿什河街105号小区,哈尔滨,南岗,博物馆,1991,小高层,阿什河街105号,126.638042,45.76098171,1.0,20.0,,0,公寓住宅,民用,8.1,12,0.0,18823.0,Heilongjiang,Haerbin,Nangang,Heilongjiang-Haerbin
263840,革新街129号小区,哈尔滨,南岗,博物馆,2006,小高层,革新街129号,126.6481686,45.74699829,1.0,30.0,,80,公寓住宅,民用,8.0,12,0.0,8162.0,Heilongjiang,Haerbin,Nangang,Heilongjiang-Haerbin
263841,连戎街4号小区,哈尔滨,南岗,博物馆,2002,小高层,连戎街4号,126.6458472,45.7525948,1.0,30.0,,30,公寓住宅,民用,8.5,12,0.0,10000.0,Heilongjiang,Haerbin,Nangang,Heilongjiang-Haerbin
263842,中和街39号小区,哈尔滨,南岗,博物馆,2005,小高层,中和街39号,126.6528855,45.75492839,1.0,30.0,,126,公寓住宅,民用,8.0,12,0.0,7428.0,Heilongjiang,Haerbin,Nangang,Heilongjiang-Haerbin
263843,比乐街165号小区,哈尔滨,南岗,博物馆,2012,小高层,比乐街165号,126.6485931,45.75041286,1.0,30.0,,126,公寓住宅,民用,7.9,12,0.0,5967.0,Heilongjiang,Haerbin,Nangang,Heilongjiang-Haerbin
262197,万达华宅(E区),哈尔滨,南岗,哈西,2012,高层,西宁南路,126.5807906,45.69652599,1.0,35.0,,928,公寓住宅,民用,8.5,12,-0.21,14100.0,Heilongjiang,Haerbin,Nangang,Heilongjiang-Haerbin
263844,"第二巴陵街小区(第二巴陵街12号,14号)",哈尔滨,南岗,博物馆,1991,小高层,"第二巴陵街12号,14号",126.6436473,45.74515535,1.0,20.0,,91,公寓住宅,民用,7.8,12,0.0,7419.0,Heilongjiang,Haerbin,Nangang,Heilongjiang-Haerbin
263845,光芒街42号小区,哈尔滨,南岗,博物馆,1991,小高层,光芒街42号,126.6520832,45.74821755,1.0,20.0,,138,公寓住宅,民用,7.9,12,0.0,10437.0,Heilongjiang,Haerbin,Nangang,Heilongjiang-Haerbin
263846,文艺街12号小区,哈尔滨,南岗,博物馆,2000,小高层,文艺街12号,126.6400451,45.73827795,1.0,30.0,,0,公寓住宅,民用,7.7,12,0.0,6666.0,Heilongjiang,Haerbin,Nangang,Heilongjiang-Haerbin
263847,松明街33号小区,哈尔滨,南岗,博物馆,1991,多层,松明街33号,126.616132,45.73635189,1.0,20.0,,123,公寓住宅,民用,7.8,12,0.0,10000.0,Heilongjiang,Haerbin,Nangang,Heilongjiang-Haerbin
263848,松明街14号小区,哈尔滨,南岗,博物馆,1991,小高层,松明街14号,126.6185341,45.73769967,1.0,20.0,,72,公寓住宅,民用,7.8,12,0.0,9818.0,Heilongjiang,Haerbin,Nangang,Heilongjiang-Haerbin
263849,宣化街236号小区,哈尔滨,南岗,博物馆,1998,小高层,宣化街236号,126.661263,45.75550875,1.0,20.0,,108,公寓住宅,民用,7.7,12,0.0,10000.0,Heilongjiang,Haerbin,Nangang,Heilongjiang-Haerbin
263850,"宁江胡同小区(3号,鞍山街54号)",哈尔滨,南岗,博物馆,1991,小高层,"宁江胡同3号,鞍山街54号",126.6452716,45.76103352,1.0,20.0,,80,公寓住宅,民用,8.5,12,0.0,17968.0,Heilongjiang,Haerbin,Nangang,Heilongjiang-Haerbin
263851,果戈里大街286号小区,哈尔滨,南岗,博物馆,1991,小高层,果戈里大街286号,126.6449675,45.7550147,1.0,20.0,,32,公寓住宅,民用,7.9,12,0.0,11562.0,Heilongjiang,Haerbin,Nangang,Heilongjiang-Haerbin
263852,"分部街小区(分部街7号,7-1号,国庆街8号)",哈尔滨,南岗,博物馆,1991,小高层,"分部街7号,7-1号,国庆街8号",126.660337,45.74956604,1.0,20.0,,208,公寓住宅,民用,7.4,12,0.0,5982.0,Heilongjiang,Haerbin,Nangang,Heilongjiang-Haerbin
262198,海德堡家园,哈尔滨,南岗,哈西,2012,多层,新山路34号,126.5557812,45.67176393,1.0,37.8,,448,公寓住宅,民用,7.5,12,-0.56,7040.0,Heilongjiang,Haerbin,Nangang,Heilongjiang-Haerbin
263833,"比乐街小区(比乐街226号,228号)",哈尔滨,南岗,博物馆,2012,小高层,"比乐街226号,228号",126.6506492,45.75136642,1.0,30.0,,56,公寓住宅,民用,7.9,12,0.0,10537.0,Heilongjiang,Haerbin,Nangang,Heilongjiang-Haerbin
263832,人和胡同7-9号小区,哈尔滨,南岗,博物馆,1991,小高层,"人和胡同7号,9号",126.6527948,45.75886114,1.0,20.0,,214,公寓住宅,民用,7.9,12,0.0,8561.0,Heilongjiang,Haerbin,Nangang,Heilongjiang-Haerbin
263831,分部街65号小区,哈尔滨,南岗,博物馆,1991,小高层,分部街65号,126.6510649,45.75503427,1.0,20.0,,28,公寓住宅,民用,7.7,12,0.0,10101.0,Heilongjiang,Haerbin,Nangang,Heilongjiang-Haerbin
263812,木介小区,哈尔滨,南岗,博物馆,1993,多层,木介街56-10号,126.6368033,45.74624145,1.0,20.0,,285,公寓住宅,民用,7.9,12,0.0,7801.0,Heilongjiang,Haerbin,Nangang,Heilongjiang-Haerbin
263813,国民街11号小区,哈尔滨,南岗,博物馆,2012,多层,国民街11号,126.6431803,45.75348968,1.0,30.0,,0,公寓住宅,民用,8.3,12,0.0,12972.0,Heilongjiang,Haerbin,Nangang,Heilongjiang-Haerbin
263814,新永和街7号小区,哈尔滨,南岗,博物馆,2002,多层|小高层,新永和街7号,126.6495751,45.75611997,1.0,30.0,,82,公寓住宅,民用,8.0,12,0.0,8064.0,Heilongjiang,Haerbin,Nangang,Heilongjiang-Haerbin
262199,金海城,哈尔滨,南岗,哈西,2011,多层,哈双路280号,126.5487051,45.67450446,,25.0,,2009,公寓住宅,民用,7.3,12,0.02,7775.0,Heilongjiang,Haerbin,Nangang,Heilongjiang-Haerbin
263815,永和街46号小区,哈尔滨,南岗,博物馆,2000,小高层,永和街46号,126.6488131,45.75347066,1.0,30.0,,30,公寓住宅,民用,7.9,12,0.0,10115.0,Heilongjiang,Haerbin,Nangang,Heilongjiang-Haerbin
263816,上夹树街12号小区,哈尔滨,南岗,博物馆,1991,小高层,上夹树街12号,126.6262375,45.75142623,1.0,20.0,,147,公寓住宅,民用,8.1,12,0.0,11600.0,Heilongjiang,Haerbin,Nangang,Heilongjiang-Haerbin
263817,工程师街8号小区,哈尔滨,南岗,博物馆,2020,小高层,工程师街8号,126.6259215,45.74859548,1.0,30.0,,0,公寓住宅,民用,8.3,12,0.0,10576.0,Heilongjiang,Haerbin,Nangang,Heilongjiang-Haerbin
263818,人和街45号小区,哈尔滨,南岗,博物馆,2013,小高层,人和街45号,126.6531212,45.75665586,1.0,30.0,,87,公寓住宅,民用,8.0,12,0.0,10462.0,Heilongjiang,Haerbin,Nangang,Heilongjiang-Haerbin
263819,果戈里大街206号小区,哈尔滨,南岗,博物馆,1991,小高层,果戈里大街206号,126.6488807,45.7526676,1.0,20.0,,54,公寓住宅,民用,7.7,12,0.0,10427.0,Heilongjiang,Haerbin,Nangang,Heilongjiang-Haerbin
262196,龙职师苑,哈尔滨,南岗,哈西,2010,多层,学府二道街13号,126.6006008,45.71356261,1.0,30.0,,1157,公寓住宅,民用,8.2,12,0.0,11149.0,Heilongjiang,Haerbin,Nangang,Heilongjiang-Haerbin
263820,复华街10号小区,哈尔滨,南岗,博物馆,2008,小高层,复华街10号,126.6314891,45.74422368,1.0,30.0,,36,公寓住宅,民用,8.1,12,0.0,11666.0,Heilongjiang,Haerbin,Nangang,Heilongjiang-Haerbin
263822,复华街17号小区,哈尔滨,南岗,博物馆,2002,小高层,复华街17号,126.6316138,45.74460888,1.0,30.0,,42,公寓住宅,民用,8.0,12,0.0,12377.0,Heilongjiang,Haerbin,Nangang,Heilongjiang-Haerbin
263823,复华三道街27号小区,哈尔滨,南岗,博物馆,2011,小高层,复华三道街27号,126.6294734,45.74376037,1.0,30.0,,144,公寓住宅,民用,7.8,12,0.0,8444.0,Heilongjiang,Haerbin,Nangang,Heilongjiang-Haerbin
263824,复华四道街小区(复华四道街22号-50号(双号),哈尔滨,南岗,博物馆,2017,小高层,复华四道街22号-50号(双号),126.6325159,45.74457904,1.0,30.0,,200,公寓住宅,民用,8.3,12,0.0,10000.0,Heilongjiang,Haerbin,Nangang,Heilongjiang-Haerbin
263825,比乐街133号小区,哈尔滨,南岗,博物馆,2012,小高层,比乐街133号,126.6511861,45.75232539,1.0,30.0,,48,公寓住宅,民用,7.8,12,0.0,9085.0,Heilongjiang,Haerbin,Nangang,Heilongjiang-Haerbin
263826,人和街75号小区,哈尔滨,南岗,博物馆,2013,小高层,人和街75号,126.6506325,45.75446849,1.0,30.0,,105,公寓住宅,民用,7.9,12,0.0,10175.0,Heilongjiang,Haerbin,Nangang,Heilongjiang-Haerbin
263827,营部街小区(27-29号(单号)),哈尔滨,南岗,博物馆,1991,小高层,营部街27-29号(单号),126.6455999,45.74780174,1.0,20.0,,210,公寓住宅,民用,7.7,12,0.0,8378.0,Heilongjiang,Haerbin,Nangang,Heilongjiang-Haerbin
263828,复华三道街小区(复华三道街12号-20号(双号),哈尔滨,南岗,博物馆,2011,小高层,复华三道街12号-20号(双号),126.6325155,45.74577929,1.0,30.0,,60,公寓住宅,民用,8.0,12,0.0,14385.0,Heilongjiang,Haerbin,Nangang,Heilongjiang-Haerbin
263829,"巴陵街小区(巴陵街150号,156号)",哈尔滨,南岗,博物馆,1991,小高层,"巴陵街150号,156号",126.651496,45.75012092,1.0,20.0,,42,公寓住宅,民用,7.4,12,0.0,7531.0,Heilongjiang,Haerbin,Nangang,Heilongjiang-Haerbin
263830,"松花江街小区(松花江街84号,86号)",哈尔滨,南岗,博物馆,1991,小高层,"松花江街84号,86号",126.6255608,45.74859574,1.0,20.0,,40,公寓住宅,民用,7.9,12,0.0,10322.0,Heilongjiang,Haerbin,Nangang,Heilongjiang-Haerbin
263821,复华三道街小区(复华三道街44号-48号(双号)),哈尔滨,南岗,博物馆,2011,小高层,复华三道街44号-48号(双号),126.6301265,45.74372494,,30.0,,63,公寓住宅,民用,7.9,12,0.0,13296.0,Heilongjiang,Haerbin,Nangang,Heilongjiang-Haerbin
263811,交通街1号小区,哈尔滨,南岗,博物馆,2006,小高层,交通街1号,126.6421261,45.75135404,1.0,30.0,,0,公寓住宅,民用,7.9,12,0.0,9454.0,Heilongjiang,Haerbin,Nangang,Heilongjiang-Haerbin
262195,爱达壹号(A区),哈尔滨,南岗,哈西,2019,高层|超高层,哈西大街,126.5941922,45.69168909,1.0,30.0,588000.0,3081,公寓住宅,民用,8.3,12,0.02,15408.0,Heilongjiang,Haerbin,Nangang,Heilongjiang-Haerbin
263854,元和街22号小区,哈尔滨,南岗,博物馆,1991,小高层,元和街22号,126.6167333,45.73472729,1.0,20.0,,28,公寓住宅,民用,7.8,12,0.0,8300.0,Heilongjiang,Haerbin,Nangang,Heilongjiang-Haerbin
263882,龙江街90号小区,哈尔滨,南岗,博物馆,1991,小高层,龙江街90号,126.639888,45.76299877,1.0,20.0,,203,公寓住宅,民用,8.3,12,0.0,13731.0,Heilongjiang,Haerbin,Nangang,Heilongjiang-Haerbin
263883,"文成街小区(文成街34号,36号,文库街19号)",哈尔滨,南岗,博物馆,2000,小高层,"文成街34号,36号,文库街19号",126.6381866,45.73902603,1.0,30.0,,225,公寓住宅,民用,7.7,12,0.0,7428.0,Heilongjiang,Haerbin,Nangang,Heilongjiang-Haerbin
263884,小文明街小区(小文明街3号-7号(单号)),哈尔滨,南岗,博物馆,2004,多层,小文明街3号-7号(单号),126.648152,45.7429664,1.0,30.0,,63,公寓住宅,民用,7.5,12,0.0,8300.0,Heilongjiang,Haerbin,Nangang,Heilongjiang-Haerbin
263885,广电小区(南岗),哈尔滨,南岗,博物馆,1996,小高层,文林街11-19号,126.6384615,45.73537342,1.0,20.0,,1134,公寓住宅,民用,7.7,12,0.0,8135.0,Heilongjiang,Haerbin,Nangang,Heilongjiang-Haerbin
264056,中和街39号小区,哈尔滨,南岗,大成,2005,小高层,中和街39号,126.6528855,45.75492839,1.0,30.0,,126,公寓住宅,民用,8.0,12,0.0,7428.0,Heilongjiang,Haerbin,Nangang,Heilongjiang-Haerbin
263886,交电小区,哈尔滨,南岗,博物馆,2006,小高层,"交电街2,8,10,12号",126.6578318,45.7640485,1.0,30.0,,244,公寓住宅,民用,7.9,12,0.0,7567.0,Heilongjiang,Haerbin,Nangang,Heilongjiang-Haerbin
263887,文德街2号小区,哈尔滨,南岗,博物馆,1991,小高层,文德街2号,126.6470306,45.74103789,1.0,20.0,,132,公寓住宅,民用,7.7,12,0.0,9467.0,Heilongjiang,Haerbin,Nangang,Heilongjiang-Haerbin
263888,糖业公司家属楼,哈尔滨,南岗,博物馆,2000,小高层,"黑山街4-2号,8号,10号,10-2号",126.6569397,45.74883216,1.0,30.0,,220,公寓住宅,民用,7.2,12,0.0,8200.0,Heilongjiang,Haerbin,Nangang,Heilongjiang-Haerbin
263889,中山路246号小区,哈尔滨,南岗,博物馆,2012,多层,中山路246号,126.6475863,45.74774194,1.0,30.0,,168,公寓住宅,民用,8.1,12,0.0,7959.0,Heilongjiang,Haerbin,Nangang,Heilongjiang-Haerbin
263881,一曼街29-2号小区,哈尔滨,南岗,博物馆,2002,小高层,一曼街29-2号,126.6577121,45.77172269,1.0,30.0,,207,公寓住宅,民用,7.8,12,0.0,9146.0,Heilongjiang,Haerbin,Nangang,Heilongjiang-Haerbin
263890,"交通街小区(交通街4号-12号(双号),河沟街76号)",哈尔滨,南岗,博物馆,1989,小高层,"交通街4号-12号(双号),河沟街76号",126.6416215,45.75102484,1.0,20.0,,151,公寓住宅,民用,8.3,12,0.0,9636.0,Heilongjiang,Haerbin,Nangang,Heilongjiang-Haerbin
263892,通达街34号小区,哈尔滨,南岗,博物馆,2000,小高层,通达街34号,126.6173207,45.73441766,1.0,30.0,,180,公寓住宅,民用,8.1,12,0.0,9126.0,Heilongjiang,Haerbin,Nangang,Heilongjiang-Haerbin
263894,黑山街87号小区,哈尔滨,南岗,博物馆,1991,多层,黑山街87号,126.6508963,45.75357352,1.0,20.0,,102,公寓住宅,民用,7.7,12,0.0,6892.0,Heilongjiang,Haerbin,Nangang,Heilongjiang-Haerbin
263895,中山路210号小区,哈尔滨,南岗,博物馆,1990,多层,中山路210号,126.6537976,45.74255477,1.0,20.0,,90,公寓住宅,民用,7.5,12,0.0,8307.0,Heilongjiang,Haerbin,Nangang,Heilongjiang-Haerbin
263896,文道街41号小区,哈尔滨,南岗,博物馆,1980,小高层,文道街41号,126.6306778,45.73769676,1.0,20.0,,463,公寓住宅,民用,7.4,12,0.0,8250.0,Heilongjiang,Haerbin,Nangang,Heilongjiang-Haerbin
263897,地宝大厦,哈尔滨,南岗,博物馆,2003,高层,宣化街363号,126.6629888,45.76062027,1.0,30.0,,54,公寓住宅,民用,8.4,12,0.0,9629.0,Heilongjiang,Haerbin,Nangang,Heilongjiang-Haerbin
263898,革新街小区(革新街222号-228号(双号)),哈尔滨,南岗,博物馆,1990,多层,革新街222号-228号(双号),126.6457766,45.74499424,1.0,20.0,,96,公寓住宅,民用,7.8,12,0.0,8604.0,Heilongjiang,Haerbin,Nangang,Heilongjiang-Haerbin
263899,沈阳街小区(沈阳街2号-16号(双号)),哈尔滨,南岗,博物馆,1997,小高层,沈阳街2号-16号(双号),126.6407339,45.74908777,1.0,20.0,,849,公寓住宅,民用,8.0,12,0.0,7777.0,Heilongjiang,Haerbin,Nangang,Heilongjiang-Haerbin
263900,哈西华府(二期),哈尔滨,南岗,南岗周边,2017,小高层,新山路9号,126.5546469,45.66788515,1.0,33.98,,2730,公寓住宅,民用,7.4,12,-1.3,8319.0,Heilongjiang,Haerbin,Nangang,Heilongjiang-Haerbin
263901,骏赫城(A区),哈尔滨,南岗,南岗周边,2020,高层,"哈双路,近兴农大街",126.5369829,45.65529883,1.0,40.0,,3440,公寓住宅,民用,7.5,12,-0.24,9617.0,Heilongjiang,Haerbin,Nangang,Heilongjiang-Haerbin
263891,光芒街12-24号小区,哈尔滨,南岗,博物馆,1991,小高层,"光芒街12号,22号,24号",126.6544954,45.74636296,1.0,20.0,,161,公寓住宅,民用,7.5,12,0.0,7439.0,Heilongjiang,Haerbin,Nangang,Heilongjiang-Haerbin
263880,"松明街小区(松明街40号,40-2号)",哈尔滨,南岗,博物馆,1991,小高层,"松明街40号,40-2号",126.6151767,45.73496644,1.0,20.0,,63,公寓住宅,民用,7.6,12,0.0,8823.0,Heilongjiang,Haerbin,Nangang,Heilongjiang-Haerbin
263879,省监察厅家属楼,哈尔滨,南岗,博物馆,1991,小高层,长江路45号,126.6607595,45.74598141,1.0,20.0,,42,公寓住宅,民用,7.7,12,0.0,7972.0,Heilongjiang,Haerbin,Nangang,Heilongjiang-Haerbin
263878,木工街3号小区,哈尔滨,南岗,博物馆,2000,小高层,木工街3号,126.6211027,45.74630743,1.0,30.0,,45,公寓住宅,民用,8.5,12,0.0,9480.0,Heilongjiang,Haerbin,Nangang,Heilongjiang-Haerbin
263855,营部街21号小区,哈尔滨,南岗,博物馆,1991,多层,营部街21号,126.6462892,45.74695186,1.0,20.0,,110,公寓住宅,民用,7.8,12,0.0,8542.0,Heilongjiang,Haerbin,Nangang,Heilongjiang-Haerbin
263856,光芒街小区(光芒街94号-98号(双号)),哈尔滨,南岗,博物馆,1991,小高层,光芒街94号-98号(双号),126.6484,45.75122639,1.0,20.0,,133,公寓住宅,民用,7.6,12,0.0,9010.0,Heilongjiang,Haerbin,Nangang,Heilongjiang-Haerbin
263857,木介街小区(木介街6号-14号(双号)),哈尔滨,南岗,博物馆,1991,小高层,木介街6号-14号(双号),126.6427192,45.75130672,1.0,20.0,,339,公寓住宅,民用,8.2,12,0.0,8372.0,Heilongjiang,Haerbin,Nangang,Heilongjiang-Haerbin
263858,巴陵街95号小区,哈尔滨,南岗,博物馆,1991,小高层,巴陵街95号,126.6509421,45.75026647,1.0,20.0,,84,公寓住宅,民用,7.8,12,0.0,8437.0,Heilongjiang,Haerbin,Nangang,Heilongjiang-Haerbin
263859,大成街33号小区,哈尔滨,南岗,博物馆,1991,小高层,大成街33号,126.66729,45.75928372,1.0,20.0,,54,公寓住宅,民用,7.7,12,0.0,9375.0,Heilongjiang,Haerbin,Nangang,Heilongjiang-Haerbin
263860,邮政家属楼(文昌),哈尔滨,南岗,博物馆,2005,小高层,文昌街120号,126.6430768,45.73749227,1.0,30.0,,168,公寓住宅,民用,7.8,12,0.0,8435.0,Heilongjiang,Haerbin,Nangang,Heilongjiang-Haerbin
263861,公安厅家属楼,哈尔滨,南岗,博物馆,2000,小高层,中宣街15-23号,126.6583052,45.74143268,1.0,30.0,,115,公寓住宅,民用,7.7,12,0.0,9346.0,Heilongjiang,Haerbin,Nangang,Heilongjiang-Haerbin
263863,巴陵街小区(巴陵街196号-208号(双号)),哈尔滨,南岗,博物馆,1991,小高层,巴陵街196号-208号(双号),126.6494165,45.74882303,1.0,20.0,,140,公寓住宅,民用,7.7,12,0.0,7234.0,Heilongjiang,Haerbin,Nangang,Heilongjiang-Haerbin
263864,松明街小区(松明街42号-46号(双号)),哈尔滨,南岗,博物馆,1991,小高层,松明街42号-46号(双号),126.6150776,45.73482276,1.0,20.0,,72,公寓住宅,民用,7.6,12,0.0,10000.0,Heilongjiang,Haerbin,Nangang,Heilongjiang-Haerbin
263865,宣化街163号小区,哈尔滨,南岗,博物馆,1998,小高层,宣化街163号,126.6621096,45.75224116,1.0,20.0,,0,公寓住宅,民用,7.5,12,0.0,9250.0,Heilongjiang,Haerbin,Nangang,Heilongjiang-Haerbin
263866,"文平街小区(文平街24号-32号(双号),联部街20号-24号(双号))",哈尔滨,南岗,博物馆,1996,小高层,"文平街24号-32号(双号),联部街20号-24号(双号)",126.647076,45.74403461,1.0,45.0,,217,公寓住宅,民用,7.8,12,0.0,9574.0,Heilongjiang,Haerbin,Nangang,Heilongjiang-Haerbin
263867,"一曼街小区(一曼街2号,4号,50-6号)",哈尔滨,南岗,博物馆,2002,多层,"一曼街2号,4号,50-6号",126.6600619,45.77186406,1.0,30.0,,400,公寓住宅,民用,7.9,12,0.0,9433.0,Heilongjiang,Haerbin,Nangang,Heilongjiang-Haerbin
263868,士课街6号小区,哈尔滨,南岗,博物馆,2002,小高层,士课街6号,126.65549,45.74648091,1.0,30.0,,252,公寓住宅,民用,7.6,12,0.0,7755.0,Heilongjiang,Haerbin,Nangang,Heilongjiang-Haerbin
263869,松明街29号小区,哈尔滨,南岗,博物馆,1991,小高层,松明街29号,126.6170856,45.73715666,1.0,20.0,,144,公寓住宅,民用,7.7,12,0.0,9567.0,Heilongjiang,Haerbin,Nangang,Heilongjiang-Haerbin
263870,松明街小区(28-30号(双号)),哈尔滨,南岗,博物馆,1991,小高层,松明街28-30号(双号),126.6163428,45.73567851,1.0,20.0,,87,公寓住宅,民用,7.6,12,0.0,9750.0,Heilongjiang,Haerbin,Nangang,Heilongjiang-Haerbin
263872,比乐街222号小区,哈尔滨,南岗,博物馆,2012,小高层,比乐街222号,126.6508434,45.75143671,1.0,30.0,,228,公寓住宅,民用,7.9,12,0.0,10500.0,Heilongjiang,Haerbin,Nangang,Heilongjiang-Haerbin
263873,清明头道街2号小区,哈尔滨,南岗,博物馆,2000,小高层,清明头道街2号,126.6106285,45.74001325,1.0,30.0,,88,公寓住宅,民用,7.8,12,0.0,8947.0,Heilongjiang,Haerbin,Nangang,Heilongjiang-Haerbin
263874,曲线街小区(曲线街66号-70号(双号)),哈尔滨,南岗,博物馆,1996,小高层,曲线街66号-70号(双号),126.6183239,45.74321362,1.0,20.0,,0,公寓住宅,民用,8.3,12,0.0,8500.0,Heilongjiang,Haerbin,Nangang,Heilongjiang-Haerbin
263875,轻工大厦,哈尔滨,南岗,博物馆,2006,高层,东大直街302号,126.6422757,45.75970884,1.0,30.0,,555,公寓住宅,民用,8.2,12,0.0,8513.0,Heilongjiang,Haerbin,Nangang,Heilongjiang-Haerbin
263876,人和胡同5号小区,哈尔滨,南岗,博物馆,1998,小高层,人和胡同5号,126.6533559,45.75828828,1.0,20.0,,208,公寓住宅,民用,7.9,12,0.0,9222.0,Heilongjiang,Haerbin,Nangang,Heilongjiang-Haerbin
263877,分部街小区(分部街98号-102号(双号)),哈尔滨,南岗,博物馆,1993,小高层,分部街98号-102号(双号),126.6523581,45.75401536,1.0,20.0,,136,公寓住宅,民用,8.1,12,0.0,7878.0,Heilongjiang,Haerbin,Nangang,Heilongjiang-Haerbin
263853,平准街48号小区,哈尔滨,南岗,博物馆,2004,小高层,平准街48号,126.6626483,45.75629202,1.0,30.0,,96,公寓住宅,民用,8.2,12,0.0,9264.0,Heilongjiang,Haerbin,Nangang,Heilongjiang-Haerbin
263810,香东街25号小区,哈尔滨,南岗,博物馆,2002,小高层,香东街25号,126.6244191,45.7523375,,30.0,,70,公寓住宅,民用,8.2,12,0.0,7300.0,Heilongjiang,Haerbin,Nangang,Heilongjiang-Haerbin
263809,分部街69号小区,哈尔滨,南岗,博物馆,1991,小高层,分部街69号,126.6507402,45.75563911,1.0,20.0,,81,公寓住宅,民用,8.0,12,0.0,9645.0,Heilongjiang,Haerbin,Nangang,Heilongjiang-Haerbin
262200,中国地震局工程力学研究所家属区,哈尔滨,南岗,哈西,1990,多层|小高层,北航街72号,126.6007613,45.71226051,1.0,20.0,,661,公寓住宅,民用,7.9,12,0.0,11335.0,Heilongjiang,Haerbin,Nangang,Heilongjiang-Haerbin
263742,吉林街120号小区,哈尔滨,南岗,博物馆,1991,小高层,吉林街120号,126.637149,45.76291862,1.0,20.0,,226,公寓住宅,民用,8.3,12,0.0,17446.0,Heilongjiang,Haerbin,Nangang,Heilongjiang-Haerbin
263743,平安家园(南岗),哈尔滨,南岗,博物馆,2000,多层,龙江街97号,126.6388791,45.76399903,1.0,30.0,,0,公寓住宅,民用,8.5,12,0.0,8400.0,Heilongjiang,Haerbin,Nangang,Heilongjiang-Haerbin
263744,"邮政街小区(邮政街422,426号)",哈尔滨,南岗,博物馆,1991,小高层,"邮政街422,426号",126.6232741,45.74667827,1.0,20.0,,70,公寓住宅,民用,7.7,12,0.0,11975.0,Heilongjiang,Haerbin,Nangang,Heilongjiang-Haerbin
263747,铁岭街101号小区,哈尔滨,南岗,博物馆,1998,多层,铁岭街101号,126.6442486,45.76485389,1.0,20.0,,42,公寓住宅,民用,8.5,12,0.0,15000.0,Heilongjiang,Haerbin,Nangang,Heilongjiang-Haerbin
263748,中和街82号小区,哈尔滨,南岗,博物馆,1991,多层,中和街82号,126.6540213,45.75551196,1.0,20.0,,126,公寓住宅,民用,8.1,12,0.0,7500.0,Heilongjiang,Haerbin,Nangang,Heilongjiang-Haerbin
263749,繁荣街60号小区,哈尔滨,南岗,博物馆,2002,多层,繁荣街60号,126.6349914,45.74546469,1.0,30.0,,166,公寓住宅,民用,8.1,12,0.0,11000.0,Heilongjiang,Haerbin,Nangang,Heilongjiang-Haerbin
263750,龙江大厦,哈尔滨,南岗,博物馆,2004,高层,龙江街56号,126.6427701,45.76123928,1.0,30.0,,120,公寓住宅,民用,8.6,12,0.0,12300.0,Heilongjiang,Haerbin,Nangang,Heilongjiang-Haerbin
263741,公司街177号小区,哈尔滨,南岗,博物馆,1991,高层,公司街177号,126.6236881,45.75463059,1.0,20.0,,499,公寓住宅,民用,8.2,12,0.46,10646.0,Heilongjiang,Haerbin,Nangang,Heilongjiang-Haerbin
263751,满洲里街104号小区,哈尔滨,南岗,博物馆,1985,多层,满洲里街104号,126.6282956,45.75260655,1.0,20.0,,0,公寓住宅,民用,8.1,12,0.0,9890.0,Heilongjiang,Haerbin,Nangang,Heilongjiang-Haerbin
263753,"海城街小区(海城街7号,19号)",哈尔滨,南岗,博物馆,2007,小高层,海城街7号,126.6386157,45.74785518,1.0,30.0,,350,公寓住宅,民用,8.3,12,0.0,8600.0,Heilongjiang,Haerbin,Nangang,Heilongjiang-Haerbin
263754,比乐街67号小区,哈尔滨,南岗,博物馆,2012,小高层,比乐街67号,126.654107,45.75527868,1.0,30.0,,245,公寓住宅,民用,8.2,12,0.0,8333.0,Heilongjiang,Haerbin,Nangang,Heilongjiang-Haerbin
263755,下夹树街29号小区,哈尔滨,南岗,博物馆,1991,小高层,下夹树街29号,126.6238255,45.7510689,1.0,20.0,,0,公寓住宅,民用,8.3,12,0.0,10000.0,Heilongjiang,Haerbin,Nangang,Heilongjiang-Haerbin
263756,松花江街16号小区,哈尔滨,南岗,博物馆,2006,小高层,松花江街16号,126.6270447,45.75625901,1.0,30.0,,0,公寓住宅,民用,8.6,12,0.0,11026.0,Heilongjiang,Haerbin,Nangang,Heilongjiang-Haerbin
263757,货栈街9-11号小区,哈尔滨,南岗,博物馆,1985,小高层,货栈街9-11号,126.6225918,45.74998635,1.0,20.0,,0,公寓住宅,民用,8.3,12,0.0,8955.0,Heilongjiang,Haerbin,Nangang,Heilongjiang-Haerbin
263758,邮政街小区(邮政街332号-342号(双号)),哈尔滨,南岗,博物馆,1991,小高层,邮政街332号-342号(双号),126.631492,45.75437068,1.0,20.0,,126,公寓住宅,民用,8.3,12,0.0,10100.0,Heilongjiang,Haerbin,Nangang,Heilongjiang-Haerbin
263759,中海胡同小区,哈尔滨,南岗,博物馆,2005,多层,中海胡同,126.6251089,45.75285263,1.0,30.0,,462,公寓住宅,民用,8.3,12,-0.53,10990.0,Heilongjiang,Haerbin,Nangang,Heilongjiang-Haerbin
263760,邮政街62号小区,哈尔滨,南岗,博物馆,1991,小高层,邮政街62号,126.6450988,45.76527951,1.0,20.0,,160,公寓住宅,民用,8.3,12,0.0,15714.0,Heilongjiang,Haerbin,Nangang,Heilongjiang-Haerbin
263761,人和街95号小区,哈尔滨,南岗,博物馆,2000,小高层,人和街95号,126.6496614,45.7535722,1.0,30.0,,133,公寓住宅,民用,8.3,12,0.0,10842.0,Heilongjiang,Haerbin,Nangang,Heilongjiang-Haerbin
263752,鞍山街88号小区,哈尔滨,南岗,博物馆,2014,多层,鞍山街88号,126.6437634,45.76262676,1.0,30.0,,300,公寓住宅,民用,8.9,12,0.0,18918.0,Heilongjiang,Haerbin,Nangang,Heilongjiang-Haerbin
263762,革新街167号小区,哈尔滨,南岗,博物馆,2006,多层,革新街167号,126.6441146,45.74449107,1.0,30.0,,0,公寓住宅,民用,8.1,12,0.0,7361.0,Heilongjiang,Haerbin,Nangang,Heilongjiang-Haerbin
263740,"松花江街小区(松花江街135号,利群街6号-10号(双号))",哈尔滨,南岗,博物馆,2002,多层,"松花江街135号,利群街6号-10号(双号)",126.6245585,45.74600128,1.0,30.0,,126,公寓住宅,民用,8.0,12,0.0,11000.0,Heilongjiang,Haerbin,Nangang,Heilongjiang-Haerbin
263738,民益街149号小区,哈尔滨,南岗,博物馆,2000,多层,民益街149号,126.6292087,45.75520501,1.0,30.0,,317,公寓住宅,民用,8.3,12,-0.21,11210.0,Heilongjiang,Haerbin,Nangang,Heilongjiang-Haerbin
263718,建设街9号小区,哈尔滨,南岗,博物馆,1989,小高层,建设街9号,126.6442934,45.75433234,1.0,20.0,,168,公寓住宅,民用,8.1,12,0.0,13760.0,Heilongjiang,Haerbin,Nangang,Heilongjiang-Haerbin
263719,东大直街66号小区,哈尔滨,南岗,博物馆,2017,小高层,东大直街66号,126.6569978,45.77257618,1.0,30.0,,88,公寓住宅,民用,8.6,12,0.0,13846.0,Heilongjiang,Haerbin,Nangang,Heilongjiang-Haerbin
263720,自来水家属楼(南岗),哈尔滨,南岗,博物馆,2006,小高层,花园街41-1号,126.6596709,45.77017119,1.0,31.0,,105,公寓住宅,民用,8.4,12,0.0,10000.0,Heilongjiang,Haerbin,Nangang,Heilongjiang-Haerbin
263721,松明街37号小区,哈尔滨,南岗,博物馆,1991,小高层,松明街37号,126.6160716,45.73623984,1.0,20.0,,56,公寓住宅,民用,8.0,12,0.0,9977.0,Heilongjiang,Haerbin,Nangang,Heilongjiang-Haerbin
263722,文昌街149号小区,哈尔滨,南岗,博物馆,2016,小高层,文昌街149号,126.6482471,45.7418266,1.0,30.0,,196,公寓住宅,民用,7.7,12,0.0,8000.0,Heilongjiang,Haerbin,Nangang,Heilongjiang-Haerbin
263723,长江路51号小区,哈尔滨,南岗,博物馆,1991,小高层,长江路51号,126.6633783,45.7445573,1.0,20.0,,192,公寓住宅,民用,8.0,12,0.0,8611.0,Heilongjiang,Haerbin,Nangang,Heilongjiang-Haerbin
263724,"人和街小区(人和街140号,150号)",哈尔滨,南岗,博物馆,1996,小高层,"人和街140号,150号",126.6492351,45.75153933,1.0,20.0,,352,公寓住宅,民用,8.0,12,0.0,9177.0,Heilongjiang,Haerbin,Nangang,Heilongjiang-Haerbin
263725,金润大厦,哈尔滨,南岗,博物馆,2002,高层,一曼街50号,126.6584237,45.77112785,1.0,30.0,,108,公寓住宅,民用,8.1,12,0.0,13634.0,Heilongjiang,Haerbin,Nangang,Heilongjiang-Haerbin
263726,"巴陵街小区(巴陵街174号-186号(双号),光芒街58号,60号)",哈尔滨,南岗,博物馆,1989,小高层,"巴陵街174号-186号(双号),光芒街58号,60号",126.6504073,45.74947545,1.0,20.0,,210,公寓住宅,民用,8.1,12,0.0,8615.0,Heilongjiang,Haerbin,Nangang,Heilongjiang-Haerbin
263739,建设街45号小区,哈尔滨,南岗,博物馆,2010,多层,建设街45号,126.6403749,45.75646334,1.0,30.0,,189,公寓住宅,民用,8.5,12,0.21,11945.0,Heilongjiang,Haerbin,Nangang,Heilongjiang-Haerbin
263727,华威商务酒店大厦,哈尔滨,南岗,博物馆,2004,高层,国民街43号,126.6421771,45.75521593,1.0,30.0,,238,公寓住宅,民用,8.9,12,0.0,13285.0,Heilongjiang,Haerbin,Nangang,Heilongjiang-Haerbin
263729,远大商务公寓,哈尔滨,南岗,博物馆,2011,高层,建设街101号,126.6374406,45.75817334,1.0,35.0,,97,公寓住宅,民用,9.2,12,0.0,11560.0,Heilongjiang,Haerbin,Nangang,Heilongjiang-Haerbin
263730,河苑观景花园,哈尔滨,南岗,博物馆,1998,多层|小高层,河沟街14号,126.6458911,45.75444375,1.0,35.0,,109,公寓住宅,民用,8.7,12,0.0,12500.0,Heilongjiang,Haerbin,Nangang,Heilongjiang-Haerbin
263731,建设大院,哈尔滨,南岗,博物馆,1993,小高层,建设街76号,126.6401097,45.75607014,1.0,25.0,,200,公寓住宅,民用,8.9,12,0.0,12860.0,Heilongjiang,Haerbin,Nangang,Heilongjiang-Haerbin
263732,民益街123号小区,哈尔滨,南岗,博物馆,1991,小高层,民益街123号,126.630192,45.75609383,1.0,20.0,,0,公寓住宅,民用,8.5,12,0.0,8620.0,Heilongjiang,Haerbin,Nangang,Heilongjiang-Haerbin
263733,建筑街110号小区,哈尔滨,南岗,博物馆,2000,多层,建筑街110号,126.6276698,45.75551321,1.0,30.0,,0,公寓住宅,民用,8.6,12,0.0,10714.0,Heilongjiang,Haerbin,Nangang,Heilongjiang-Haerbin
263735,一曼街243号小区,哈尔滨,南岗,博物馆,1975,小高层,一曼街243号,126.636355,45.76409504,1.0,20.0,,42,公寓住宅,民用,8.4,12,0.0,19117.0,Heilongjiang,Haerbin,Nangang,Heilongjiang-Haerbin
263736,江南春公寓,哈尔滨,南岗,博物馆,2003,高层,"果戈里大街371号,邮政街105号",126.637601,45.75991432,1.0,20.0,,343,公寓住宅,民用,8.6,12,0.0,12323.0,Heilongjiang,Haerbin,Nangang,Heilongjiang-Haerbin
263737,"松花江街小区(松花江街61号,63号,公司街143号)",哈尔滨,南岗,博物馆,1998,小高层,"松花江街61号,63号,公司街143号",126.6258957,45.75339655,1.0,20.0,,344,公寓住宅,民用,8.7,12,-0.05,11061.0,Heilongjiang,Haerbin,Nangang,Heilongjiang-Haerbin
263728,颐园街23号院,哈尔滨,南岗,博物馆,1998,多层|小高层,颐园街23号,126.6330592,45.75904662,1.0,20.0,,82,公寓住宅,民用,8.9,12,0.0,14044.0,Heilongjiang,Haerbin,Nangang,Heilongjiang-Haerbin
263763,光芒街114-1号小区,哈尔滨,南岗,博物馆,1991,小高层,光芒街114-1号,126.6474078,45.75178628,1.0,20.0,,66,公寓住宅,民用,8.3,12,0.0,10000.0,Heilongjiang,Haerbin,Nangang,Heilongjiang-Haerbin
263764,"马家街小区(国民街27号,29号,马家街85号)",哈尔滨,南岗,博物馆,1991,多层,"国民街27号,29号,马家街85号",126.6416793,45.75441463,1.0,20.0,,148,公寓住宅,民用,8.4,12,0.0,12500.0,Heilongjiang,Haerbin,Nangang,Heilongjiang-Haerbin
263765,崇乐街5号小区,哈尔滨,南岗,博物馆,2002,小高层,崇乐街5号,126.6452973,45.75213898,1.0,30.0,,148,公寓住宅,民用,8.3,12,0.0,10000.0,Heilongjiang,Haerbin,Nangang,Heilongjiang-Haerbin
263793,建设街15号小区,哈尔滨,南岗,博物馆,2003,多层,建设街15号,126.6438094,45.75449914,,30.0,,120,公寓住宅,民用,8.4,12,0.0,10800.0,Heilongjiang,Haerbin,Nangang,Heilongjiang-Haerbin
263794,医大一院社区,哈尔滨,南岗,博物馆,2011,多层,邮政街86-6号,126.6431736,45.76354813,1.0,30.0,,120,公寓住宅,民用,8.3,12,0.0,16400.0,Heilongjiang,Haerbin,Nangang,Heilongjiang-Haerbin
263795,第二巴陵街6号小区,哈尔滨,南岗,博物馆,1999,多层,第二巴陵街6号,126.6448517,45.74588304,1.0,20.0,,131,公寓住宅,民用,7.9,12,0.0,9000.0,Heilongjiang,Haerbin,Nangang,Heilongjiang-Haerbin
263796,中和街108号住宅楼,哈尔滨,南岗,博物馆,1995,多层,中和街108号,126.6519704,45.75374029,1.0,20.0,,156,公寓住宅,民用,7.9,12,0.0,8900.0,Heilongjiang,Haerbin,Nangang,Heilongjiang-Haerbin
263797,馥瑞大厦,哈尔滨,南岗,博物馆,1990,高层,光芒街97号,126.646225,45.75333072,1.0,20.0,,108,商住楼,商用,7.9,12,0.0,11000.0,Heilongjiang,Haerbin,Nangang,Heilongjiang-Haerbin
262201,学府怡园,哈尔滨,南岗,哈西,2012,高层,南开街60号,126.6022984,45.70924153,1.0,40.0,,362,公寓住宅,民用,8.5,12,0.0,12233.0,Heilongjiang,Haerbin,Nangang,Heilongjiang-Haerbin
263798,邮政街66号楼,哈尔滨,南岗,博物馆,2008,多层,邮政街66号,126.64315,45.76393012,1.0,30.0,,172,公寓住宅,民用,8.4,12,0.0,13000.0,Heilongjiang,Haerbin,Nangang,Heilongjiang-Haerbin
263800,繁荣街111号小区,哈尔滨,南岗,博物馆,1998,多层,繁荣街111号,126.6340771,45.74538549,1.0,20.0,,0,公寓住宅,民用,7.8,12,0.0,11000.0,Heilongjiang,Haerbin,Nangang,Heilongjiang-Haerbin
263801,分部街75号小区,哈尔滨,南岗,博物馆,2003,多层,分部街75号,126.6500849,45.75573501,1.0,30.0,,0,公寓住宅,民用,8.1,12,0.0,7800.0,Heilongjiang,Haerbin,Nangang,Heilongjiang-Haerbin
263802,满洲里街154号小区,哈尔滨,南岗,博物馆,2005,多层,满洲里街154号,126.6202586,45.75015179,1.0,30.0,,133,公寓住宅,民用,7.9,12,0.0,7500.0,Heilongjiang,Haerbin,Nangang,Heilongjiang-Haerbin
263803,龙江街33号小区,哈尔滨,南岗,博物馆,1999,多层,龙江街33号,126.6447525,45.76064359,1.0,20.0,,63,公寓住宅,民用,8.7,12,0.0,17000.0,Heilongjiang,Haerbin,Nangang,Heilongjiang-Haerbin
263804,铁路局老奔腾楼,哈尔滨,南岗,博物馆,1999,多层,满洲里街118号,126.6229564,45.75103654,,20.0,,75,公寓住宅,民用,8.2,12,0.0,9000.0,Heilongjiang,Haerbin,Nangang,Heilongjiang-Haerbin
263805,花园街281号小区,哈尔滨,南岗,博物馆,2003,多层,花园街281号,126.6456908,45.76015392,1.0,30.0,,0,公寓住宅,民用,8.5,12,0.0,17000.0,Heilongjiang,Haerbin,Nangang,Heilongjiang-Haerbin
263806,"公司街小区(公司街12号,15号)",哈尔滨,南岗,博物馆,1991,小高层,"公司街12号,15号",126.6376198,45.74613568,1.0,20.0,,136,公寓住宅,民用,7.8,12,0.0,11000.0,Heilongjiang,Haerbin,Nangang,Heilongjiang-Haerbin
263807,沈阳街5号小区,哈尔滨,南岗,博物馆,1991,小高层,沈阳街5号,126.6407746,45.74937831,1.0,20.0,,0,公寓住宅,民用,8.0,12,0.0,8600.0,Heilongjiang,Haerbin,Nangang,Heilongjiang-Haerbin
263808,比乐街182号小区,哈尔滨,南岗,博物馆,2012,多层,比乐街182号,126.6531256,45.75351662,1.0,30.0,,132,公寓住宅,民用,7.9,12,0.0,8400.0,Heilongjiang,Haerbin,Nangang,Heilongjiang-Haerbin
263799,芦家街119号小区,哈尔滨,南岗,博物馆,2004,小高层,芦家街119号,126.6536336,45.75642605,1.0,30.0,,0,公寓住宅,民用,8.2,12,0.0,10123.0,Heilongjiang,Haerbin,Nangang,Heilongjiang-Haerbin
263766,永和街小区(永和街98号-110号(双号)),哈尔滨,南岗,博物馆,1986,小高层,永和街98号-110号(双号)),126.6457666,45.75156493,1.0,20.0,,201,公寓住宅,民用,8.0,12,0.0,8529.0,Heilongjiang,Haerbin,Nangang,Heilongjiang-Haerbin
263767,"清明五道街小区(2号,8号)",哈尔滨,南岗,博物馆,2006,小高层,"清明五道街2号,8号",126.6139857,45.73960401,1.0,30.0,,177,公寓住宅,民用,8.2,12,0.0,9326.0,Heilongjiang,Haerbin,Nangang,Heilongjiang-Haerbin
263768,凤翥街18号住宅楼,哈尔滨,南岗,博物馆,2000,多层,凤翥街18号,126.6234056,45.7528413,,30.0,,70,公寓住宅,民用,8.1,12,0.0,8900.0,Heilongjiang,Haerbin,Nangang,Heilongjiang-Haerbin
262202,红星家园,哈尔滨,南岗,哈西,2011,小高层,三环路,126.558979,45.67059369,,33.0,,900,公寓住宅,民用,7.6,12,0.35,6240.0,Heilongjiang,Haerbin,Nangang,Heilongjiang-Haerbin
263902,骏赫城(C区),哈尔滨,南岗,南岗周边,Mar-21,高层,兴农大街,126.5422483,45.65366567,1.0,40.0,,1390,公寓住宅,民用,7.6,12,-0.4,9670.0,Heilongjiang,Haerbin,Nangang,Heilongjiang-Haerbin
263903,骏赫城(D区),哈尔滨,南岗,南岗周边,2020,高层,兴农大街,126.5446102,45.65585341,1.0,40.0,,0,公寓住宅,民用,7.4,12,0.0,11121.0,Heilongjiang,Haerbin,Nangang,Heilongjiang-Haerbin
263904,骏赫庄园(别墅),哈尔滨,南岗,南岗周边,2017,低层,"兴农大街,近哈前公路",126.5401103,45.6537231,,30.0,294000.0,96,别墅,民用,7.3,12,0.0,13483.0,Heilongjiang,Haerbin,Nangang,Heilongjiang-Haerbin
263905,骏赫庄园,哈尔滨,南岗,南岗周边,2020,多层|高层,兴农大街,126.5373304,45.6548782,1.0,30.0,,2894,公寓住宅,民用,7.5,12,0.0,10200.0,Heilongjiang,Haerbin,Nangang,Heilongjiang-Haerbin
264041,"革新街小区(革新街232-1号,232-2号,232-3号)",哈尔滨,南岗,大成,2006,小高层,"革新街232-1号,232-2号,232-3号",126.6457309,45.74487692,1.0,30.0,,189,公寓住宅,民用,8.2,12,0.0,8251.0,Heilongjiang,Haerbin,Nangang,Heilongjiang-Haerbin
264043,文昌街149号小区,哈尔滨,南岗,大成,2016,小高层,文昌街149号,126.6482471,45.7418266,1.0,30.0,,196,公寓住宅,民用,7.7,12,0.0,8000.0,Heilongjiang,Haerbin,Nangang,Heilongjiang-Haerbin
264044,长江路51号小区,哈尔滨,南岗,大成,1991,小高层,长江路51号,126.6633783,45.7445573,1.0,20.0,,192,公寓住宅,民用,8.0,12,0.0,8611.0,Heilongjiang,Haerbin,Nangang,Heilongjiang-Haerbin
264045,中和街104号院,哈尔滨,南岗,大成,1990,多层,中和街104号,126.6526055,45.75417231,1.0,20.0,,252,公寓住宅,民用,8.3,12,0.0,11310.0,Heilongjiang,Haerbin,Nangang,Heilongjiang-Haerbin
264046,龙电置业住宅,哈尔滨,南岗,大成,1995,多层|小高层,大成街277号,126.647547,45.76613147,1.0,20.0,,32,公寓住宅,民用,8.2,12,0.0,8785.0,Heilongjiang,Haerbin,Nangang,Heilongjiang-Haerbin
262644,黑龙江护理高等专科学校家属楼,哈尔滨,南岗,大众新城,1991,小高层,学府路209号,126.6106163,45.6864313,1.0,20.0,,193,公寓住宅,民用,7.6,12,0.0,6578.0,Heilongjiang,Haerbin,Nangang,Heilongjiang-Haerbin
262145,悦城,哈尔滨,南岗,哈西,2012,多层|小高层|高层,哈西大街101号,126.5844465,45.70664991,1.0,40.0,,3751,公寓住宅,民用,8.2,12,0.28,15744.0,Heilongjiang,Haerbin,Nangang,Heilongjiang-Haerbin
264040,哈尔滨市第五军休所,哈尔滨,南岗,大成,2000,多层,鸿翔路16号,126.6672166,45.74227047,1.0,30.0,,72,公寓住宅,民用,7.6,12,0.0,7906.0,Heilongjiang,Haerbin,Nangang,Heilongjiang-Haerbin
262643,省林业科学院家属楼,哈尔滨,南岗,大众新城,2000,小高层,保健路1号,126.6323328,45.6985052,1.0,30.0,,175,公寓住宅,民用,7.8,12,0.0,8154.0,Heilongjiang,Haerbin,Nangang,Heilongjiang-Haerbin
262642,保健路9号小区,哈尔滨,南岗,大众新城,2000,多层,保健路9号,126.6319177,45.69825821,1.0,30.0,,70,公寓住宅,民用,7.3,12,0.0,7500.0,Heilongjiang,Haerbin,Nangang,Heilongjiang-Haerbin
262640,鲁商悦未来,哈尔滨,南岗,大众新城,Oct-21,高层,健平街,126.6246421,45.68385903,,30.0,,1997,公寓住宅,民用,7.9,12,-0.64,10961.0,Heilongjiang,Haerbin,Nangang,Heilongjiang-Haerbin
262639,投资专科学校家属楼,哈尔滨,南岗,大众新城,2002,小高层,学府三道街7号,126.6211048,45.71211197,1.0,30.0,,264,公寓住宅,民用,7.7,12,0.0,8783.0,Heilongjiang,Haerbin,Nangang,Heilongjiang-Haerbin
262638,中国农业银行培训学校家属楼,哈尔滨,南岗,大众新城,2015,小高层,学府三道街5号,126.6211831,45.71301237,1.0,30.0,,133,公寓住宅,民用,7.8,12,0.0,7500.0,Heilongjiang,Haerbin,Nangang,Heilongjiang-Haerbin
262637,林机所家属楼,哈尔滨,南岗,大众新城,2016,小高层,学府路374号,126.6181336,45.67523186,1.0,30.0,,322,公寓住宅,民用,8.1,12,0.0,8048.0,Heilongjiang,Haerbin,Nangang,Heilongjiang-Haerbin
262147,保利清华颐园,哈尔滨,南岗,哈西,2013,小高层|高层,自兴街62号,126.5971533,45.71774084,1.0,35.0,335799.0,2986,公寓住宅,民用,8.2,12,0.53,14979.0,Heilongjiang,Haerbin,Nangang,Heilongjiang-Haerbin
262149,壹品新境,哈尔滨,南岗,哈西,2011,高层,哈尔滨大街633号,126.5780369,45.69262188,,27.0,,4066,公寓住宅,民用,8.0,12,-0.64,12913.0,Heilongjiang,Haerbin,Nangang,Heilongjiang-Haerbin
262150,涧桥西畔,哈尔滨,南岗,哈西,2012,高层,哈尔滨大街635号,126.5795869,45.69143217,1.0,25.0,,3087,公寓住宅,民用,8.0,12,-0.4,13467.0,Heilongjiang,Haerbin,Nangang,Heilongjiang-Haerbin
262146,纳帕英郡,哈尔滨,南岗,哈西,2015,高层,哈尔滨大街777号,126.5856846,45.68698711,1.0,50.0,,2628,公寓住宅,民用,8.3,12,-0.13,15060.0,Heilongjiang,Haerbin,Nangang,Heilongjiang-Haerbin
262151,华润凯旋门,哈尔滨,南岗,哈西,2016,高层,"中兴左街,近王岗大街",126.5720369,45.69693426,1.0,30.0,,2841,公寓住宅,民用,8.3,12,0.06,16561.0,Heilongjiang,Haerbin,Nangang,Heilongjiang-Haerbin
264039,革新街145号小区,哈尔滨,南岗,大成,2006,小高层,革新街145号,126.6455996,45.74527514,1.0,30.0,,91,公寓住宅,民用,7.9,12,0.0,10288.0,Heilongjiang,Haerbin,Nangang,Heilongjiang-Haerbin
264037,汉广街87号小区,哈尔滨,南岗,大成,2004,多层,汉广街87号,126.6161386,45.73077383,1.0,30.0,,140,公寓住宅,民用,8.2,12,0.0,13333.0,Heilongjiang,Haerbin,Nangang,Heilongjiang-Haerbin
264022,清滨路27号楼,哈尔滨,南岗,清滨路,2002,多层,清滨路27号,126.6109153,45.72897291,1.0,30.0,,70,公寓住宅,民用,7.9,12,0.0,18000.0,Heilongjiang,Haerbin,Nangang,Heilongjiang-Haerbin
264023,西大直街488号小区,哈尔滨,南岗,清滨路,2002,多层,西大直街488号,126.6065096,45.72538955,1.0,30.0,,77,公寓住宅,民用,7.6,12,0.0,9000.0,Heilongjiang,Haerbin,Nangang,Heilongjiang-Haerbin
264024,建兴街20-1号小区,哈尔滨,南岗,清滨路,1998,小高层,建兴街20-1号,126.6063711,45.72948781,1.0,20.0,,0,公寓住宅,民用,7.8,12,0.0,9000.0,Heilongjiang,Haerbin,Nangang,Heilongjiang-Haerbin
264038,耀景街32号小区,哈尔滨,南岗,大成,1991,小高层,耀景街32号,126.631277,45.74801693,1.0,20.0,,105,公寓住宅,民用,8.5,12,0.0,12792.0,Heilongjiang,Haerbin,Nangang,Heilongjiang-Haerbin
264025,清明四道街69号小区,哈尔滨,南岗,清滨路,2006,多层,清明四道街69号,126.6056277,45.73299763,1.0,30.0,,0,公寓住宅,民用,8.0,12,0.0,6916.0,Heilongjiang,Haerbin,Nangang,Heilongjiang-Haerbin
264027,康宁三道街301栋,哈尔滨,南岗,清滨路,2000,小高层,康宁三道街8号,126.6026529,45.72469095,1.0,30.0,,333,公寓住宅,民用,8.0,12,0.0,8623.0,Heilongjiang,Haerbin,Nangang,Heilongjiang-Haerbin
264029,清滨胡同6号小区,哈尔滨,南岗,清滨路,2002,小高层,清滨胡同6号,126.6098331,45.72932848,1.0,30.0,,160,公寓住宅,民用,7.8,12,0.0,8613.0,Heilongjiang,Haerbin,Nangang,Heilongjiang-Haerbin
264030,龙电花园,哈尔滨,南岗,大成,2015,高层,大成街140号,126.6542433,45.7607288,1.0,43.0,,1260,公寓住宅,民用,8.8,12,-0.13,10433.0,Heilongjiang,Haerbin,Nangang,Heilongjiang-Haerbin
264031,马端街236号小区,哈尔滨,南岗,大成,2006,小高层,马端街236号,126.6597056,45.76152706,1.0,30.0,,234,公寓住宅,民用,8.3,12,0.0,7633.0,Heilongjiang,Haerbin,Nangang,Heilongjiang-Haerbin
264032,锦秀小区,哈尔滨,南岗,大成,1998,多层|小高层,大成街44号,126.6643516,45.75685595,1.0,20.0,,554,公寓住宅,民用,8.2,12,0.0,9346.0,Heilongjiang,Haerbin,Nangang,Heilongjiang-Haerbin
264033,省电力局家属楼,哈尔滨,南岗,大成,1998,小高层,大成街279号,126.6477254,45.76662457,1.0,20.0,,120,公寓住宅,民用,8.6,12,0.0,14531.0,Heilongjiang,Haerbin,Nangang,Heilongjiang-Haerbin
264034,人和街6号小区,哈尔滨,南岗,大成,2013,多层,人和街6号,126.6565265,45.75891994,1.0,30.0,,381,公寓住宅,民用,8.1,12,0.0,9235.0,Heilongjiang,Haerbin,Nangang,Heilongjiang-Haerbin
264035,新发小区(大成F区),哈尔滨,南岗,大成,1996,小高层,大成二道街25号,126.6595291,45.75990565,1.0,15.0,,1728,公寓住宅,民用,8.3,12,-0.07,9359.0,Heilongjiang,Haerbin,Nangang,Heilongjiang-Haerbin
264036,光芒街小区(光芒街3-13号(单号)),哈尔滨,南岗,大成,1991,小高层,光芒街3-13号(单号),126.6548426,45.74612395,1.0,20.0,,233,公寓住宅,民用,7.7,12,0.0,7270.0,Heilongjiang,Haerbin,Nangang,Heilongjiang-Haerbin
264026,清滨路53号小区,哈尔滨,南岗,清滨路,2010,多层,清滨路53号,126.6079144,45.72484137,1.0,30.0,,154,公寓住宅,民用,7.7,12,0.0,18400.0,Heilongjiang,Haerbin,Nangang,Heilongjiang-Haerbin
262152,金域蓝城,哈尔滨,南岗,哈西,2015,高层,哈尔滨大街1号,126.5843409,45.71269756,,32.27,,3494,公寓住宅,民用,8.2,12,0.19,12870.0,Heilongjiang,Haerbin,Nangang,Heilongjiang-Haerbin
262153,中海雍景熙岸,哈尔滨,南岗,哈西,2015,高层,"哈西大街,近哈尔滨大街",126.58945,45.68356128,1.0,45.0,,3554,公寓住宅,民用,8.2,12,-0.43,15084.0,Heilongjiang,Haerbin,Nangang,Heilongjiang-Haerbin
262154,巴黎第五区,哈尔滨,南岗,哈西,2015,小高层|高层,哈西大街928号,126.5940923,45.68187774,1.0,40.0,,2362,公寓住宅,民用,8.1,12,0.14,15515.0,Heilongjiang,Haerbin,Nangang,Heilongjiang-Haerbin
262180,金域蓝城三期深蓝杰座,哈尔滨,南岗,哈西,2015,高层,哈西大街1号,126.5868332,45.71152815,1.0,30.0,,1060,公寓住宅,民用,8.4,12,0.0,15263.0,Heilongjiang,Haerbin,Nangang,Heilongjiang-Haerbin
262181,西典家园(北区),哈尔滨,南岗,哈西,2008,多层|小高层|高层,哈西大街36号,126.5905548,45.70559535,1.0,40.0,,1679,公寓住宅,民用,8.2,12,0.24,10261.0,Heilongjiang,Haerbin,Nangang,Heilongjiang-Haerbin
262182,学苑嘉园,哈尔滨,南岗,哈西,2013,高层,复旦街177号,126.5979044,45.6961408,1.0,24.0,,1318,公寓住宅,民用,8.1,12,0.0,12577.0,Heilongjiang,Haerbin,Nangang,Heilongjiang-Haerbin
262183,西溪橡园,哈尔滨,南岗,哈西,2010,高层,同济街125号,126.600243,45.68816137,,19.0,,849,公寓住宅,民用,7.7,12,0.0,8238.0,Heilongjiang,Haerbin,Nangang,Heilongjiang-Haerbin
262184,盟科万城,哈尔滨,南岗,哈西,2011,高层,永丰大街201号,126.5793488,45.68150256,1.0,45.64,,1082,公寓住宅,民用,7.7,12,-0.34,10944.0,Heilongjiang,Haerbin,Nangang,Heilongjiang-Haerbin
262185,万达华宅(F区),哈尔滨,南岗,哈西,2012,高层,中兴大道168号,126.5835206,45.69757669,1.0,40.0,,813,公寓住宅,民用,8.6,12,-3.32,14183.0,Heilongjiang,Haerbin,Nangang,Heilongjiang-Haerbin
262186,爱达88,哈尔滨,南岗,哈西,2018,高层|超高层,哈尔滨大街267号,126.5791751,45.70561223,1.0,58.0,186900.0,1418,公寓住宅,民用,8.7,12,0.4,13343.0,Heilongjiang,Haerbin,Nangang,Heilongjiang-Haerbin
262187,阳光家园(南区),哈尔滨,南岗,哈西,2013,多层|高层,哈双路22号,126.5834108,45.68031029,1.0,30.0,,1425,公寓住宅,民用,7.5,12,0.14,9344.0,Heilongjiang,Haerbin,Nangang,Heilongjiang-Haerbin
262188,金水尚都(西区),哈尔滨,南岗,哈西,2013,小高层|高层,哈尔滨大街687号,126.5836643,45.68898306,1.0,30.0,,1306,公寓住宅,民用,8.2,12,-0.26,12960.0,Heilongjiang,Haerbin,Nangang,Heilongjiang-Haerbin
262179,南郡香醍雅诺(二期),哈尔滨,南岗,哈西,2012,高层,哈西大街536号,126.5924203,45.69574751,1.0,36.0,,1943,公寓住宅,民用,8.4,12,-0.81,17538.0,Heilongjiang,Haerbin,Nangang,Heilongjiang-Haerbin
262189,中交香颂,哈尔滨,南岗,哈西,2016,高层,南兴街24号,126.5829398,45.69525478,1.0,45.0,,1854,商住楼,商用,8.4,12,0.0,11749.0,Heilongjiang,Haerbin,Nangang,Heilongjiang-Haerbin
262191,黑龙江省政法管理干部学院家属楼,哈尔滨,南岗,哈西,2009,多层|小高层,中兴大道125号,126.5943889,45.70198981,1.0,20.0,,228,公寓住宅,民用,8.0,12,0.0,10317.0,Heilongjiang,Haerbin,Nangang,Heilongjiang-Haerbin
262192,汇龙北纬45度,哈尔滨,南岗,哈西,2015,高层,南兴街,126.5702737,45.69208633,1.0,40.0,,2689,公寓住宅,民用,8.0,12,-0.15,15673.0,Heilongjiang,Haerbin,Nangang,Heilongjiang-Haerbin
262193,阳光家园(三期),哈尔滨,南岗,哈西,2013,高层,"王岗大街,近哈西大街",126.5871175,45.68162945,1.0,30.0,,949,公寓住宅,民用,7.5,12,0.0,10000.0,Heilongjiang,Haerbin,Nangang,Heilongjiang-Haerbin
262194,金谷城(A区),哈尔滨,南岗,哈西,2011,多层|小高层,哈双路,126.5518092,45.67316733,,31.0,,1764,公寓住宅,民用,7.4,12,-1.05,6675.0,Heilongjiang,Haerbin,Nangang,Heilongjiang-Haerbin
264055,建新街105号小区,哈尔滨,南岗,大成,2002,小高层,建新街105号,126.6537032,45.7590781,1.0,30.0,,330,公寓住宅,民用,7.9,12,0.0,10346.0,Heilongjiang,Haerbin,Nangang,Heilongjiang-Haerbin
264054,宣化街365号小区,哈尔滨,南岗,大成,1998,小高层,宣化街365号,126.6628969,45.76092744,1.0,20.0,,200,公寓住宅,民用,7.8,12,0.0,8922.0,Heilongjiang,Haerbin,Nangang,Heilongjiang-Haerbin
264053,中和街31号院,哈尔滨,南岗,大成,1991,小高层,中和街31号,126.6544743,45.75653433,1.0,20.0,,84,公寓住宅,民用,7.8,12,0.0,9489.0,Heilongjiang,Haerbin,Nangang,Heilongjiang-Haerbin
264052,建新街小区(建新街28号-32号(双号)),哈尔滨,南岗,大成,2000,多层,建新街28号-32号(双号),126.6543472,45.75840446,1.0,30.0,,224,公寓住宅,民用,7.9,12,0.0,8795.0,Heilongjiang,Haerbin,Nangang,Heilongjiang-Haerbin
264051,花园街184号小区,哈尔滨,南岗,大成,1991,小高层,花园街184号,126.6516602,45.76427505,1.0,20.0,,72,公寓住宅,民用,8.0,12,0.0,6235.0,Heilongjiang,Haerbin,Nangang,Heilongjiang-Haerbin
262190,金水尚都(东区),哈尔滨,南岗,哈西,2013,高层,哈尔滨大街680号,126.5858781,45.69008217,1.0,30.0,,414,公寓住宅,民用,8.4,12,0.0,9034.0,Heilongjiang,Haerbin,Nangang,Heilongjiang-Haerbin
262178,南开华府,哈尔滨,南岗,哈西,2017,小高层,"南开街,近尤家街",126.5933479,45.70943199,1.0,35.0,120000.0,1487,公寓住宅,民用,8.4,12,0.0,12030.0,Heilongjiang,Haerbin,Nangang,Heilongjiang-Haerbin
262177,恒大翡翠华庭,哈尔滨,南岗,哈西,2015,小高层,哈西大街846号,126.593317,45.68523697,1.0,35.0,,964,公寓住宅,民用,8.3,12,-0.68,13468.0,Heilongjiang,Haerbin,Nangang,Heilongjiang-Haerbin
262176,万达华府(南岗),哈尔滨,南岗,哈西,2012,多层,南兴街10号,126.5862569,45.69803104,1.0,40.0,,964,公寓住宅,民用,8.6,12,0.0,15085.0,Heilongjiang,Haerbin,Nangang,Heilongjiang-Haerbin
262155,辰能溪树庭院(北区),哈尔滨,南岗,哈西,2017,高层,"哈西大街117号,哈尔滨大街666号",126.5855296,45.69375261,1.0,35.0,,4001,公寓住宅,民用,8.4,12,-1.0,18939.0,Heilongjiang,Haerbin,Nangang,Heilongjiang-Haerbin
262156,天悦国际,哈尔滨,南岗,哈西,2014,小高层|高层,哈西大街310号,126.5899772,45.70732839,1.0,36.0,,3151,公寓住宅,民用,8.4,12,0.55,12481.0,Heilongjiang,Haerbin,Nangang,Heilongjiang-Haerbin
262157,东辉明珠园,哈尔滨,南岗,哈西,2015,多层,中兴大道555号,126.580173,45.70139898,1.0,31.0,,1508,公寓住宅,民用,8.4,12,-0.05,12571.0,Heilongjiang,Haerbin,Nangang,Heilongjiang-Haerbin
262158,南郡香醍雅诺(一期),哈尔滨,南岗,哈西,2012,高层,哈西大街,126.5916312,45.69827869,1.0,36.0,,1492,公寓住宅,民用,8.4,12,-0.35,15796.0,Heilongjiang,Haerbin,Nangang,Heilongjiang-Haerbin
262159,尚熙雅轩,哈尔滨,南岗,哈西,2000,高层,哈西大街45号,126.5885322,45.71189126,1.0,20.0,,2176,公寓住宅,民用,8.0,12,-0.27,11544.0,Heilongjiang,Haerbin,Nangang,Heilongjiang-Haerbin
262160,西典家园(南区),哈尔滨,南岗,哈西,2008,多层|小高层|高层,学府三道街112-1号,126.5908363,45.70265553,1.0,40.0,,3036,公寓住宅,民用,8.1,12,-0.74,10340.0,Heilongjiang,Haerbin,Nangang,Heilongjiang-Haerbin
262161,枫蓝国际,哈尔滨,南岗,哈西,2010,高层,复旦街65号,126.6046133,45.69553277,1.0,35.0,,3360,公寓住宅,民用,8.2,12,-1.34,11201.0,Heilongjiang,Haerbin,Nangang,Heilongjiang-Haerbin
262162,保利颐和家园,哈尔滨,南岗,哈西,2015,多层|高层,工电路36号,126.5946272,45.71338374,1.0,40.0,,1740,公寓住宅,民用,8.3,12,0.01,9127.0,Heilongjiang,Haerbin,Nangang,Heilongjiang-Haerbin
262163,柒零捌零城仕公馆,哈尔滨,南岗,哈西,2012,高层,哈尔滨大街1号,126.5841315,45.71449266,1.0,25.0,,2322,公寓住宅,民用,8.2,12,-0.44,13198.0,Heilongjiang,Haerbin,Nangang,Heilongjiang-Haerbin
262164,红星城,哈尔滨,南岗,哈西,2013,高层,永兴路67号,126.5614539,45.6982521,1.0,20.0,,4242,公寓住宅,民用,7.6,12,-0.42,9006.0,Heilongjiang,Haerbin,Nangang,Heilongjiang-Haerbin
262165,辰能溪树庭院(南区),哈尔滨,南岗,哈西,2017,高层|超高层,哈尔滨大街760号,126.5888897,45.68923756,1.0,35.0,420000.0,2739,公寓住宅,民用,8.3,12,-0.22,20579.0,Heilongjiang,Haerbin,Nangang,Heilongjiang-Haerbin
262166,阳光家园(二期),哈尔滨,南岗,哈西,2013,高层,"伊春路,近哈西大街",126.5877248,45.67970677,1.0,30.0,,2901,公寓住宅,民用,7.5,12,-0.2,9291.0,Heilongjiang,Haerbin,Nangang,Heilongjiang-Haerbin
262167,爱达尊御,哈尔滨,南岗,哈西,2018,高层|超高层,哈尔滨大街179号,126.5811661,45.70960252,1.0,30.0,328000.0,3138,公寓住宅,民用,8.5,12,-0.02,14030.0,Heilongjiang,Haerbin,Nangang,Heilongjiang-Haerbin
262168,东方新天地,哈尔滨,南岗,哈西,2018,高层,中兴大街505号,126.5763101,45.68936648,,40.0,465000.0,5263,公寓住宅,民用,8.1,12,0.33,14221.0,Heilongjiang,Haerbin,Nangang,Heilongjiang-Haerbin
262169,鸿朗花园(二期),哈尔滨,南岗,哈西,2008,多层|小高层,"尤家街,近南开街",126.5932775,45.70686725,1.0,20.0,,4906,公寓住宅,民用,8.1,12,0.77,8770.0,Heilongjiang,Haerbin,Nangang,Heilongjiang-Haerbin
262170,爱达九溪,哈尔滨,南岗,哈西,2018,高层|超高层," 南兴街,近哈尔滨大街",126.5754319,45.69438582,1.0,28.0,270000.0,4690,公寓住宅,民用,8.3,12,-0.02,14799.0,Heilongjiang,Haerbin,Nangang,Heilongjiang-Haerbin
262171,鸿朗花园(一期),哈尔滨,南岗,哈西,2008,多层|小高层,尤家街168号,126.5941717,45.71116274,,20.0,,3114,公寓住宅,民用,8.0,12,0.73,8201.0,Heilongjiang,Haerbin,Nangang,Heilongjiang-Haerbin
262172,恒大珺庭,哈尔滨,南岗,哈西,2012,高层,"王岗大街,近哈双路",126.5681803,45.69426424,1.0,35.12,185212.0,2114,公寓住宅,民用,8.2,12,-0.26,13063.0,Heilongjiang,Haerbin,Nangang,Heilongjiang-Haerbin
262173,君贵东方瑞景,哈尔滨,南岗,哈西,2016,高层,清华大街235号,126.5922437,45.71727192,1.0,35.0,1100000.0,3096,公寓住宅,民用,8.3,12,-0.03,13295.0,Heilongjiang,Haerbin,Nangang,Heilongjiang-Haerbin
262174,西城丽景,哈尔滨,南岗,哈西,2013,高层,哈西大街59号,126.5865352,45.70940057,1.0,32.0,,570,公寓住宅,民用,8.2,12,-0.71,11723.0,Heilongjiang,Haerbin,Nangang,Heilongjiang-Haerbin
262175,阳光家园(北区),哈尔滨,南岗,哈西,2013,多层,"永丰大街,近阳光街",126.5821847,45.68476752,1.0,30.0,,4494,公寓住宅,民用,7.5,12,-0.41,8962.0,Heilongjiang,Haerbin,Nangang,Heilongjiang-Haerbin
263933,烟厂家属楼,哈尔滨,南岗,东大直街,2003,小高层,一曼街114号,126.6496315,45.76803812,1.0,30.0,,510,公寓住宅,民用,8.2,12,0.0,8330.0,Heilongjiang,Haerbin,Nangang,Heilongjiang-Haerbin
263934,王子小区,哈尔滨,南岗,东大直街,2000,多层,宣化街459号,126.6625697,45.76463694,1.0,10.0,,193,公寓住宅,民用,8.2,12,0.0,8896.0,Heilongjiang,Haerbin,Nangang,Heilongjiang-Haerbin
263935,三姓小区,哈尔滨,南岗,东大直街,1998,小高层,三姓街134号,126.6518001,45.76499349,1.0,30.0,,993,公寓住宅,民用,8.6,12,0.0,9870.0,Heilongjiang,Haerbin,Nangang,Heilongjiang-Haerbin
263936,龙城国际,哈尔滨,南岗,东大直街,2014,高层,邮政街1号,126.6481065,45.76943184,1.0,37.0,,288,公寓住宅,民用,8.6,12,0.0,12440.0,Heilongjiang,Haerbin,Nangang,Heilongjiang-Haerbin
263937,文化小区(上坎街),哈尔滨,南岗,东大直街,1998,小高层,上坎街1号,126.6631316,45.78151825,1.0,10.0,,688,公寓住宅,民用,7.9,12,0.0,8055.0,Heilongjiang,Haerbin,Nangang,Heilongjiang-Haerbin
263938,气动院小区,哈尔滨,南岗,东大直街,1993,多层|小高层,"红星路,近松鹤路",126.6737016,45.76781806,1.0,20.0,,280,公寓住宅,民用,8.1,12,0.0,10899.0,Heilongjiang,Haerbin,Nangang,Heilongjiang-Haerbin
263939,龙威大厦,哈尔滨,南岗,东大直街,2004,高层,一曼街16号,126.6592131,45.77137844,1.0,30.0,,0,商住楼,商用,8.2,12,0.0,8857.0,Heilongjiang,Haerbin,Nangang,Heilongjiang-Haerbin
263941,祥和蓝调国际公寓,哈尔滨,南岗,东大直街,2001,多层|小高层|高层,东大直街188号,126.6488196,45.76560833,1.0,24.0,,211,公寓住宅,民用,8.4,12,0.0,15616.0,Heilongjiang,Haerbin,Nangang,Heilongjiang-Haerbin
263932,璟盛嘉园,哈尔滨,南岗,东大直街,2010,多层,一曼街2-86号,126.6658464,45.76784382,1.0,30.0,,480,公寓住宅,民用,8.1,12,0.0,13018.0,Heilongjiang,Haerbin,Nangang,Heilongjiang-Haerbin
263942,华风海城湾,哈尔滨,南岗,文府街,2010,小高层|高层,文林街88号,126.6407118,45.74277311,1.0,30.0,,1044,公寓住宅,民用,8.3,12,-0.15,10807.0,Heilongjiang,Haerbin,Nangang,Heilongjiang-Haerbin
263950,文昌街117号小区,哈尔滨,南岗,文府街,2016,低层,文昌街117号,126.6506321,45.74321738,2.0,30.0,,138,公寓住宅,民用,7.8,12,0.0,7402.0,Heilongjiang,Haerbin,Nangang,Heilongjiang-Haerbin
263953,文成街3号小区,哈尔滨,南岗,文府街,2000,小高层,文成街3号,126.6410145,45.73930995,1.0,30.0,,126,公寓住宅,民用,7.6,12,0.0,7179.0,Heilongjiang,Haerbin,Nangang,Heilongjiang-Haerbin
263955,文营街4-6号小区,哈尔滨,南岗,文府街,2017,多层,"文营街4号,6号",126.652147,45.74213028,1.0,30.0,,180,公寓住宅,民用,7.7,12,0.0,8177.0,Heilongjiang,Haerbin,Nangang,Heilongjiang-Haerbin
263956,文营街8号小区,哈尔滨,南岗,文府街,2017,小高层,文营街8号,126.6525727,45.74189012,1.0,30.0,,144,公寓住宅,民用,8.0,12,0.0,7733.0,Heilongjiang,Haerbin,Nangang,Heilongjiang-Haerbin
263958,木兰小区,哈尔滨,南岗,通达街,1998,多层|高层,木兰街,126.6229257,45.73329596,1.0,35.0,,1994,公寓住宅,民用,8.4,12,-1.82,12603.0,Heilongjiang,Haerbin,Nangang,Heilongjiang-Haerbin
263959,八师小区,哈尔滨,南岗,通达街,2002,多层,"八元街24-72号(双号),木兰街110号",126.6187334,45.73031401,1.0,30.0,,643,公寓住宅,民用,8.5,12,-0.4,14120.0,Heilongjiang,Haerbin,Nangang,Heilongjiang-Haerbin
263960,"七政街小区(七政街5号,35号,35-1号,39-1号,汉广街102号)",哈尔滨,南岗,通达街,1991,小高层,"七政街5号,35号,35-1号,39-1号,汉广街102号",126.619388,45.73224398,1.0,20.0,,839,公寓住宅,民用,7.9,12,-0.06,13187.0,Heilongjiang,Haerbin,Nangang,Heilongjiang-Haerbin
263961,幽静家园,哈尔滨,南岗,通达街,2000,多层,清明四道街65号,126.6057108,45.73357154,1.0,20.0,,218,公寓住宅,民用,8.4,12,0.0,9875.0,Heilongjiang,Haerbin,Nangang,Heilongjiang-Haerbin
263962,汉林美苑,哈尔滨,南岗,通达街,2003,多层,"汉广街,近林家街",126.6164733,45.73035066,1.0,20.0,,569,公寓住宅,民用,8.4,12,-0.18,14600.0,Heilongjiang,Haerbin,Nangang,Heilongjiang-Haerbin
263945,文景街副98号小区,哈尔滨,南岗,文府街,1991,小高层,文景街副98号,126.6431384,45.73621673,1.0,20.0,,216,公寓住宅,民用,7.6,12,0.0,8793.0,Heilongjiang,Haerbin,Nangang,Heilongjiang-Haerbin
263931,宣化街365号小区,哈尔滨,南岗,马端街,1998,小高层,宣化街365号,126.6628969,45.76092744,1.0,20.0,,200,公寓住宅,民用,7.8,12,0.0,8922.0,Heilongjiang,Haerbin,Nangang,Heilongjiang-Haerbin
263930,电池小区,哈尔滨,南岗,马端街,1993,小高层,宣化街451号,126.6641104,45.76445024,1.0,20.0,,0,公寓住宅,民用,7.7,12,0.0,7600.0,Heilongjiang,Haerbin,Nangang,Heilongjiang-Haerbin
263929,大成街99-4号小区,哈尔滨,南岗,马端街,1991,多层,大成街99-4号,126.6593925,45.76079914,1.0,20.0,,93,公寓住宅,民用,7.7,12,0.0,8000.0,Heilongjiang,Haerbin,Nangang,Heilongjiang-Haerbin
263906,鑫泉金岗湾,哈尔滨,南岗,南岗周边,2015,小高层,"三环路,近哈双路",126.5455663,45.67236329,1.0,35.0,130000.0,1439,公寓住宅,民用,7.6,12,0.95,9351.0,Heilongjiang,Haerbin,Nangang,Heilongjiang-Haerbin
263907,海玉家园,哈尔滨,南岗,南岗周边,2010,多层,新农路2号,126.5424638,45.66380299,1.0,30.0,,160,公寓住宅,民用,7.4,12,0.0,6643.0,Heilongjiang,Haerbin,Nangang,Heilongjiang-Haerbin
263908,骏赫城(B区),哈尔滨,南岗,南岗周边,Mar-21,高层,"兴农大街,近哈双路",126.5407438,45.65402722,1.0,40.0,,448,公寓住宅,民用,7.5,12,-3.73,9145.0,Heilongjiang,Haerbin,Nangang,Heilongjiang-Haerbin
263909,骏赫城(E区),哈尔滨,南岗,南岗周边,Mar-21,高层,兴农大街,126.5422833,45.65709537,1.0,40.0,,522,公寓住宅,民用,7.8,12,0.0,11764.0,Heilongjiang,Haerbin,Nangang,Heilongjiang-Haerbin
263910,供销合作社职工住宅楼,哈尔滨,南岗,南岗周边,1995,多层,哈双路362号,126.5449251,45.6684257,1.0,20.0,,36,公寓住宅,民用,7.4,12,0.0,6142.0,Heilongjiang,Haerbin,Nangang,Heilongjiang-Haerbin
263911,金泽园小区,哈尔滨,南岗,南岗周边,2000,多层,兴隆路89号,126.5429501,45.64899552,1.0,30.0,,1492,公寓住宅,民用,7.3,12,0.0,6102.0,Heilongjiang,Haerbin,Nangang,Heilongjiang-Haerbin
263912,红星丽苑,哈尔滨,南岗,南岗周边,2012,小高层,新农路3号,126.5423636,45.66301119,1.0,35.0,,201,公寓住宅,民用,7.5,12,0.0,7323.0,Heilongjiang,Haerbin,Nangang,Heilongjiang-Haerbin
263913,泰鑫佰艺园,哈尔滨,南岗,南岗周边,2009,多层,哈前公路311号,126.5423347,45.67022525,1.0,30.0,,840,公寓住宅,民用,7.5,12,7.33,6492.0,Heilongjiang,Haerbin,Nangang,Heilongjiang-Haerbin
263914,骏赫书苑派,哈尔滨,南岗,南岗周边,Mar-21,高层,哈双路,126.5450303,45.65117919,,40.0,,2254,公寓住宅,民用,7.1,12,0.0,9871.0,Heilongjiang,Haerbin,Nangang,Heilongjiang-Haerbin
263915,美馨家园,哈尔滨,南岗,南岗周边,2011,多层,新农路92号,126.5481711,45.6613328,1.0,45.64,,556,公寓住宅,民用,7.5,12,0.0,6913.0,Heilongjiang,Haerbin,Nangang,Heilongjiang-Haerbin
263919,绿缘名居,哈尔滨,南岗,南岗周边,2002,小高层,哈前公路,126.5007158,45.58874407,,30.0,,0,公寓住宅,民用,6.9,12,0.0,5400.0,Heilongjiang,Haerbin,Nangang,Heilongjiang-Haerbin
263920,红旗农场综合楼,哈尔滨,南岗,南岗周边,1995,小高层,哈前公路,126.5431178,45.66629191,,20.0,,416,公寓住宅,民用,7.1,12,0.0,5416.0,Heilongjiang,Haerbin,Nangang,Heilongjiang-Haerbin
263921,恒隆嘉园,哈尔滨,南岗,南岗周边,2006,小高层|高层,哈双路422号,126.5420469,45.66461806,1.0,30.0,,125,公寓住宅,民用,7.1,12,0.0,6415.0,Heilongjiang,Haerbin,Nangang,Heilongjiang-Haerbin
263922,花园小区(先锋路),哈尔滨,南岗,马端街,1989,小高层,先锋路541号,126.6735266,45.76472859,1.0,10.0,,697,公寓住宅,民用,8.1,12,0.0,8879.0,Heilongjiang,Haerbin,Nangang,Heilongjiang-Haerbin
263923,名人一百贵族园,哈尔滨,南岗,马端街,1999,多层,先锋路457号,126.6834317,45.76567076,1.0,20.0,,180,公寓住宅,民用,8.4,12,0.0,8167.0,Heilongjiang,Haerbin,Nangang,Heilongjiang-Haerbin
263924,马端街100-102号小区,哈尔滨,南岗,马端街,2006,小高层,"马端街100,102号",126.671007,45.76079636,1.0,30.0,,426,公寓住宅,民用,8.4,12,0.0,8360.0,Heilongjiang,Haerbin,Nangang,Heilongjiang-Haerbin
263925,"大成街小区(大成街9号,11号,十字街125号,127号)",哈尔滨,南岗,马端街,1991,小高层,"大成街9号,11号,十字街125号,127号",126.6654529,45.75810799,1.0,20.0,,304,公寓住宅,民用,7.8,12,0.0,8266.0,Heilongjiang,Haerbin,Nangang,Heilongjiang-Haerbin
263928,烟草街48号楼,哈尔滨,南岗,马端街,2000,多层,烟草街48号,126.6637521,45.76058471,,30.0,,1,公寓住宅,民用,7.7,12,0.0,8800.0,Heilongjiang,Haerbin,Nangang,Heilongjiang-Haerbin
263963,七政街62号小区,哈尔滨,南岗,通达街,1991,小高层,七政街62号,126.6169315,45.73251871,1.0,20.0,,56,公寓住宅,民用,7.9,12,0.0,13236.0,Heilongjiang,Haerbin,Nangang,Heilongjiang-Haerbin
264049,烟草街48号楼,哈尔滨,南岗,大成,2000,多层,烟草街48号,126.6637521,45.76058471,,30.0,,1,公寓住宅,民用,7.7,12,0.0,8800.0,Heilongjiang,Haerbin,Nangang,Heilongjiang-Haerbin
263964,元和街小区(元和街40号-48号(双号)),哈尔滨,南岗,通达街,1991,小高层,元和街40号-48号(双号),126.6160741,45.73429078,1.0,20.0,,265,公寓住宅,民用,7.8,12,0.0,14146.0,Heilongjiang,Haerbin,Nangang,Heilongjiang-Haerbin
263966,宏达小区(南岗),哈尔滨,南岗,通达街,2002,小高层,通达街8号,126.6199968,45.73323821,1.0,30.0,,70,公寓住宅,民用,8.4,12,0.0,13888.0,Heilongjiang,Haerbin,Nangang,Heilongjiang-Haerbin
263992,七政街47号小区,哈尔滨,南岗,通达街,1991,小高层,七政街47号,126.6154715,45.73350939,1.0,20.0,,173,公寓住宅,民用,7.8,12,0.0,13888.0,Heilongjiang,Haerbin,Nangang,Heilongjiang-Haerbin
263993,汉广街40号小区,哈尔滨,南岗,通达街,2002,多层,汉广街40号,126.6215027,45.73544833,1.0,30.0,,0,公寓住宅,民用,7.9,12,0.0,8181.0,Heilongjiang,Haerbin,Nangang,Heilongjiang-Haerbin
263994,西大直街310号小区,哈尔滨,南岗,通达街,2005,小高层,西大直街310号,126.6129202,45.73456245,1.0,30.0,,0,公寓住宅,民用,7.9,12,0.0,9977.0,Heilongjiang,Haerbin,Nangang,Heilongjiang-Haerbin
263995,新七政小区,哈尔滨,南岗,通达街,1991,小高层,七政街31号,126.6201651,45.7313063,1.0,20.0,,138,公寓住宅,民用,7.6,12,0.0,7818.0,Heilongjiang,Haerbin,Nangang,Heilongjiang-Haerbin
263996,元和街15号小区,哈尔滨,南岗,通达街,1991,小高层,元和街15号,126.6171979,45.73550353,1.0,20.0,,80,公寓住宅,民用,7.7,12,0.0,10752.0,Heilongjiang,Haerbin,Nangang,Heilongjiang-Haerbin
263997,清明头道街2号小区,哈尔滨,南岗,通达街,2000,小高层,清明头道街2号,126.6106285,45.74001325,1.0,30.0,,88,公寓住宅,民用,7.8,12,0.0,8947.0,Heilongjiang,Haerbin,Nangang,Heilongjiang-Haerbin
263998,通达街34号小区,哈尔滨,南岗,通达街,2000,小高层,通达街34号,126.6173207,45.73441766,1.0,30.0,,180,公寓住宅,民用,8.1,12,0.0,9126.0,Heilongjiang,Haerbin,Nangang,Heilongjiang-Haerbin
263999,希望大厦,哈尔滨,南岗,通达街,1998,高层,清明七道街35号,126.614093,45.73792431,1.0,30.0,,116,公寓住宅,民用,8.4,12,0.0,10666.0,Heilongjiang,Haerbin,Nangang,Heilongjiang-Haerbin
264000,"七政街小区(七政街43号,元士街56-58号(双号))",哈尔滨,南岗,通达街,1996,小高层,"七政街43号,元士街56-58号(双号)",126.616782,45.73311944,1.0,20.0,,258,公寓住宅,民用,8.1,12,0.0,13880.0,Heilongjiang,Haerbin,Nangang,Heilongjiang-Haerbin
263991,"松明街小区(松明街57号,63号)",哈尔滨,南岗,通达街,2000,多层,"松明街57号,63号",126.615214,45.7354781,1.0,30.0,,146,公寓住宅,民用,7.8,12,0.0,8000.0,Heilongjiang,Haerbin,Nangang,Heilongjiang-Haerbin
264001,延兴路90号小区,哈尔滨,南岗,通达街,2000,高层,延兴路90号,126.6068967,45.72068938,1.0,20.0,,84,公寓住宅,民用,7.9,12,0.0,8666.0,Heilongjiang,Haerbin,Nangang,Heilongjiang-Haerbin
264003,清通小区,哈尔滨,南岗,通达街,2007,多层|高层,"清通街,近西大直街",126.6116919,45.73464748,1.0,20.0,,783,公寓住宅,民用,8.1,12,0.0,8615.0,Heilongjiang,Haerbin,Nangang,Heilongjiang-Haerbin
264004,哈特电车小区,哈尔滨,南岗,通达街,1995,多层,西大直街318号,126.61265,45.73904755,1.0,30.0,,587,公寓住宅,民用,8.1,12,0.0,8857.0,Heilongjiang,Haerbin,Nangang,Heilongjiang-Haerbin
264005,文化大院,哈尔滨,南岗,清滨路,2000,多层,和兴头道街29号,126.613578,45.72822194,1.0,35.0,,744,公寓住宅,民用,8.4,12,-0.12,23140.0,Heilongjiang,Haerbin,Nangang,Heilongjiang-Haerbin
264006,林业设计院家属楼(和兴路),哈尔滨,南岗,清滨路,1991,小高层,和兴路199-6号,126.6085046,45.73226965,1.0,20.0,,495,公寓住宅,民用,8.0,12,0.0,9727.0,Heilongjiang,Haerbin,Nangang,Heilongjiang-Haerbin
264007,"和兴七道街小区(和兴七道街48号,60号)",哈尔滨,南岗,清滨路,2002,小高层,"和兴七道街48号,60号",126.6075284,45.7249826,1.0,30.0,,246,公寓住宅,民用,8.1,12,0.0,9772.0,Heilongjiang,Haerbin,Nangang,Heilongjiang-Haerbin
264008,"西大直街小区(408号,440号)",哈尔滨,南岗,清滨路,2001,小高层,"西大直街408号,440号",126.6092617,45.72924767,1.0,30.0,,159,公寓住宅,民用,7.6,12,0.0,9932.0,Heilongjiang,Haerbin,Nangang,Heilongjiang-Haerbin
264009,和兴头道街副20号小区,哈尔滨,南岗,清滨路,1991,小高层,和兴头道街副20号,126.6169265,45.72550178,1.0,20.0,,147,公寓住宅,民用,8.1,12,1.08,24324.0,Heilongjiang,Haerbin,Nangang,Heilongjiang-Haerbin
264010,中兴街25号小区,哈尔滨,南岗,清滨路,1995,小高层,中兴街25号,126.6145033,45.72504525,1.0,20.0,,104,公寓住宅,民用,8.1,12,0.0,20920.0,Heilongjiang,Haerbin,Nangang,Heilongjiang-Haerbin
264002,陶瓷场小区,哈尔滨,南岗,通达街,1988,小高层,建兴街5号,126.6062557,45.73050049,1.0,20.0,,231,公寓住宅,民用,8.0,12,0.0,8974.0,Heilongjiang,Haerbin,Nangang,Heilongjiang-Haerbin
263990,七政街81号小区,哈尔滨,南岗,通达街,2005,多层,七政街81号,126.6136745,45.73403305,1.0,30.0,,252,公寓住宅,民用,8.0,12,0.0,10400.0,Heilongjiang,Haerbin,Nangang,Heilongjiang-Haerbin
263989,松明街31号小区,哈尔滨,南岗,通达街,1980,多层,松明街31号,126.6164196,45.73643086,1.0,20.0,,113,公寓住宅,民用,7.6,12,0.0,8400.0,Heilongjiang,Haerbin,Nangang,Heilongjiang-Haerbin
263967,元士街小区(元士街40-50号(双号)),哈尔滨,南岗,通达街,1999,小高层,元士街40-50号(双号),126.6174353,45.73378267,1.0,20.0,,449,公寓住宅,民用,8.4,12,-4.61,10193.0,Heilongjiang,Haerbin,Nangang,Heilongjiang-Haerbin
263968,通达街小区(通达街2-22号(双号)),哈尔滨,南岗,通达街,1998,小高层,通达街20-22号(双号),126.6183662,45.7340954,1.0,35.0,,309,公寓住宅,民用,8.5,12,-0.43,12071.0,Heilongjiang,Haerbin,Nangang,Heilongjiang-Haerbin
263969,"汉广街小区(汉广街57-1号,63-1号,73-1号)",哈尔滨,南岗,通达街,1999,小高层,"汉广街57-1号,63-1号,73-1号",126.6183359,45.73354483,1.0,20.0,,320,公寓住宅,民用,8.4,12,0.0,14400.0,Heilongjiang,Haerbin,Nangang,Heilongjiang-Haerbin
263970,"八元街小区(八元街8号,46-6号,汉兴街51号)",哈尔滨,南岗,通达街,1978,小高层,"八元街8号,46-6号,汉兴街51号",126.6199837,45.72949974,1.0,39.0,,616,公寓住宅,民用,8.3,12,-0.09,11142.0,Heilongjiang,Haerbin,Nangang,Heilongjiang-Haerbin
263971,电车小区(南岗),哈尔滨,南岗,通达街,1995,小高层,清通街51号,126.6099745,45.7346105,1.0,16.0,,728,公寓住宅,民用,8.2,12,0.0,8638.0,Heilongjiang,Haerbin,Nangang,Heilongjiang-Haerbin
263972,通达街47号小区,哈尔滨,南岗,通达街,2005,小高层,通达街47号,126.6185017,45.73454587,1.0,30.0,,70,公寓住宅,民用,8.3,12,0.0,10097.0,Heilongjiang,Haerbin,Nangang,Heilongjiang-Haerbin
263973,公路设计院家属楼,哈尔滨,南岗,通达街,1998,高层,延兴路100号,126.6063358,45.72062295,1.0,20.0,,607,公寓住宅,民用,8.1,12,0.0,13306.0,Heilongjiang,Haerbin,Nangang,Heilongjiang-Haerbin
263974,桥北小区(东区),哈尔滨,南岗,通达街,2010,小高层,清明三道街附7号,126.6142462,45.74054341,1.0,20.0,,574,公寓住宅,民用,8.4,12,2.43,8848.0,Heilongjiang,Haerbin,Nangang,Heilongjiang-Haerbin
263975,绿馨园小区(南区),哈尔滨,南岗,通达街,2000,多层,元士街附1号,126.6192707,45.73630599,1.0,40.0,,661,公寓住宅,民用,8.4,12,0.0,9473.0,Heilongjiang,Haerbin,Nangang,Heilongjiang-Haerbin
263976,清明四道街1号小区,哈尔滨,南岗,通达街,2001,多层,清明四道街1号,126.6123551,45.73907296,1.0,20.0,,229,公寓住宅,民用,8.3,12,0.0,10640.0,Heilongjiang,Haerbin,Nangang,Heilongjiang-Haerbin
263977,七政公寓B栋,哈尔滨,南岗,通达街,2007,小高层,"八元街,近汉元街",126.6210833,45.72992738,1.0,35.0,,118,公寓住宅,民用,8.7,12,0.0,15251.0,Heilongjiang,Haerbin,Nangang,Heilongjiang-Haerbin
263978,二酉住宅小区,哈尔滨,南岗,通达街,1996,小高层,一匡街7号,126.6244288,45.73484431,1.0,26.0,,666,公寓住宅,民用,8.0,12,0.0,7880.0,Heilongjiang,Haerbin,Nangang,Heilongjiang-Haerbin
263979,元和街7号小区,哈尔滨,南岗,通达街,1991,多层,元和街7号,126.6184594,45.73672423,1.0,20.0,,0,公寓住宅,民用,8.1,12,0.0,8894.0,Heilongjiang,Haerbin,Nangang,Heilongjiang-Haerbin
263980,一匡街5-7号小区,哈尔滨,南岗,通达街,2006,多层,一匡街5号,126.6262478,45.7352464,1.0,30.0,,210,公寓住宅,民用,7.8,12,0.0,9371.0,Heilongjiang,Haerbin,Nangang,Heilongjiang-Haerbin
263981,二酉街36号小区,哈尔滨,南岗,通达街,1991,小高层,二酉街36号,126.623524,45.73481928,1.0,20.0,,99,公寓住宅,民用,8.1,12,0.0,7973.0,Heilongjiang,Haerbin,Nangang,Heilongjiang-Haerbin
263982,"清明五道街小区(2号,8号)",哈尔滨,南岗,通达街,2006,小高层,"清明五道街2号,8号",126.6139857,45.73960401,1.0,30.0,,177,公寓住宅,民用,8.2,12,0.0,9326.0,Heilongjiang,Haerbin,Nangang,Heilongjiang-Haerbin
263965,汉祥街26号小区,哈尔滨,南岗,通达街,1997,小高层,汉祥街26号,126.6194323,45.73503788,1.0,20.0,,210,公寓住宅,民用,8.1,12,0.0,8750.0,Heilongjiang,Haerbin,Nangang,Heilongjiang-Haerbin
264028,"和兴路小区(和兴路235号,239号)",哈尔滨,南岗,清滨路,2004,小高层,"和兴路235号,239号",126.6054481,45.73357074,1.0,30.0,,208,公寓住宅,民用,8.2,12,0.0,12800.0,Heilongjiang,Haerbin,Nangang,Heilongjiang-Haerbin
262657,中山赢乐庭院,哈尔滨,南岗,工人文化宫,1993,多层|小高层,营部街30号,126.6454734,45.74673032,1.0,20.0,,1235,公寓住宅,民用,8.3,12,0.0,9275.0,Heilongjiang,Haerbin,Nangang,Heilongjiang-Haerbin
262646,哈西商厦,哈尔滨,南岗,大众新城,2011,高层,中兴大道99号,126.604071,45.7034009,1.0,30.28,,768,公寓住宅,民用,7.5,12,0.0,9285.0,Heilongjiang,Haerbin,Nangang,Heilongjiang-Haerbin
264226,"海城街小区(海城街7号,19号)",哈尔滨,南岗,果戈里,2007,小高层,海城街7号,126.6386157,45.74785518,1.0,30.0,,350,公寓住宅,民用,8.3,12,0.0,8600.0,Heilongjiang,Haerbin,Nangang,Heilongjiang-Haerbin
264225,鞍山街88号小区,哈尔滨,南岗,果戈里,2014,多层,鞍山街88号,126.6437634,45.76262676,1.0,30.0,,300,公寓住宅,民用,8.9,12,0.0,18918.0,Heilongjiang,Haerbin,Nangang,Heilongjiang-Haerbin
264224,满洲里街104号小区,哈尔滨,南岗,果戈里,1985,多层,满洲里街104号,126.6282956,45.75260655,1.0,20.0,,0,公寓住宅,民用,8.1,12,0.0,9890.0,Heilongjiang,Haerbin,Nangang,Heilongjiang-Haerbin
264223,龙江大厦,哈尔滨,南岗,果戈里,2004,高层,龙江街56号,126.6427701,45.76123928,1.0,30.0,,120,公寓住宅,民用,8.6,12,0.0,12300.0,Heilongjiang,Haerbin,Nangang,Heilongjiang-Haerbin
264222,繁荣街60号小区,哈尔滨,南岗,果戈里,2002,多层,繁荣街60号,126.6349914,45.74546469,1.0,30.0,,166,公寓住宅,民用,8.1,12,0.0,11000.0,Heilongjiang,Haerbin,Nangang,Heilongjiang-Haerbin
264221,中和街82号小区,哈尔滨,南岗,果戈里,1991,多层,中和街82号,126.6540213,45.75551196,1.0,20.0,,126,公寓住宅,民用,8.1,12,0.0,7500.0,Heilongjiang,Haerbin,Nangang,Heilongjiang-Haerbin
264220,铁岭街101号小区,哈尔滨,南岗,果戈里,1998,多层,铁岭街101号,126.6442486,45.76485389,1.0,20.0,,42,公寓住宅,民用,8.5,12,0.0,15000.0,Heilongjiang,Haerbin,Nangang,Heilongjiang-Haerbin
264217,平安家园(南岗),哈尔滨,南岗,果戈里,2000,多层,龙江街97号,126.6388791,45.76399903,1.0,30.0,,0,公寓住宅,民用,8.5,12,0.0,8400.0,Heilongjiang,Haerbin,Nangang,Heilongjiang-Haerbin
264216,吉林街120号小区,哈尔滨,南岗,果戈里,1991,小高层,吉林街120号,126.637149,45.76291862,1.0,20.0,,226,公寓住宅,民用,8.3,12,0.0,17446.0,Heilongjiang,Haerbin,Nangang,Heilongjiang-Haerbin
264215,建设街45号小区,哈尔滨,南岗,果戈里,2010,多层,建设街45号,126.6403749,45.75646334,1.0,30.0,,189,公寓住宅,民用,8.5,12,0.21,11945.0,Heilongjiang,Haerbin,Nangang,Heilongjiang-Haerbin
264214,民益街149号小区,哈尔滨,南岗,果戈里,2000,多层,民益街149号,126.6292087,45.75520501,1.0,30.0,,317,公寓住宅,民用,8.3,12,-0.21,11210.0,Heilongjiang,Haerbin,Nangang,Heilongjiang-Haerbin
264213,"文教街小区(文教街32号-52号(双号),巴山街14号,22号,分部街15号,21号,国庆街1号,7号)",哈尔滨,南岗,果戈里,1986,小高层,"文教街32号-52号(双号),巴山街14号,22号,分部街15号,21号,国庆街1号,7号",126.6587001,45.75050702,,20.0,,541,公寓住宅,民用,7.7,12,0.0,9600.0,Heilongjiang,Haerbin,Nangang,Heilongjiang-Haerbin
264211,建筑街110号小区,哈尔滨,南岗,果戈里,2000,多层,建筑街110号,126.6276698,45.75551321,1.0,30.0,,0,公寓住宅,民用,8.6,12,0.0,10714.0,Heilongjiang,Haerbin,Nangang,Heilongjiang-Haerbin
264210,民益街123号小区,哈尔滨,南岗,果戈里,1991,小高层,民益街123号,126.630192,45.75609383,1.0,20.0,,0,公寓住宅,民用,8.5,12,0.0,8620.0,Heilongjiang,Haerbin,Nangang,Heilongjiang-Haerbin
264196,民益街64号小区,哈尔滨,南岗,果戈里,1991,小高层,民益街64号,126.6366451,45.76101061,1.0,20.0,,261,公寓住宅,民用,8.5,12,0.0,10533.0,Heilongjiang,Haerbin,Nangang,Heilongjiang-Haerbin
264197,花园街小区(花园街326-344号(双号)),哈尔滨,南岗,果戈里,1991,小高层,花园街326-344号(双号),126.6421773,45.75610129,1.0,20.0,,100,公寓住宅,民用,8.3,12,0.0,20000.0,Heilongjiang,Haerbin,Nangang,Heilongjiang-Haerbin
264198,光芒大厦,哈尔滨,南岗,果戈里,2000,高层,光芒街138号,126.6458591,45.75299302,1.0,20.0,,328,公寓住宅,民用,8.4,12,0.0,11236.0,Heilongjiang,Haerbin,Nangang,Heilongjiang-Haerbin
264199,新发小区(大成F区),哈尔滨,南岗,果戈里,1996,小高层,大成二道街25号,126.6595291,45.75990565,1.0,15.0,,1728,公寓住宅,民用,8.3,12,-0.07,9359.0,Heilongjiang,Haerbin,Nangang,Heilongjiang-Haerbin
264200,民益街小区(民益街158号-170号(双号)),哈尔滨,南岗,果戈里,1991,多层,民益街158号-170号(双号),126.6292334,45.75509141,1.0,20.0,,84,公寓住宅,民用,8.7,12,0.0,11038.0,Heilongjiang,Haerbin,Nangang,Heilongjiang-Haerbin
264201,建设街小区(建设街52号-76号(双号)),哈尔滨,南岗,果戈里,1991,小高层,建设街52号-76号(双号),126.6406012,45.75591166,1.0,20.0,,112,公寓住宅,民用,8.3,12,0.0,11818.0,Heilongjiang,Haerbin,Nangang,Heilongjiang-Haerbin
264227,比乐街67号小区,哈尔滨,南岗,果戈里,2012,小高层,比乐街67号,126.654107,45.75527868,1.0,30.0,,245,公寓住宅,民用,8.2,12,0.0,8333.0,Heilongjiang,Haerbin,Nangang,Heilongjiang-Haerbin
264202,颐园街15号小区,哈尔滨,南岗,果戈里,2008,小高层,颐园街15号,126.634128,45.75838166,1.0,30.0,,42,公寓住宅,民用,8.7,12,0.0,9166.0,Heilongjiang,Haerbin,Nangang,Heilongjiang-Haerbin
264204,"银行街小区(银行街56号,58号)",哈尔滨,南岗,果戈里,2010,小高层,"银行街56号,58号",126.6326672,45.75982975,1.0,26.0,,48,公寓住宅,民用,8.4,12,0.0,16842.0,Heilongjiang,Haerbin,Nangang,Heilongjiang-Haerbin
264205,果戈里大街268号小区,哈尔滨,南岗,果戈里,1991,小高层,果戈里大街268号,126.6448221,45.75326898,1.0,20.0,,0,公寓住宅,民用,8.0,12,0.0,14925.0,Heilongjiang,Haerbin,Nangang,Heilongjiang-Haerbin
264206,士课街小区(士课街60号-70号(双号)),哈尔滨,南岗,果戈里,1982,小高层,士课街60号-70号(双号),126.6517431,45.75003501,1.0,20.0,,189,公寓住宅,民用,7.9,12,0.0,10375.0,Heilongjiang,Haerbin,Nangang,Heilongjiang-Haerbin
264207,"文教街小区(文教街60号-74号(双号),巴山街5号,分部街27号,29号,革新街28号,34号)",哈尔滨,南岗,果戈里,1986,小高层,"文教街60号-74号(双号),巴山街5号,分部街27号,29号,革新街28号,34号",126.6576694,45.75154196,,20.0,,694,公寓住宅,民用,7.6,12,0.0,9755.0,Heilongjiang,Haerbin,Nangang,Heilongjiang-Haerbin
264208,"果戈里大街小区(果戈里大街2号-46号(双号),士课街3号,19-1号,国庆街40号-44号(双号))",哈尔滨,南岗,果戈里,1990,多层,"果戈里大街2号-46号(双号),士课街3号,19-1号,国庆街40号-44号(双号)",126.6444496,45.75524892,1.0,20.0,,834,公寓住宅,民用,8.4,12,0.0,8686.0,Heilongjiang,Haerbin,Nangang,Heilongjiang-Haerbin
264209,"巴陵街小区(洁净街2-22号(双号),巴陵街1号-21号(单号),建新街6号,建新街10号)",哈尔滨,南岗,果戈里,1998,多层,"洁净街2-22号(双号),巴陵街1号-21号(单号),建新街6号,建新街10号)",126.6579924,45.75601367,1.0,20.0,,870,公寓住宅,民用,8.1,12,0.0,10204.0,Heilongjiang,Haerbin,Nangang,Heilongjiang-Haerbin
264203,"辽阳街小区(辽阳街36号-40号(双号),36-1号)",哈尔滨,南岗,果戈里,1991,小高层,"辽阳街36号-40号(双号),36-1号",126.6477456,45.76365203,1.0,20.0,,138,公寓住宅,民用,8.5,12,0.0,19889.0,Heilongjiang,Haerbin,Nangang,Heilongjiang-Haerbin
264195,宣化街187号小区,哈尔滨,南岗,果戈里,1998,小高层,宣化街187号,126.6621647,45.75343201,1.0,20.0,,84,公寓住宅,民用,7.9,12,0.0,9482.0,Heilongjiang,Haerbin,Nangang,Heilongjiang-Haerbin
264228,松花江街16号小区,哈尔滨,南岗,果戈里,2006,小高层,松花江街16号,126.6270447,45.75625901,1.0,30.0,,0,公寓住宅,民用,8.6,12,0.0,11026.0,Heilongjiang,Haerbin,Nangang,Heilongjiang-Haerbin
264230,邮政街小区(邮政街332号-342号(双号)),哈尔滨,南岗,果戈里,1991,小高层,邮政街332号-342号(双号),126.631492,45.75437068,1.0,20.0,,126,公寓住宅,民用,8.3,12,0.0,10100.0,Heilongjiang,Haerbin,Nangang,Heilongjiang-Haerbin
264231,邮政街62号小区,哈尔滨,南岗,果戈里,1991,小高层,邮政街62号,126.6450988,45.76527951,1.0,20.0,,160,公寓住宅,民用,8.3,12,0.0,15714.0,Heilongjiang,Haerbin,Nangang,Heilongjiang-Haerbin
264232,人和街95号小区,哈尔滨,南岗,果戈里,2000,小高层,人和街95号,126.6496614,45.7535722,1.0,30.0,,133,公寓住宅,民用,8.3,12,0.0,10842.0,Heilongjiang,Haerbin,Nangang,Heilongjiang-Haerbin
264233,革新街167号小区,哈尔滨,南岗,果戈里,2006,多层,革新街167号,126.6441146,45.74449107,1.0,30.0,,0,公寓住宅,民用,8.1,12,0.0,7361.0,Heilongjiang,Haerbin,Nangang,Heilongjiang-Haerbin
264234,光芒街114-1号小区,哈尔滨,南岗,果戈里,1991,小高层,光芒街114-1号,126.6474078,45.75178628,1.0,20.0,,66,公寓住宅,民用,8.3,12,0.0,10000.0,Heilongjiang,Haerbin,Nangang,Heilongjiang-Haerbin
264235,"马家街小区(国民街27号,29号,马家街85号)",哈尔滨,南岗,果戈里,1991,多层,"国民街27号,29号,马家街85号",126.6416793,45.75441463,1.0,20.0,,148,公寓住宅,民用,8.4,12,0.0,12500.0,Heilongjiang,Haerbin,Nangang,Heilongjiang-Haerbin
264229,三姓街小区(98号-106号(双号)),哈尔滨,南岗,果戈里,1991,小高层,98号-106号(双号),126.6501172,45.76608413,1.0,20.0,,254,公寓住宅,民用,8.4,12,0.0,16368.0,Heilongjiang,Haerbin,Nangang,Heilongjiang-Haerbin
264194,民益街58号小区,哈尔滨,南岗,果戈里,1991,小高层,民益街58号,126.6366917,45.7610673,1.0,20.0,,80,公寓住宅,民用,8.3,12,0.0,19032.0,Heilongjiang,Haerbin,Nangang,Heilongjiang-Haerbin
264193,士课街16号小区,哈尔滨,南岗,果戈里,2002,多层,"士课街16,28号",126.6543674,45.7476696,1.0,30.0,,183,公寓住宅,民用,7.8,12,0.0,11376.0,Heilongjiang,Haerbin,Nangang,Heilongjiang-Haerbin
264192,洁净街47号小区,哈尔滨,南岗,果戈里,1991,小高层,洁净街47号,126.6541347,45.75387408,1.0,20.0,,161,公寓住宅,民用,8.1,12,0.0,8731.0,Heilongjiang,Haerbin,Nangang,Heilongjiang-Haerbin
262779,复华四道街5号小区,哈尔滨,南岗,复华小区,2017,小高层,复华四道街5号,126.6330519,45.74564509,1.0,30.0,,72,公寓住宅,民用,8.1,12,0.0,13442.0,Heilongjiang,Haerbin,Nangang,Heilongjiang-Haerbin
262778,复华四道街3号小区,哈尔滨,南岗,复华小区,2017,小高层,复华四道街3号,126.6334196,45.74590012,1.0,30.0,,68,公寓住宅,民用,8.4,12,0.0,13508.0,Heilongjiang,Haerbin,Nangang,Heilongjiang-Haerbin
262777,复华三道街54号小区,哈尔滨,南岗,复华小区,2011,小高层,复华三道街54号,126.6294459,45.74304875,1.0,30.0,,166,公寓住宅,民用,8.5,12,0.0,13473.0,Heilongjiang,Haerbin,Nangang,Heilongjiang-Haerbin
262776,复华三道街47号小区,哈尔滨,南岗,复华小区,2011,小高层,复华三道街47号,126.6289884,45.74325879,1.0,30.0,,120,公寓住宅,民用,8.5,12,0.0,8500.0,Heilongjiang,Haerbin,Nangang,Heilongjiang-Haerbin
262775,"复华三道街小区(耀景街2号-4号(双号),复华三道街2号-6号(双号))",哈尔滨,南岗,复华小区,2011,小高层,"耀景街2号-4号(双号),复华三道街2号-6号(双号)",126.6335335,45.74664112,1.0,30.0,,73,公寓住宅,民用,8.4,12,0.0,13333.0,Heilongjiang,Haerbin,Nangang,Heilongjiang-Haerbin
262774,四明街16号小区,哈尔滨,南岗,复华小区,1991,多层,四明街16号,126.6230434,45.73238716,1.0,20.0,,102,公寓住宅,民用,7.8,12,0.0,13750.0,Heilongjiang,Haerbin,Nangang,Heilongjiang-Haerbin
262773,五瑞街45号小区,哈尔滨,南岗,复华小区,1991,小高层,五瑞街45号,126.6227522,45.73218467,1.0,20.0,,252,公寓住宅,民用,8.3,12,0.0,14732.0,Heilongjiang,Haerbin,Nangang,Heilongjiang-Haerbin
262772,和兴三道街29号小区,哈尔滨,南岗,复华小区,2005,小高层,和兴三道街29号,126.612412,45.72589958,1.0,30.0,,196,公寓住宅,民用,8.5,12,-1.72,20842.0,Heilongjiang,Haerbin,Nangang,Heilongjiang-Haerbin
262771,木兰街34号小区,哈尔滨,南岗,复华小区,1991,小高层,木兰街34号,126.6220359,45.73308423,1.0,20.0,,234,公寓住宅,民用,8.2,12,0.0,13160.0,Heilongjiang,Haerbin,Nangang,Heilongjiang-Haerbin
262770,清滨胡同13号小区,哈尔滨,南岗,复华小区,2000,小高层,清滨胡同13号,126.610548,45.72975857,1.0,30.0,,180,公寓住宅,民用,8.1,12,0.0,21875.0,Heilongjiang,Haerbin,Nangang,Heilongjiang-Haerbin
262769,复华三道街小区(复华三道街26号-32号(双号)),哈尔滨,南岗,复华小区,2011,小高层,复华三道街26号-32号(双号),126.6315067,45.74492912,1.0,30.0,,93,公寓住宅,民用,8.3,12,0.0,11431.0,Heilongjiang,Haerbin,Nangang,Heilongjiang-Haerbin
262768,海城街138号小区,哈尔滨,南岗,复华小区,2007,小高层,海城街138号,126.6304907,45.75175044,1.0,30.0,,0,公寓住宅,民用,8.5,12,0.0,9293.0,Heilongjiang,Haerbin,Nangang,Heilongjiang-Haerbin
262767,和兴头道街20号小区,哈尔滨,南岗,复华小区,1991,小高层,和兴头道街20号,126.6159378,45.72617149,1.0,20.0,,78,公寓住宅,民用,8.1,12,0.0,26333.0,Heilongjiang,Haerbin,Nangang,Heilongjiang-Haerbin
262766,复华小区,哈尔滨,南岗,复华小区,2000,多层|高层,复华四道街10号,126.6339878,45.74563314,1.0,20.0,,4761,公寓住宅,民用,8.4,12,-0.79,12625.0,Heilongjiang,Haerbin,Nangang,Heilongjiang-Haerbin
262765,航空家属小区,哈尔滨,南岗,宣庆,2000,多层|小高层,长江路115号,126.6770935,45.74808216,1.0,30.0,,105,公寓住宅,民用,8.0,12,0.0,8405.0,Heilongjiang,Haerbin,Nangang,Heilongjiang-Haerbin
262764,黑龙江省残疾人联合会住宅楼,哈尔滨,南岗,宣庆,2017,小高层,黄河路130号,126.6799799,45.75154687,1.0,30.0,,98,公寓住宅,民用,8.2,12,0.0,9984.0,Heilongjiang,Haerbin,Nangang,Heilongjiang-Haerbin
262751,中行家属小区,哈尔滨,南岗,宣庆,1999,多层,汉水路436号,126.6703828,45.74359725,1.0,20.0,,528,公寓住宅,民用,8.0,12,0.0,11191.0,Heilongjiang,Haerbin,Nangang,Heilongjiang-Haerbin
262752,辰能大厦,哈尔滨,南岗,宣庆,2005,小高层,长江路99-9号,126.6759452,45.74807742,1.0,36.0,,624,公寓住宅,民用,8.3,12,0.0,9306.0,Heilongjiang,Haerbin,Nangang,Heilongjiang-Haerbin
262753,"芦家街小区(芦家街13号,18-24号,宣文街6号)",哈尔滨,南岗,宣庆,1991,多层,"芦家街13号,18-24号,宣文街6号",126.6682756,45.75410955,1.0,20.0,,0,公寓住宅,民用,7.8,12,0.0,6956.0,Heilongjiang,Haerbin,Nangang,Heilongjiang-Haerbin
262754,长江路副67-1号小区,哈尔滨,南岗,宣庆,1991,小高层,长江路副67-1号,126.6662125,45.74662169,1.0,20.0,,0,公寓住宅,民用,8.0,12,0.0,9135.0,Heilongjiang,Haerbin,Nangang,Heilongjiang-Haerbin
262755,"宣信街小区(宣信街52号,54号,56号)",哈尔滨,南岗,宣庆,1991,小高层,"宣信街52号,54号,56号",126.6631902,45.74822528,1.0,20.0,,168,公寓住宅,民用,7.6,12,0.0,9032.0,Heilongjiang,Haerbin,Nangang,Heilongjiang-Haerbin
262780,复兴街10号小区,哈尔滨,南岗,复华小区,2002,小高层,复兴街10号,126.6326198,45.74515288,1.0,30.0,,54,公寓住宅,民用,8.2,12,0.0,12000.0,Heilongjiang,Haerbin,Nangang,Heilongjiang-Haerbin
262761,华山国际商务中心,哈尔滨,南岗,宣庆,2001,小高层,轩辕路6号,126.677277,45.75023501,1.0,30.0,,147,公寓住宅,民用,7.9,12,0.0,9310.0,Heilongjiang,Haerbin,Nangang,Heilongjiang-Haerbin
262762,宣信街3号小区,哈尔滨,南岗,宣庆,1991,多层,宣信街3号,126.6658335,45.7485744,1.0,20.0,,72,公寓住宅,民用,7.7,12,0.0,9340.0,Heilongjiang,Haerbin,Nangang,Heilongjiang-Haerbin
262763,宣智街33-38号小区,哈尔滨,南岗,宣庆,2019,小高层,"宣智街33号,38号",126.6623898,45.74930432,1.0,30.0,,400,公寓住宅,民用,7.7,12,0.0,8823.0,Heilongjiang,Haerbin,Nangang,Heilongjiang-Haerbin
262781,耀景街8-10号小区,哈尔滨,南岗,复华小区,1991,小高层,"耀景街8号,10号",126.6344022,45.74613676,1.0,20.0,,129,公寓住宅,民用,7.9,12,0.0,11428.0,Heilongjiang,Haerbin,Nangang,Heilongjiang-Haerbin
264365,和兴路106号小区,哈尔滨,南岗,公司街,2000,小高层,和兴路106号,126.612309,45.72960584,1.0,30.0,,63,公寓住宅,民用,8.3,12,0.0,18823.0,Heilongjiang,Haerbin,Nangang,Heilongjiang-Haerbin
264159,龙电花园,哈尔滨,南岗,果戈里,2015,高层,大成街140号,126.6542433,45.7607288,1.0,43.0,,1260,公寓住宅,民用,8.8,12,-0.13,10433.0,Heilongjiang,Haerbin,Nangang,Heilongjiang-Haerbin
264178,黑山街小区(黑山街90号-124号(双号)),哈尔滨,南岗,果戈里,1998,小高层,黑山街90号-124号(双号),126.6534755,45.75174455,1.0,20.0,,174,公寓住宅,民用,7.9,12,0.0,10622.0,Heilongjiang,Haerbin,Nangang,Heilongjiang-Haerbin
264179,"平公街小区(宣化街225号,平公街57-59号)",哈尔滨,南岗,果戈里,1991,小高层,"宣化街225号,平公街57-59号",126.6630362,45.75549244,1.0,20.0,,330,公寓住宅,民用,7.8,12,0.0,9972.0,Heilongjiang,Haerbin,Nangang,Heilongjiang-Haerbin
264180,"新永和街小区(新永和街34号-42号(双号),永和街26号,小阿什河街1号)",哈尔滨,南岗,果戈里,2002,小高层,"新永和街34号-42号(双号),小阿什河街1号,永和街32号",126.6498198,45.75481506,1.0,30.0,,455,公寓住宅,民用,8.2,12,0.0,9560.0,Heilongjiang,Haerbin,Nangang,Heilongjiang-Haerbin
264181,平公街小区(平公街64号-92号(双号)),哈尔滨,南岗,果戈里,1991,小高层,平公街64号-92号(双号),126.6637795,45.75475861,1.0,20.0,,486,公寓住宅,民用,7.7,12,0.0,8461.0,Heilongjiang,Haerbin,Nangang,Heilongjiang-Haerbin
264182,永和街62号小区,哈尔滨,南岗,果戈里,2000,小高层,永和街62号,126.6476337,45.7528207,1.0,30.0,,203,公寓住宅,民用,8.0,12,0.0,8428.0,Heilongjiang,Haerbin,Nangang,Heilongjiang-Haerbin
264183,士课街75号院,哈尔滨,南岗,果戈里,1986,多层|高层,士课街75号,126.6513814,45.75079805,1.0,20.0,,119,公寓住宅,民用,8.3,12,0.0,8760.0,Heilongjiang,Haerbin,Nangang,Heilongjiang-Haerbin
264177,银行街28号小区,哈尔滨,南岗,果戈里,2000,小高层,银行街28号,126.6346064,45.76192481,1.0,30.0,,64,公寓住宅,民用,8.6,12,0.0,18750.0,Heilongjiang,Haerbin,Nangang,Heilongjiang-Haerbin
264184,民益街146号小区,哈尔滨,南岗,果戈里,1991,小高层,民益街146号,126.6278807,45.75468275,1.0,20.0,,0,公寓住宅,民用,8.4,12,0.0,12857.0,Heilongjiang,Haerbin,Nangang,Heilongjiang-Haerbin
264186,人和街6号小区,哈尔滨,南岗,果戈里,2013,多层,人和街6号,126.6565265,45.75891994,1.0,30.0,,381,公寓住宅,民用,8.1,12,0.0,9235.0,Heilongjiang,Haerbin,Nangang,Heilongjiang-Haerbin
264187,"复华三道街小区(耀景街2号-4号(双号),复华三道街2号-6号(双号))",哈尔滨,南岗,果戈里,2011,小高层,"耀景街2号-4号(双号),复华三道街2号-6号(双号)",126.6335335,45.74664112,1.0,30.0,,73,公寓住宅,民用,8.4,12,0.0,13333.0,Heilongjiang,Haerbin,Nangang,Heilongjiang-Haerbin
264188,复华四道街5号小区,哈尔滨,南岗,果戈里,2017,小高层,复华四道街5号,126.6330519,45.74564509,1.0,30.0,,72,公寓住宅,民用,8.1,12,0.0,13442.0,Heilongjiang,Haerbin,Nangang,Heilongjiang-Haerbin
264189,复兴街10号小区,哈尔滨,南岗,果戈里,2002,小高层,复兴街10号,126.6326198,45.74515288,1.0,30.0,,54,公寓住宅,民用,8.2,12,0.0,12000.0,Heilongjiang,Haerbin,Nangang,Heilongjiang-Haerbin
264190,邮政街162号小区,哈尔滨,南岗,果戈里,1991,高层,邮政街162号,126.6394184,45.76085309,1.0,20.0,,198,公寓住宅,民用,8.7,12,0.0,19541.0,Heilongjiang,Haerbin,Nangang,Heilongjiang-Haerbin
264191,洁净街37号小区,哈尔滨,南岗,果戈里,1991,小高层,洁净街37号,126.6544689,45.75397333,1.0,20.0,,84,公寓住宅,民用,8.0,12,0.0,9857.0,Heilongjiang,Haerbin,Nangang,Heilongjiang-Haerbin
264185,文平街小区(文平街4号-10号(双号)),哈尔滨,南岗,果戈里,2012,高层,文平街4号-10号(双号),126.6484091,45.74476374,1.0,30.0,,152,公寓住宅,民用,7.9,12,0.0,12866.0,Heilongjiang,Haerbin,Nangang,Heilongjiang-Haerbin
264176,"民益街小区(民益街37号,北京街33号,33-3号)",哈尔滨,南岗,果戈里,1991,小高层,"民益街37号,北京街33号,33-3号",126.6367597,45.76218481,1.0,20.0,,204,公寓住宅,民用,8.4,12,0.0,13335.0,Heilongjiang,Haerbin,Nangang,Heilongjiang-Haerbin
264174,巴山街小区,哈尔滨,南岗,果戈里,1982,小高层,"分部街20号-34号(双号),巴山街24号-38号(双号),黑山街25号,国庆街11号,13号",126.6578243,45.7494574,1.0,20.0,,901,公寓住宅,民用,7.9,12,0.0,9343.0,Heilongjiang,Haerbin,Nangang,Heilongjiang-Haerbin
264160,"海关街小区(海关街81号,副89号,中学胡同8-1号)",哈尔滨,南岗,果戈里,2000,小高层,"海关街81号,副89号,中学胡同8-1号",126.6310809,45.75567914,1.0,30.0,,194,公寓住宅,民用,8.4,12,0.19,10123.0,Heilongjiang,Haerbin,Nangang,Heilongjiang-Haerbin
264161,文平街11号小区,哈尔滨,南岗,果戈里,2012,小高层,文平街11号,126.6478168,45.74516738,1.0,30.0,,143,公寓住宅,民用,8.0,12,0.0,8860.0,Heilongjiang,Haerbin,Nangang,Heilongjiang-Haerbin
264162,"松花江街小区(松花江街26号-36号(双号),海城街160号,162号)",哈尔滨,南岗,果戈里,2000,小高层,"松花江街26号-36号(双号),海城街160号,162号",126.6264933,45.75387386,1.0,30.0,,212,公寓住宅,民用,8.4,12,-3.14,11626.0,Heilongjiang,Haerbin,Nangang,Heilongjiang-Haerbin
264163,"民益街小区(民益街86号,86-4号)",哈尔滨,南岗,果戈里,1991,小高层,"民益街86号,86-4号",126.6344613,45.75892812,1.0,20.0,,180,公寓住宅,民用,8.6,12,0.0,10787.0,Heilongjiang,Haerbin,Nangang,Heilongjiang-Haerbin
264164,马端街236号小区,哈尔滨,南岗,果戈里,2006,小高层,马端街236号,126.6597056,45.76152706,1.0,30.0,,234,公寓住宅,民用,8.3,12,0.0,7633.0,Heilongjiang,Haerbin,Nangang,Heilongjiang-Haerbin
264165,阿什河街117号小区,哈尔滨,南岗,果戈里,1991,小高层,阿什河街117号,126.6358522,45.7623058,1.0,20.0,,157,公寓住宅,民用,8.5,12,0.0,16666.0,Heilongjiang,Haerbin,Nangang,Heilongjiang-Haerbin
264175,"黑山街小区(黑山街4号-16号(双号),巴山街40号-54号(双号),奋斗路35号,35-1号,37-1号,国庆街19号,23号,果戈里大街37号)",哈尔滨,南岗,果戈里,1987,小高层,"黑山街4号-16号(双号),巴山街40号-54号(双号),奋斗路35号,35-1号,37-1号,国庆街19号,23号,果戈里大街37号",126.6568089,45.74865778,1.0,20.0,,849,公寓住宅,民用,7.7,12,0.0,8842.0,Heilongjiang,Haerbin,Nangang,Heilongjiang-Haerbin
264166,果戈里大街316号小区,哈尔滨,南岗,果戈里,1991,小高层,果戈里大街316号,126.6425598,45.7563831,1.0,20.0,,84,公寓住宅,民用,8.2,12,0.0,9578.0,Heilongjiang,Haerbin,Nangang,Heilongjiang-Haerbin
264168,果戈里大街58号小区,哈尔滨,南岗,果戈里,1991,多层,果戈里大街58号,126.6555225,45.74833025,1.0,20.0,,141,公寓住宅,民用,7.6,12,0.0,10357.0,Heilongjiang,Haerbin,Nangang,Heilongjiang-Haerbin
264169,"文教街小区(93号-105号(单号),巴陵街48号,50号,52号,84号,革新街5-5号,宣德街22号,24号,芦家街90号-98号(双号))",哈尔滨,南岗,果戈里,1986,多层,"文教街93号-105号(单号),巴陵街48号,50号,52号,84号,革新街5-5号,宣德街22号,24号,芦家街90号-98号(双号)",126.6570224,45.75302106,,20.0,,1569,公寓住宅,民用,7.3,12,-1.46,8514.0,Heilongjiang,Haerbin,Nangang,Heilongjiang-Haerbin
264170,外侨花园,哈尔滨,南岗,果戈里,2000,多层|小高层,果戈里大街302号,126.6441276,45.75534842,1.0,40.0,,108,公寓住宅,民用,9.0,12,0.0,15626.0,Heilongjiang,Haerbin,Nangang,Heilongjiang-Haerbin
264171,分部街小区(分部街56号-72号(双号)),哈尔滨,南岗,果戈里,1991,小高层,分部街56号-72号(双号),126.6549077,45.75246857,1.0,20.0,,168,公寓住宅,民用,7.6,12,0.0,8000.0,Heilongjiang,Haerbin,Nangang,Heilongjiang-Haerbin
264172,"比乐街小区(比乐街202号,206号,洁净街67号)",哈尔滨,南岗,果戈里,1987,小高层,"比乐街202号,206号,洁净街67号",126.6516175,45.75220665,1.0,20.0,,286,公寓住宅,民用,8.0,12,0.0,8800.0,Heilongjiang,Haerbin,Nangang,Heilongjiang-Haerbin
264173,"文教街小区(文教街76号-122号(双号),巴陵街54号-64号(双号),分部街35号-39号(单号),革新街19号-27号(单号))",哈尔滨,南岗,果戈里,1994,小高层,"文教街76号-122号(双号),巴陵街54号-64号(双号),分部街35号-39号(单号),革新街19号-27号(单号)",126.6565093,45.75275451,1.0,20.0,,1238,公寓住宅,民用,7.8,12,0.0,9666.0,Heilongjiang,Haerbin,Nangang,Heilongjiang-Haerbin
264167,民益街179号小区,哈尔滨,南岗,果戈里,1991,小高层,民益街179号,126.6272463,45.75350065,1.0,20.0,,276,公寓住宅,民用,8.1,12,0.0,12052.0,Heilongjiang,Haerbin,Nangang,Heilongjiang-Haerbin
262750,宣西小区,哈尔滨,南岗,宣庆,1999,小高层,平准街10号,126.6670326,45.75604806,1.0,38.0,,9946,公寓住宅,民用,7.9,12,0.13,8853.0,Heilongjiang,Haerbin,Nangang,Heilongjiang-Haerbin
262797,复华街17号小区,哈尔滨,南岗,复华小区,2002,小高层,复华街17号,126.6316138,45.74460888,1.0,30.0,,42,公寓住宅,民用,8.0,12,0.0,12377.0,Heilongjiang,Haerbin,Nangang,Heilongjiang-Haerbin
262796,复华三道街小区(复华三道街44号-48号(双号)),哈尔滨,南岗,复华小区,2011,小高层,复华三道街44号-48号(双号),126.6301265,45.74372494,,30.0,,63,公寓住宅,民用,7.9,12,0.0,13296.0,Heilongjiang,Haerbin,Nangang,Heilongjiang-Haerbin
262795,"复华三道街小区(复华街12号,复华三道街36号-42号(双号))",哈尔滨,南岗,复华小区,2011,小高层,"复华街12号,复华三道街36号-42号(双号)",126.630828,45.74428331,1.0,30.0,,98,公寓住宅,民用,7.9,12,0.0,9230.0,Heilongjiang,Haerbin,Nangang,Heilongjiang-Haerbin
262794,复华街10号小区,哈尔滨,南岗,复华小区,2008,小高层,复华街10号,126.6314891,45.74422368,1.0,30.0,,36,公寓住宅,民用,8.1,12,0.0,11666.0,Heilongjiang,Haerbin,Nangang,Heilongjiang-Haerbin
262793,工程师街8号小区,哈尔滨,南岗,复华小区,2020,小高层,工程师街8号,126.6259215,45.74859548,1.0,30.0,,0,公寓住宅,民用,8.3,12,0.0,10576.0,Heilongjiang,Haerbin,Nangang,Heilongjiang-Haerbin
262792,文林街46号小区,哈尔滨,南岗,复华小区,2002,小高层,文林街46号,126.6393596,45.74086608,1.0,30.0,,0,公寓住宅,民用,7.7,12,0.0,8106.0,Heilongjiang,Haerbin,Nangang,Heilongjiang-Haerbin
262791,"清明五道街小区(2号,8号)",哈尔滨,南岗,复华小区,2006,小高层,"清明五道街2号,8号",126.6139857,45.73960401,1.0,30.0,,177,公寓住宅,民用,8.2,12,0.0,9326.0,Heilongjiang,Haerbin,Nangang,Heilongjiang-Haerbin
262790,和兴路82号小区,哈尔滨,南岗,复华小区,2005,多层,和兴路82号,126.6143823,45.72887708,1.0,30.0,,0,公寓住宅,民用,8.0,12,0.0,17582.0,Heilongjiang,Haerbin,Nangang,Heilongjiang-Haerbin
262789,松明街37号小区,哈尔滨,南岗,复华小区,1991,小高层,松明街37号,126.6160716,45.73623984,1.0,20.0,,56,公寓住宅,民用,8.0,12,0.0,9977.0,Heilongjiang,Haerbin,Nangang,Heilongjiang-Haerbin
262788,元和街小区(元和街16号-18号(双号)),哈尔滨,南岗,复华小区,1991,小高层,"元和街16号-18号(双号),汉祥街32号",126.6174677,45.73538132,1.0,20.0,,186,公寓住宅,民用,7.9,12,0.0,9290.0,Heilongjiang,Haerbin,Nangang,Heilongjiang-Haerbin
262787,元和街小区(元和街40号-48号(双号)),哈尔滨,南岗,复华小区,1991,小高层,元和街40号-48号(双号),126.6160741,45.73429078,1.0,20.0,,265,公寓住宅,民用,7.8,12,0.0,14146.0,Heilongjiang,Haerbin,Nangang,Heilongjiang-Haerbin
262786,和兴路106号小区,哈尔滨,南岗,复华小区,2000,小高层,和兴路106号,126.612309,45.72960584,1.0,30.0,,63,公寓住宅,民用,8.3,12,0.0,18823.0,Heilongjiang,Haerbin,Nangang,Heilongjiang-Haerbin
262785,五瑞街35号小区,哈尔滨,南岗,复华小区,2018,小高层,五瑞街35号,126.6240185,45.7313865,1.0,30.0,,63,公寓住宅,民用,8.2,12,0.0,13142.0,Heilongjiang,Haerbin,Nangang,Heilongjiang-Haerbin
262784,清滨路24号小区,哈尔滨,南岗,复华小区,2006,小高层,清滨路24号,126.6126657,45.73037238,1.0,30.0,,80,公寓住宅,民用,8.2,12,-2.1,22138.0,Heilongjiang,Haerbin,Nangang,Heilongjiang-Haerbin
262783,清滨路15-1号小区,哈尔滨,南岗,复华小区,2008,小高层,清滨路15-1号,126.6128114,45.73171566,1.0,30.0,,309,公寓住宅,民用,8.4,12,0.0,9285.0,Heilongjiang,Haerbin,Nangang,Heilongjiang-Haerbin
264355,民益街146号小区,哈尔滨,南岗,公司街,1991,小高层,民益街146号,126.6278807,45.75468275,1.0,20.0,,0,公寓住宅,民用,8.4,12,0.0,12857.0,Heilongjiang,Haerbin,Nangang,Heilongjiang-Haerbin
264356,"下夹树街小区(下夹树街65号,67号,曲线街46号,48号)",哈尔滨,南岗,公司街,1991,小高层,"下夹树街65号,67号,曲线街46号,48号",126.6187175,45.74630442,1.0,20.0,,224,公寓住宅,民用,8.6,12,0.0,9310.0,Heilongjiang,Haerbin,Nangang,Heilongjiang-Haerbin
264334,"果戈里大街208号,果戈里大街210号小区",哈尔滨,南岗,果戈里,1990,小高层,"果戈里大街208号,果戈里大街210号",126.6485943,45.75284841,1.0,20.0,,63,公寓住宅,民用,8.0,12,0.0,10826.0,Heilongjiang,Haerbin,Nangang,Heilongjiang-Haerbin
264335,巴陵街85号院,哈尔滨,南岗,果戈里,1986,多层,巴陵街85号,126.6518188,45.75071324,1.0,20.0,,84,公寓住宅,民用,8.1,12,0.0,10491.0,Heilongjiang,Haerbin,Nangang,Heilongjiang-Haerbin
264364,清滨路24号小区,哈尔滨,南岗,公司街,2006,小高层,清滨路24号,126.6126657,45.73037238,1.0,30.0,,80,公寓住宅,民用,8.2,12,-2.1,22138.0,Heilongjiang,Haerbin,Nangang,Heilongjiang-Haerbin
264363,清滨路15-1号小区,哈尔滨,南岗,公司街,2008,小高层,清滨路15-1号,126.6128114,45.73171566,1.0,30.0,,309,公寓住宅,民用,8.4,12,0.0,9285.0,Heilongjiang,Haerbin,Nangang,Heilongjiang-Haerbin
264362,下夹树街55号小区,哈尔滨,南岗,公司街,1991,小高层,下夹树街55号,126.6212717,45.74882325,1.0,20.0,,520,公寓住宅,民用,7.9,12,0.0,9836.0,Heilongjiang,Haerbin,Nangang,Heilongjiang-Haerbin
264361,邮政街389号小区,哈尔滨,南岗,公司街,1991,小高层,邮政街389号,126.6230282,45.74726179,1.0,20.0,,75,公寓住宅,民用,8.0,12,0.0,10868.0,Heilongjiang,Haerbin,Nangang,Heilongjiang-Haerbin
262798,复华三道街27号小区,哈尔滨,南岗,复华小区,2011,小高层,复华三道街27号,126.6294734,45.74376037,1.0,30.0,,144,公寓住宅,民用,7.8,12,0.0,8444.0,Heilongjiang,Haerbin,Nangang,Heilongjiang-Haerbin
264360,民益街小区(民益街158号-170号(双号)),哈尔滨,南岗,公司街,1991,多层,民益街158号-170号(双号),126.6292334,45.75509141,1.0,20.0,,84,公寓住宅,民用,8.7,12,0.0,11038.0,Heilongjiang,Haerbin,Nangang,Heilongjiang-Haerbin
264358,上夹树街38号小区,哈尔滨,南岗,公司街,1991,小高层,上夹树街38号,126.6240198,45.74965112,1.0,20.0,,72,公寓住宅,民用,8.1,12,0.0,13142.0,Heilongjiang,Haerbin,Nangang,Heilongjiang-Haerbin
262817,通达街34号小区,哈尔滨,南岗,复华小区,2000,小高层,通达街34号,126.6173207,45.73441766,1.0,30.0,,180,公寓住宅,民用,8.1,12,0.0,9126.0,Heilongjiang,Haerbin,Nangang,Heilongjiang-Haerbin
262816,和兴路217号小区,哈尔滨,南岗,复华小区,2010,小高层,和兴路217号,126.6059881,45.73272353,1.0,30.0,,72,公寓住宅,民用,7.8,12,0.0,12250.0,Heilongjiang,Haerbin,Nangang,Heilongjiang-Haerbin
262782,复兴街15号小区,哈尔滨,南岗,复华小区,1991,小高层,复兴街15号,126.6308094,45.74652348,1.0,20.0,,96,公寓住宅,民用,8.2,12,0.0,11750.0,Heilongjiang,Haerbin,Nangang,Heilongjiang-Haerbin
262815,省文化厅宿舍,哈尔滨,南岗,复华小区,2004,小高层,和兴路90-4号,126.6123412,45.72816938,1.0,30.0,,472,公寓住宅,民用,7.8,12,0.0,17487.0,Heilongjiang,Haerbin,Nangang,Heilongjiang-Haerbin
264357,公司街38-1号小区,哈尔滨,南岗,公司街,1991,小高层,"公司街38号,38-1号,40号,耀景街15号",126.6349592,45.74731664,1.0,20.0,,359,公寓住宅,民用,8.2,12,0.0,10023.0,Heilongjiang,Haerbin,Nangang,Heilongjiang-Haerbin
264359,复兴街15号小区,哈尔滨,南岗,公司街,1991,小高层,复兴街15号,126.6308094,45.74652348,1.0,20.0,,96,公寓住宅,民用,8.2,12,0.0,11750.0,Heilongjiang,Haerbin,Nangang,Heilongjiang-Haerbin
264333,果戈里大街小区,哈尔滨,南岗,果戈里,1989,小高层,"果戈里大街13号,25号",126.6573652,45.74778361,1.0,20.0,,80,公寓住宅,民用,7.7,12,0.0,9818.0,Heilongjiang,Haerbin,Nangang,Heilongjiang-Haerbin
262799,"复兴街小区(复华四道街16号-18号(双号),复兴街2号-8号(双号))",哈尔滨,南岗,复华小区,2000,小高层,"复华四道街16号-18号(双号),复兴街2号-8号(双号)",126.6329996,45.74496009,1.0,30.0,,90,公寓住宅,民用,7.8,12,0.0,12093.0,Heilongjiang,Haerbin,Nangang,Heilongjiang-Haerbin
262800,复华四道街小区(复华四道街22号-50号(双号),哈尔滨,南岗,复华小区,2017,小高层,复华四道街22号-50号(双号),126.6325159,45.74457904,1.0,30.0,,200,公寓住宅,民用,8.3,12,0.0,10000.0,Heilongjiang,Haerbin,Nangang,Heilongjiang-Haerbin
264354,清滨胡同13号小区,哈尔滨,南岗,公司街,2000,小高层,清滨胡同13号,126.610548,45.72975857,1.0,30.0,,180,公寓住宅,民用,8.1,12,0.0,21875.0,Heilongjiang,Haerbin,Nangang,Heilongjiang-Haerbin
264353,"邮政街小区(邮政街350号-362号(双号),海关街142号)",哈尔滨,南岗,公司街,1998,小高层,"邮政街350号-362号(双号),海关街142号",126.6289605,45.75173228,1.0,20.0,,150,公寓住宅,民用,8.4,12,0.0,10526.0,Heilongjiang,Haerbin,Nangang,Heilongjiang-Haerbin
264352,上方街小区(上方街22号-46号(双号)),哈尔滨,南岗,公司街,2000,小高层,上方街22号-46号(双号),126.6237215,45.75230936,1.0,30.0,,437,公寓住宅,民用,8.1,12,0.0,11000.0,Heilongjiang,Haerbin,Nangang,Heilongjiang-Haerbin
264351,建筑街小区(建筑街24号-40号(双号)),哈尔滨,南岗,公司街,1991,小高层,建筑街24号-40号(双号),126.629671,45.75730813,1.0,20.0,,192,公寓住宅,民用,8.3,12,0.0,10583.0,Heilongjiang,Haerbin,Nangang,Heilongjiang-Haerbin
264350,民益街小区(民益街111号-121号(单号)),哈尔滨,南岗,公司街,1991,小高层,民益街111号-121号(单号),126.6305102,45.75629849,1.0,20.0,,119,公寓住宅,民用,8.5,12,0.0,11300.0,Heilongjiang,Haerbin,Nangang,Heilongjiang-Haerbin
264349,海城街小区(海城街143号-157号(单号)),哈尔滨,南岗,公司街,2007,小高层,海城街143号-157号(单号),126.6258673,45.75526373,1.0,30.0,,221,公寓住宅,民用,8.4,12,0.0,9454.0,Heilongjiang,Haerbin,Nangang,Heilongjiang-Haerbin
264348,民益街179号小区,哈尔滨,南岗,公司街,1991,小高层,民益街179号,126.6272463,45.75350065,1.0,20.0,,276,公寓住宅,民用,8.1,12,0.0,12052.0,Heilongjiang,Haerbin,Nangang,Heilongjiang-Haerbin
264347,海城街176号小区,哈尔滨,南岗,公司街,2007,小高层,海城街176号,126.6253063,45.75482407,1.0,30.0,,273,公寓住宅,民用,8.3,12,0.0,10540.0,Heilongjiang,Haerbin,Nangang,Heilongjiang-Haerbin
264346,公司街小区(公司街98号-108号(双号)),哈尔滨,南岗,公司街,1991,小高层,公司街98号-108号(双号),126.6276822,45.75177706,1.0,20.0,,126,公寓住宅,民用,8.5,12,0.0,12857.0,Heilongjiang,Haerbin,Nangang,Heilongjiang-Haerbin
264345,松花江街101号小区,哈尔滨,南岗,公司街,2000,小高层,松花江街101号,126.6248929,45.74882029,1.0,30.0,,63,公寓住宅,民用,8.3,12,0.0,11176.0,Heilongjiang,Haerbin,Nangang,Heilongjiang-Haerbin
264344,公司街小区(公司街116号-118号(双号)),哈尔滨,南岗,公司街,1991,小高层,公司街116号-118号(双号),126.62705,45.75208153,1.0,20.0,,172,公寓住宅,民用,8.1,12,0.0,12285.0,Heilongjiang,Haerbin,Nangang,Heilongjiang-Haerbin
264343,"松花江街小区(松花江街26号-36号(双号),海城街160号,162号)",哈尔滨,南岗,公司街,2000,小高层,"松花江街26号-36号(双号),海城街160号,162号",126.6264933,45.75387386,1.0,30.0,,212,公寓住宅,民用,8.4,12,-3.14,11626.0,Heilongjiang,Haerbin,Nangang,Heilongjiang-Haerbin
264342,下夹树街17号小区,哈尔滨,南岗,公司街,1991,多层,下夹树街17号,126.6250365,45.75231008,1.0,20.0,,57,公寓住宅,民用,8.4,12,0.0,12200.0,Heilongjiang,Haerbin,Nangang,Heilongjiang-Haerbin
264341,"工程师街小区(工程师街28号,30号,铁路街122号)",哈尔滨,南岗,公司街,2020,多层,"工程师街28号,30号,铁路街122号",126.6220159,45.75163106,1.0,30.0,,728,公寓住宅,民用,8.5,12,0.0,9411.0,Heilongjiang,Haerbin,Nangang,Heilongjiang-Haerbin
264340,海城街138号小区,哈尔滨,南岗,公司街,2007,小高层,海城街138号,126.6304907,45.75175044,1.0,30.0,,0,公寓住宅,民用,8.5,12,0.0,9293.0,Heilongjiang,Haerbin,Nangang,Heilongjiang-Haerbin
264339,下夹树街小区(下夹树街8号-16号(双号)),哈尔滨,南岗,公司街,1991,小高层,下夹树街8号-16号(双号),126.6244112,45.75107192,1.0,20.0,,256,公寓住宅,民用,8.2,12,0.0,11418.0,Heilongjiang,Haerbin,Nangang,Heilongjiang-Haerbin
264338,"货栈街小区(上夹树街40号-44号(双号),货栈街3号,5号)",哈尔滨,南岗,公司街,1985,小高层,"上夹树街40号-44号(双号),货栈街3号,5号",126.6241219,45.74899685,1.0,20.0,,339,公寓住宅,民用,8.1,12,-1.49,10292.0,Heilongjiang,Haerbin,Nangang,Heilongjiang-Haerbin
262801,复华三道街小区(复华三道街12号-20号(双号),哈尔滨,南岗,复华小区,2011,小高层,复华三道街12号-20号(双号),126.6325155,45.74577929,1.0,30.0,,60,公寓住宅,民用,8.0,12,0.0,14385.0,Heilongjiang,Haerbin,Nangang,Heilongjiang-Haerbin
262802,"松花江街小区(松花江街84号,86号)",哈尔滨,南岗,复华小区,1991,小高层,"松花江街84号,86号",126.6255608,45.74859574,1.0,20.0,,40,公寓住宅,民用,7.9,12,0.0,10322.0,Heilongjiang,Haerbin,Nangang,Heilongjiang-Haerbin
262803,省实验中学家属楼,哈尔滨,南岗,复华小区,1991,小高层,海城街5号,126.6389691,45.74754256,1.0,20.0,,28,公寓住宅,民用,7.8,12,0.0,8648.0,Heilongjiang,Haerbin,Nangang,Heilongjiang-Haerbin
262804,"海城街小区(海城街22号-28号(双号),繁荣街20号)",哈尔滨,南岗,复华小区,2007,小高层,"海城街22号-28号(双号),繁荣街20号",126.6375738,45.74773745,1.0,30.0,,90,公寓住宅,民用,8.1,12,0.0,10571.0,Heilongjiang,Haerbin,Nangang,Heilongjiang-Haerbin
262805,"第二巴陵街小区(第二巴陵街12号,14号)",哈尔滨,南岗,复华小区,1991,小高层,"第二巴陵街12号,14号",126.6436473,45.74515535,1.0,20.0,,91,公寓住宅,民用,7.8,12,0.0,7419.0,Heilongjiang,Haerbin,Nangang,Heilongjiang-Haerbin
262806,松明街33号小区,哈尔滨,南岗,复华小区,1991,多层,松明街33号,126.616132,45.73635189,1.0,20.0,,123,公寓住宅,民用,7.8,12,0.0,10000.0,Heilongjiang,Haerbin,Nangang,Heilongjiang-Haerbin
262814,"松明街小区(松明街40号,40-2号)",哈尔滨,南岗,复华小区,1991,小高层,"松明街40号,40-2号",126.6151767,45.73496644,1.0,20.0,,63,公寓住宅,民用,7.6,12,0.0,8823.0,Heilongjiang,Haerbin,Nangang,Heilongjiang-Haerbin
262807,元和街22号小区,哈尔滨,南岗,复华小区,1991,小高层,元和街22号,126.6167333,45.73472729,1.0,20.0,,28,公寓住宅,民用,7.8,12,0.0,8300.0,Heilongjiang,Haerbin,Nangang,Heilongjiang-Haerbin
262809,清明四道街55号小区,哈尔滨,南岗,复华小区,2006,小高层,清明四道街55号,126.6072358,45.73478191,1.0,30.0,,168,公寓住宅,民用,7.8,12,0.0,9230.0,Heilongjiang,Haerbin,Nangang,Heilongjiang-Haerbin
262810,清明四道街172-1号小区,哈尔滨,南岗,复华小区,2006,小高层,清明四道街172-1号,126.6064307,45.73280997,1.0,30.0,,220,公寓住宅,民用,7.9,12,0.0,8333.0,Heilongjiang,Haerbin,Nangang,Heilongjiang-Haerbin
262811,松明街小区(松明街42号-46号(双号)),哈尔滨,南岗,复华小区,1991,小高层,松明街42号-46号(双号),126.6150776,45.73482276,1.0,20.0,,72,公寓住宅,民用,7.6,12,0.0,10000.0,Heilongjiang,Haerbin,Nangang,Heilongjiang-Haerbin
262812,松明街小区(28-30号(双号)),哈尔滨,南岗,复华小区,1991,小高层,松明街28-30号(双号),126.6163428,45.73567851,1.0,20.0,,87,公寓住宅,民用,7.6,12,0.0,9750.0,Heilongjiang,Haerbin,Nangang,Heilongjiang-Haerbin
264336,巴陵街74号小区,哈尔滨,南岗,果戈里,1993,多层,巴陵街74号,126.654747,45.75230698,1.0,20.0,,49,公寓住宅,民用,8.0,12,0.0,10473.0,Heilongjiang,Haerbin,Nangang,Heilongjiang-Haerbin
264337,"海关街小区(海关街81号,副89号,中学胡同8-1号)",哈尔滨,南岗,公司街,2000,小高层,"海关街81号,副89号,中学胡同8-1号",126.6310809,45.75567914,1.0,30.0,,194,公寓住宅,民用,8.4,12,0.19,10123.0,Heilongjiang,Haerbin,Nangang,Heilongjiang-Haerbin
262808,苗圃街112号小区,哈尔滨,南岗,复华小区,1991,小高层,苗圃街112号,126.6226191,45.72930118,1.0,20.0,,45,公寓住宅,民用,7.5,12,0.0,14090.0,Heilongjiang,Haerbin,Nangang,Heilongjiang-Haerbin
264332,果戈里大街125号小区,哈尔滨,南岗,果戈里,1990,小高层,果戈里大街125号,126.6535672,45.75053802,1.0,20.0,,231,公寓住宅,民用,7.7,12,0.0,10228.0,Heilongjiang,Haerbin,Nangang,Heilongjiang-Haerbin
264331,黑山街2号小区,哈尔滨,南岗,果戈里,1984,小高层,"黑山街2号,国庆街36号,果戈里大街13号-25号(单号),文昌街63号-69号(单号)",126.6576147,45.74852238,,20.0,,304,公寓住宅,民用,7.3,12,0.0,7566.0,Heilongjiang,Haerbin,Nangang,Heilongjiang-Haerbin
264330,分乐小区,哈尔滨,南岗,果戈里,1990,小高层,比乐街150号,126.6543124,45.75454593,1.0,20.0,,371,公寓住宅,民用,7.7,12,0.0,9968.0,Heilongjiang,Haerbin,Nangang,Heilongjiang-Haerbin
264296,营部街12号小区,哈尔滨,南岗,果戈里,1991,小高层,营部街12号,126.6480636,45.74533148,1.0,20.0,,120,公寓住宅,民用,7.8,12,0.0,7256.0,Heilongjiang,Haerbin,Nangang,Heilongjiang-Haerbin
264295,新永和街7号小区,哈尔滨,南岗,果戈里,2002,多层|小高层,新永和街7号,126.6495751,45.75611997,1.0,30.0,,82,公寓住宅,民用,8.0,12,0.0,8064.0,Heilongjiang,Haerbin,Nangang,Heilongjiang-Haerbin
264294,洁净街17号小区,哈尔滨,南岗,果戈里,1992,小高层,洁净街17号,126.65583,45.75549048,1.0,20.0,,91,公寓住宅,民用,7.7,12,0.0,10392.0,Heilongjiang,Haerbin,Nangang,Heilongjiang-Haerbin
264293,国民街11号小区,哈尔滨,南岗,果戈里,2012,多层,国民街11号,126.6431803,45.75348968,1.0,30.0,,0,公寓住宅,民用,8.3,12,0.0,12972.0,Heilongjiang,Haerbin,Nangang,Heilongjiang-Haerbin
264292,木介小区,哈尔滨,南岗,果戈里,1993,多层,木介街56-10号,126.6368033,45.74624145,1.0,20.0,,285,公寓住宅,民用,7.9,12,0.0,7801.0,Heilongjiang,Haerbin,Nangang,Heilongjiang-Haerbin
264291,文昌街117号小区,哈尔滨,南岗,果戈里,2016,低层,文昌街117号,126.6506321,45.74321738,2.0,30.0,,138,公寓住宅,民用,7.8,12,0.0,7402.0,Heilongjiang,Haerbin,Nangang,Heilongjiang-Haerbin
264290,比乐街82号小区,哈尔滨,南岗,果戈里,2012,多层,比乐街82号,126.6569631,45.75673282,1.0,30.0,,254,公寓住宅,民用,7.8,12,0.0,8461.0,Heilongjiang,Haerbin,Nangang,Heilongjiang-Haerbin
264289,交通街1号小区,哈尔滨,南岗,果戈里,2006,小高层,交通街1号,126.6421261,45.75135404,1.0,30.0,,0,公寓住宅,民用,7.9,12,0.0,9454.0,Heilongjiang,Haerbin,Nangang,Heilongjiang-Haerbin
264288,分部街69号小区,哈尔滨,南岗,果戈里,1991,小高层,分部街69号,126.6507402,45.75563911,1.0,20.0,,81,公寓住宅,民用,8.0,12,0.0,9645.0,Heilongjiang,Haerbin,Nangang,Heilongjiang-Haerbin
264287,比乐街182号小区,哈尔滨,南岗,果戈里,2012,多层,比乐街182号,126.6531256,45.75351662,1.0,30.0,,132,公寓住宅,民用,7.9,12,0.0,8400.0,Heilongjiang,Haerbin,Nangang,Heilongjiang-Haerbin
264286,沈阳街5号小区,哈尔滨,南岗,果戈里,1991,小高层,沈阳街5号,126.6407746,45.74937831,1.0,20.0,,0,公寓住宅,民用,8.0,12,0.0,8600.0,Heilongjiang,Haerbin,Nangang,Heilongjiang-Haerbin
264285,"公司街小区(公司街12号,15号)",哈尔滨,南岗,果戈里,1991,小高层,"公司街12号,15号",126.6376198,45.74613568,1.0,20.0,,136,公寓住宅,民用,7.8,12,0.0,11000.0,Heilongjiang,Haerbin,Nangang,Heilongjiang-Haerbin
264284,大成街99-4号小区,哈尔滨,南岗,果戈里,1991,多层,大成街99-4号,126.6593925,45.76079914,1.0,20.0,,93,公寓住宅,民用,7.7,12,0.0,8000.0,Heilongjiang,Haerbin,Nangang,Heilongjiang-Haerbin
264283,花园街281号小区,哈尔滨,南岗,果戈里,2003,多层,花园街281号,126.6456908,45.76015392,1.0,30.0,,0,公寓住宅,民用,8.5,12,0.0,17000.0,Heilongjiang,Haerbin,Nangang,Heilongjiang-Haerbin
264282,龙江街33号小区,哈尔滨,南岗,果戈里,1999,多层,龙江街33号,126.6447525,45.76064359,1.0,20.0,,63,公寓住宅,民用,8.7,12,0.0,17000.0,Heilongjiang,Haerbin,Nangang,Heilongjiang-Haerbin
264281,分部街75号小区,哈尔滨,南岗,果戈里,2003,多层,分部街75号,126.6500849,45.75573501,1.0,30.0,,0,公寓住宅,民用,8.1,12,0.0,7800.0,Heilongjiang,Haerbin,Nangang,Heilongjiang-Haerbin
264280,繁荣街111号小区,哈尔滨,南岗,果戈里,1998,多层,繁荣街111号,126.6340771,45.74538549,1.0,20.0,,0,公寓住宅,民用,7.8,12,0.0,11000.0,Heilongjiang,Haerbin,Nangang,Heilongjiang-Haerbin
264270,建设街15号小区,哈尔滨,南岗,果戈里,2003,多层,建设街15号,126.6438094,45.75449914,,30.0,,120,公寓住宅,民用,8.4,12,0.0,10800.0,Heilongjiang,Haerbin,Nangang,Heilongjiang-Haerbin
264271,医大一院社区,哈尔滨,南岗,果戈里,2011,多层,邮政街86-6号,126.6431736,45.76354813,1.0,30.0,,120,公寓住宅,民用,8.3,12,0.0,16400.0,Heilongjiang,Haerbin,Nangang,Heilongjiang-Haerbin
264297,文明街46号小区,哈尔滨,南岗,果戈里,1993,多层,文明街46号,126.6449143,45.74324598,1.0,20.0,,36,公寓住宅,民用,7.7,12,0.0,8547.0,Heilongjiang,Haerbin,Nangang,Heilongjiang-Haerbin
264272,第二巴陵街6号小区,哈尔滨,南岗,果戈里,1999,多层,第二巴陵街6号,126.6448517,45.74588304,1.0,20.0,,131,公寓住宅,民用,7.9,12,0.0,9000.0,Heilongjiang,Haerbin,Nangang,Heilongjiang-Haerbin
264274,中和街108号住宅楼,哈尔滨,南岗,果戈里,1995,多层,中和街108号,126.6519704,45.75374029,1.0,20.0,,156,公寓住宅,民用,7.9,12,0.0,8900.0,Heilongjiang,Haerbin,Nangang,Heilongjiang-Haerbin
264275,馥瑞大厦,哈尔滨,南岗,果戈里,1990,高层,光芒街97号,126.646225,45.75333072,1.0,20.0,,108,商住楼,商用,7.9,12,0.0,11000.0,Heilongjiang,Haerbin,Nangang,Heilongjiang-Haerbin
264276,"洁净街小区(洁净街5号,13号)",哈尔滨,南岗,果戈里,2001,多层,"洁净街5号,13号",126.6563634,45.75587536,,30.0,,56,公寓住宅,民用,7.9,12,0.0,10276.0,Heilongjiang,Haerbin,Nangang,Heilongjiang-Haerbin
264277,邮政街66号楼,哈尔滨,南岗,果戈里,2008,多层,邮政街66号,126.64315,45.76393012,1.0,30.0,,172,公寓住宅,民用,8.4,12,0.0,13000.0,Heilongjiang,Haerbin,Nangang,Heilongjiang-Haerbin
264278,崇德小区,哈尔滨,南岗,果戈里,2005,小高层,建新街,126.6544191,45.75880647,,30.0,,298,公寓住宅,民用,8.0,12,0.0,9000.0,Heilongjiang,Haerbin,Nangang,Heilongjiang-Haerbin
264279,芦家街119号小区,哈尔滨,南岗,果戈里,2004,小高层,芦家街119号,126.6536336,45.75642605,1.0,30.0,,0,公寓住宅,民用,8.2,12,0.0,10123.0,Heilongjiang,Haerbin,Nangang,Heilongjiang-Haerbin
264273,洁净街3号院,哈尔滨,南岗,果戈里,2012,多层,洁净街3号,126.6570952,45.75653002,1.0,30.0,,77,公寓住宅,民用,7.8,12,0.0,8100.0,Heilongjiang,Haerbin,Nangang,Heilongjiang-Haerbin
264298,永和街46号小区,哈尔滨,南岗,果戈里,2000,小高层,永和街46号,126.6488131,45.75347066,1.0,30.0,,30,公寓住宅,民用,7.9,12,0.0,10115.0,Heilongjiang,Haerbin,Nangang,Heilongjiang-Haerbin
264299,花园街184号小区,哈尔滨,南岗,果戈里,1991,小高层,花园街184号,126.6516602,45.76427505,1.0,20.0,,72,公寓住宅,民用,8.0,12,0.0,6235.0,Heilongjiang,Haerbin,Nangang,Heilongjiang-Haerbin
264300,建新街小区(建新街28号-32号(双号)),哈尔滨,南岗,果戈里,2000,多层,建新街28号-32号(双号),126.6543472,45.75840446,1.0,30.0,,224,公寓住宅,民用,7.9,12,0.0,8795.0,Heilongjiang,Haerbin,Nangang,Heilongjiang-Haerbin
264316,中和街31号院,哈尔滨,南岗,果戈里,1991,小高层,中和街31号,126.6544743,45.75653433,1.0,20.0,,84,公寓住宅,民用,7.8,12,0.0,9489.0,Heilongjiang,Haerbin,Nangang,Heilongjiang-Haerbin
264317,人和胡同7-9号小区,哈尔滨,南岗,果戈里,1991,小高层,"人和胡同7号,9号",126.6527948,45.75886114,1.0,20.0,,214,公寓住宅,民用,7.9,12,0.0,8561.0,Heilongjiang,Haerbin,Nangang,Heilongjiang-Haerbin
264318,"比乐街小区(比乐街226号,228号)",哈尔滨,南岗,果戈里,2012,小高层,"比乐街226号,228号",126.6506492,45.75136642,1.0,30.0,,56,公寓住宅,民用,7.9,12,0.0,10537.0,Heilongjiang,Haerbin,Nangang,Heilongjiang-Haerbin
264319,畜牧局家属楼(南岗),哈尔滨,南岗,果戈里,2002,小高层,小阿什江街8号,126.6488999,45.75457736,1.0,30.0,,84,公寓住宅,民用,8.1,12,0.0,8600.0,Heilongjiang,Haerbin,Nangang,Heilongjiang-Haerbin
264320,省实验中学家属楼,哈尔滨,南岗,果戈里,1991,小高层,海城街5号,126.6389691,45.74754256,1.0,20.0,,28,公寓住宅,民用,7.8,12,0.0,8648.0,Heilongjiang,Haerbin,Nangang,Heilongjiang-Haerbin
264321,洁净街小区(洁净街90号-104号(双号)),哈尔滨,南岗,果戈里,1992,小高层,洁净街90号-104号(双号),126.6526281,45.75184546,1.0,20.0,,198,公寓住宅,民用,7.5,12,0.0,10307.0,Heilongjiang,Haerbin,Nangang,Heilongjiang-Haerbin
264315,分部街65号小区,哈尔滨,南岗,果戈里,1991,小高层,分部街65号,126.6510649,45.75503427,1.0,20.0,,28,公寓住宅,民用,7.7,12,0.0,10101.0,Heilongjiang,Haerbin,Nangang,Heilongjiang-Haerbin
264322,文德街小区(文德街2号-28号(双号)),哈尔滨,南岗,果戈里,1991,小高层,文德街2号-28号(双号),126.6472768,45.7421153,1.0,20.0,,278,公寓住宅,民用,7.3,12,0.0,9401.0,Heilongjiang,Haerbin,Nangang,Heilongjiang-Haerbin
264324,阿什河街105号小区,哈尔滨,南岗,果戈里,1991,小高层,阿什河街105号,126.638042,45.76098171,1.0,20.0,,0,公寓住宅,民用,8.1,12,0.0,18823.0,Heilongjiang,Haerbin,Nangang,Heilongjiang-Haerbin
264325,革新街129号小区,哈尔滨,南岗,果戈里,2006,小高层,革新街129号,126.6481686,45.74699829,1.0,30.0,,80,公寓住宅,民用,8.0,12,0.0,8162.0,Heilongjiang,Haerbin,Nangang,Heilongjiang-Haerbin
264326,邮政街小区(邮政街70号-78号(双号)),哈尔滨,南岗,果戈里,1991,小高层,邮政街70号-78号(双号),126.6446684,45.76527136,1.0,20.0,,91,公寓住宅,民用,8.1,12,0.0,20974.0,Heilongjiang,Haerbin,Nangang,Heilongjiang-Haerbin
264327,连戎街4号小区,哈尔滨,南岗,果戈里,2002,小高层,连戎街4号,126.6458472,45.7525948,1.0,30.0,,30,公寓住宅,民用,8.5,12,0.0,10000.0,Heilongjiang,Haerbin,Nangang,Heilongjiang-Haerbin
264328,建新街105号小区,哈尔滨,南岗,果戈里,2002,小高层,建新街105号,126.6537032,45.7590781,1.0,30.0,,330,公寓住宅,民用,7.9,12,0.0,10346.0,Heilongjiang,Haerbin,Nangang,Heilongjiang-Haerbin
264329,洁净街小区(洁净街76-82号(双号)),哈尔滨,南岗,果戈里,2000,小高层,洁净街76-82号(双号),126.6533877,45.75252294,1.0,30.0,,322,公寓住宅,民用,7.7,12,0.0,9529.0,Heilongjiang,Haerbin,Nangang,Heilongjiang-Haerbin
264323,"革新街小区((革新街234号-244号(双号),文平街31-33号)",哈尔滨,南岗,果戈里,2006,小高层,"革新街234号-244号,文平街31-33号",126.6452866,45.74464989,1.0,30.0,,251,公寓住宅,民用,7.8,12,0.0,8778.0,Heilongjiang,Haerbin,Nangang,Heilongjiang-Haerbin
264314,光芒街31号小区,哈尔滨,南岗,果戈里,1991,小高层,光芒街31号,126.6525915,45.74840745,1.0,20.0,,54,公寓住宅,民用,7.5,12,0.0,7938.0,Heilongjiang,Haerbin,Nangang,Heilongjiang-Haerbin
264312,复华三道街小区(复华三道街12号-20号(双号),哈尔滨,南岗,果戈里,2011,小高层,复华三道街12号-20号(双号),126.6325155,45.74577929,1.0,30.0,,60,公寓住宅,民用,8.0,12,0.0,14385.0,Heilongjiang,Haerbin,Nangang,Heilongjiang-Haerbin
264301,人和街45号小区,哈尔滨,南岗,果戈里,2013,小高层,人和街45号,126.6531212,45.75665586,1.0,30.0,,87,公寓住宅,民用,8.0,12,0.0,10462.0,Heilongjiang,Haerbin,Nangang,Heilongjiang-Haerbin
264302,文教街8-22号小区,哈尔滨,南岗,果戈里,1999,小高层,"文教街8号,22号",126.6606599,45.74943818,1.0,20.0,,105,公寓住宅,民用,7.6,12,0.0,10651.0,Heilongjiang,Haerbin,Nangang,Heilongjiang-Haerbin
264303,果戈里大街206号小区,哈尔滨,南岗,果戈里,1991,小高层,果戈里大街206号,126.6488807,45.7526676,1.0,20.0,,54,公寓住宅,民用,7.7,12,0.0,10427.0,Heilongjiang,Haerbin,Nangang,Heilongjiang-Haerbin
264304,芦家街52-54号小区,哈尔滨,南岗,果戈里,1991,小高层,"芦家街52号,54号",126.663184,45.75371409,1.0,20.0,,42,公寓住宅,民用,7.3,12,0.0,9086.0,Heilongjiang,Haerbin,Nangang,Heilongjiang-Haerbin
264305,深业大厦,哈尔滨,南岗,果戈里,1984,超高层,东大直街261号,126.6419891,45.76073951,1.0,20.0,,504,商住楼,商用,8.3,12,0.0,11748.0,Heilongjiang,Haerbin,Nangang,Heilongjiang-Haerbin
264306,"文化街小区(86号,96号)",哈尔滨,南岗,果戈里,2012,小高层,"文化街86号,96号",126.6455312,45.74216212,1.0,30.0,,219,公寓住宅,民用,7.6,12,0.0,8647.0,Heilongjiang,Haerbin,Nangang,Heilongjiang-Haerbin
264313,"巴陵街小区(巴陵街150号,156号)",哈尔滨,南岗,果戈里,1991,小高层,"巴陵街150号,156号",126.651496,45.75012092,1.0,20.0,,42,公寓住宅,民用,7.4,12,0.0,7531.0,Heilongjiang,Haerbin,Nangang,Heilongjiang-Haerbin
264307,比乐街133号小区,哈尔滨,南岗,果戈里,2012,小高层,比乐街133号,126.6511861,45.75232539,1.0,30.0,,48,公寓住宅,民用,7.8,12,0.0,9085.0,Heilongjiang,Haerbin,Nangang,Heilongjiang-Haerbin
264309,人和街75号小区,哈尔滨,南岗,果戈里,2013,小高层,人和街75号,126.6506325,45.75446849,1.0,30.0,,105,公寓住宅,民用,7.9,12,0.0,10175.0,Heilongjiang,Haerbin,Nangang,Heilongjiang-Haerbin
264447,比乐街82号小区,哈尔滨,南岗,洁净街,2012,多层,比乐街82号,126.6569631,45.75673282,1.0,30.0,,254,公寓住宅,民用,7.8,12,0.0,8461.0,Heilongjiang,Haerbin,Nangang,Heilongjiang-Haerbin
264446,"洁净街小区(洁净街5号,13号)",哈尔滨,南岗,洁净街,2001,多层,"洁净街5号,13号",126.6563634,45.75587536,,30.0,,56,公寓住宅,民用,7.9,12,0.0,10276.0,Heilongjiang,Haerbin,Nangang,Heilongjiang-Haerbin
264445,洁净街3号院,哈尔滨,南岗,洁净街,2012,多层,洁净街3号,126.6570952,45.75653002,1.0,30.0,,77,公寓住宅,民用,7.8,12,0.0,8100.0,Heilongjiang,Haerbin,Nangang,Heilongjiang-Haerbin
264310,营部街小区(27-29号(单号)),哈尔滨,南岗,果戈里,1991,小高层,营部街27-29号(单号),126.6455999,45.74780174,1.0,20.0,,210,公寓住宅,民用,7.7,12,0.0,8378.0,Heilongjiang,Haerbin,Nangang,Heilongjiang-Haerbin
264311,文明街24号小区,哈尔滨,南岗,果戈里,1993,小高层,文明街24号,126.647206,45.74238999,1.0,20.0,,63,公寓住宅,民用,7.4,12,0.0,8163.0,Heilongjiang,Haerbin,Nangang,Heilongjiang-Haerbin
264308,文景街107号小区,哈尔滨,南岗,果戈里,1991,小高层,文景街107号,126.6442338,45.7420478,1.0,20.0,,96,公寓住宅,民用,7.4,12,0.0,8352.0,Heilongjiang,Haerbin,Nangang,Heilongjiang-Haerbin
262645,学府三道街16-4号小区,哈尔滨,南岗,大众新城,2000,小高层,学府三道街16-4号,126.6223834,45.71118999,1.0,30.0,,36,公寓住宅,民用,7.3,12,0.0,6875.0,Heilongjiang,Haerbin,Nangang,Heilongjiang-Haerbin
262749,海城小区,哈尔滨,南岗,宽城街,1999,小高层,公司街1号,126.6392094,45.74694539,1.0,20.0,,559,公寓住宅,民用,8.1,12,0.0,8510.0,Heilongjiang,Haerbin,Nangang,Heilongjiang-Haerbin
262747,龙威大厦,哈尔滨,南岗,宽城街,2004,高层,一曼街16号,126.6592131,45.77137844,1.0,30.0,,0,商住楼,商用,8.2,12,0.0,8857.0,Heilongjiang,Haerbin,Nangang,Heilongjiang-Haerbin
262672,革新街167号小区,哈尔滨,南岗,工人文化宫,2006,多层,革新街167号,126.6441146,45.74449107,1.0,30.0,,0,公寓住宅,民用,8.1,12,0.0,7361.0,Heilongjiang,Haerbin,Nangang,Heilongjiang-Haerbin
262670,联部街小区(联部街1号-47号(单号)),哈尔滨,南岗,工人文化宫,2000,小高层,联部街1号-47号(单号),126.6471513,45.74487116,1.0,37.0,,1064,公寓住宅,民用,8.2,12,0.0,9384.0,Heilongjiang,Haerbin,Nangang,Heilongjiang-Haerbin
262669,"比乐街小区(比乐街143号-177号(单号),230-248号(双号))",哈尔滨,南岗,工人文化宫,1993,多层,"比乐街143号-177号(单号),230-248号(双号)",126.6501691,45.75132457,1.0,20.0,,985,公寓住宅,民用,8.0,12,0.0,8217.0,Heilongjiang,Haerbin,Nangang,Heilongjiang-Haerbin
262668,"人和街小区(人和街125-151号(单号),170-186号(双号))",哈尔滨,南岗,工人文化宫,1997,多层,"人和街125-151号(单号),170-186号(双号)",126.6479123,45.75137046,1.0,20.0,,1687,公寓住宅,民用,8.1,12,0.0,9540.0,Heilongjiang,Haerbin,Nangang,Heilongjiang-Haerbin
262667,宇翔家园,哈尔滨,南岗,工人文化宫,2002,多层|小高层,文明街48号,126.6426423,45.74345602,1.0,30.0,,174,公寓住宅,民用,8.2,12,0.0,9749.0,Heilongjiang,Haerbin,Nangang,Heilongjiang-Haerbin
262666,文景街111号小区,哈尔滨,南岗,工人文化宫,1996,多层,文景街111号,126.6444763,45.74232454,1.0,20.0,,104,公寓住宅,民用,8.3,12,0.0,7500.0,Heilongjiang,Haerbin,Nangang,Heilongjiang-Haerbin
262665,文景街123号小区,哈尔滨,南岗,工人文化宫,1992,多层,文景街123号,126.6442632,45.74311501,1.0,20.0,,96,公寓住宅,民用,8.2,12,0.0,9218.0,Heilongjiang,Haerbin,Nangang,Heilongjiang-Haerbin
264413,文明街13号小区,哈尔滨,南岗,革新,1985,多层,文明街13号,126.6467411,45.74319967,1.0,20.0,,119,公寓住宅,民用,7.6,12,0.0,6801.0,Heilongjiang,Haerbin,Nangang,Heilongjiang-Haerbin
264412,"第二巴陵街小区(第二巴陵街18号,副18号,20号)",哈尔滨,南岗,革新,1993,多层|高层,"第二巴陵街18号,副18号,20号",126.6431684,45.74494613,1.0,20.0,,309,公寓住宅,民用,8.0,12,0.0,7744.0,Heilongjiang,Haerbin,Nangang,Heilongjiang-Haerbin
264411,分部街小区(分部街98号-102号(双号)),哈尔滨,南岗,革新,1993,小高层,分部街98号-102号(双号),126.6523581,45.75401536,1.0,20.0,,136,公寓住宅,民用,8.1,12,0.0,7878.0,Heilongjiang,Haerbin,Nangang,Heilongjiang-Haerbin
264395,革新街248号小区,哈尔滨,南岗,革新,1990,多层,革新街248号,126.6448609,45.74494591,1.0,20.0,,216,公寓住宅,民用,8.0,12,0.0,5853.0,Heilongjiang,Haerbin,Nangang,Heilongjiang-Haerbin
264397,金丰优豪斯,哈尔滨,南岗,革新,2011,高层,理治街25号,126.660129,45.75224665,1.0,30.0,,264,公寓住宅,民用,8.0,12,0.0,12115.0,Heilongjiang,Haerbin,Nangang,Heilongjiang-Haerbin
264398,东方中山花园,哈尔滨,南岗,革新,2000,多层|小高层,联部街47号,126.6438662,45.7477808,1.0,37.46,,1110,公寓住宅,民用,8.4,12,0.0,10673.0,Heilongjiang,Haerbin,Nangang,Heilongjiang-Haerbin
264399,"分部街小区(分部街36号-54号(双号),革新街50号,黑山街39号)",哈尔滨,南岗,革新,1985,多层,"分部街36号-54号(双号),革新街50号,黑山街39号",126.6557318,45.7505311,1.0,20.0,,658,公寓住宅,民用,7.9,12,0.0,9396.0,Heilongjiang,Haerbin,Nangang,Heilongjiang-Haerbin
264400,文平街小区(文平街4号-10号(双号)),哈尔滨,南岗,革新,2012,高层,文平街4号-10号(双号),126.6484091,45.74476374,1.0,30.0,,152,公寓住宅,民用,7.9,12,0.0,12866.0,Heilongjiang,Haerbin,Nangang,Heilongjiang-Haerbin
264401,营部街2号小区,哈尔滨,南岗,革新,1991,小高层,营部街2号,126.6482616,45.74526227,1.0,20.0,,63,公寓住宅,民用,7.9,12,0.0,8572.0,Heilongjiang,Haerbin,Nangang,Heilongjiang-Haerbin
262679,第二巴陵街6号小区,哈尔滨,南岗,工人文化宫,1999,多层,第二巴陵街6号,126.6448517,45.74588304,1.0,20.0,,131,公寓住宅,民用,7.9,12,0.0,9000.0,Heilongjiang,Haerbin,Nangang,Heilongjiang-Haerbin
264402,革新街192号小区,哈尔滨,南岗,革新,2006,小高层,革新街192号,126.6479747,45.74625931,1.0,30.0,,64,公寓住宅,民用,8.7,12,0.0,8478.0,Heilongjiang,Haerbin,Nangang,Heilongjiang-Haerbin
264404,雨阳街15号小区,哈尔滨,南岗,革新,2001,小高层,雨阳街15号,126.6513389,45.74780116,1.0,30.0,,132,公寓住宅,民用,7.9,12,0.0,9971.0,Heilongjiang,Haerbin,Nangang,Heilongjiang-Haerbin
264405,巴陵小区,哈尔滨,南岗,革新,1988,多层,巴陵街33号,126.6563767,45.75431169,1.0,10.0,,658,公寓住宅,民用,7.6,12,0.0,9419.0,Heilongjiang,Haerbin,Nangang,Heilongjiang-Haerbin
264406,国庆街18号院,哈尔滨,南岗,革新,1986,多层,国庆街18号,126.6590529,45.74929115,1.0,31.0,,142,公寓住宅,民用,7.9,12,0.0,8424.0,Heilongjiang,Haerbin,Nangang,Heilongjiang-Haerbin
264407,国庆街58号院,哈尔滨,南岗,革新,1982,多层,国庆街58号,126.6551885,45.74720113,1.0,20.0,,249,公寓住宅,民用,7.9,12,0.0,9600.0,Heilongjiang,Haerbin,Nangang,Heilongjiang-Haerbin
264403,"巴陵街小区(巴陵街174号-186号(双号),光芒街58号,60号)",哈尔滨,南岗,革新,1989,小高层,"巴陵街174号-186号(双号),光芒街58号,60号",126.6504073,45.74947545,1.0,20.0,,210,公寓住宅,民用,8.1,12,0.0,8615.0,Heilongjiang,Haerbin,Nangang,Heilongjiang-Haerbin
264394,文平街11号小区,哈尔滨,南岗,革新,2012,小高层,文平街11号,126.6478168,45.74516738,1.0,30.0,,143,公寓住宅,民用,8.0,12,0.0,8860.0,Heilongjiang,Haerbin,Nangang,Heilongjiang-Haerbin
262680,馥瑞大厦,哈尔滨,南岗,工人文化宫,1990,高层,光芒街97号,126.646225,45.75333072,1.0,20.0,,108,商住楼,商用,7.9,12,0.0,11000.0,Heilongjiang,Haerbin,Nangang,Heilongjiang-Haerbin
262838,永和街5号小区,哈尔滨,南岗,儿童公园,2000,小高层,永和街5号,126.650813,45.75606138,1.0,30.0,,251,公寓住宅,民用,8.1,12,0.0,8810.0,Heilongjiang,Haerbin,Nangang,Heilongjiang-Haerbin
264088,"汉祥街小区(汉祥街100号,106号)",哈尔滨,南岗,西大桥,2009,小高层,"汉祥街100号,106号",126.6123422,45.73911277,1.0,30.0,,54,公寓住宅,民用,8.0,12,-0.81,8442.0,Heilongjiang,Haerbin,Nangang,Heilongjiang-Haerbin
264087,汉阳街50号小区,哈尔滨,南岗,西大桥,2000,小高层,汉阳街50号,126.6162446,45.73850704,1.0,30.0,,0,公寓住宅,民用,8.6,12,0.0,7272.0,Heilongjiang,Haerbin,Nangang,Heilongjiang-Haerbin
262826,华彩艺邻,哈尔滨,南岗,红旗大街南岗段,2004,多层,赣水路195号,126.6868056,45.73795992,1.0,30.0,,455,公寓住宅,民用,8.7,12,0.0,10511.0,Heilongjiang,Haerbin,Nangang,Heilongjiang-Haerbin
264086,元和街7号小区,哈尔滨,南岗,西大桥,1991,多层,元和街7号,126.6184594,45.73672423,1.0,20.0,,0,公寓住宅,民用,8.1,12,0.0,8894.0,Heilongjiang,Haerbin,Nangang,Heilongjiang-Haerbin
262689,文景街107号小区,哈尔滨,南岗,工人文化宫,1991,小高层,文景街107号,126.6442338,45.7420478,1.0,20.0,,96,公寓住宅,民用,7.4,12,0.0,8352.0,Heilongjiang,Haerbin,Nangang,Heilongjiang-Haerbin
262827,农垦交警队家属楼,哈尔滨,南岗,红旗大街南岗段,1995,多层,嵩山路28号,126.6819777,45.74174176,1.0,30.0,,294,公寓住宅,民用,8.5,12,0.0,8923.0,Heilongjiang,Haerbin,Nangang,Heilongjiang-Haerbin
262828,军华小区,哈尔滨,南岗,红旗大街南岗段,2002,多层,红旗大街副204号,126.6881104,45.74480416,1.0,35.0,,207,公寓住宅,民用,8.6,12,0.0,10298.0,Heilongjiang,Haerbin,Nangang,Heilongjiang-Haerbin
264085,铁路街230号小区,哈尔滨,南岗,西大桥,2006,多层,铁路街230号,126.6172742,45.74210762,1.0,30.0,,189,公寓住宅,民用,8.1,12,0.0,9000.0,Heilongjiang,Haerbin,Nangang,Heilongjiang-Haerbin
262829,亚泰商住,哈尔滨,南岗,红旗大街南岗段,1996,多层|小高层,汉水路182号,126.6809122,45.74397702,1.0,20.0,,62,公寓住宅,民用,7.8,12,0.0,8120.0,Heilongjiang,Haerbin,Nangang,Heilongjiang-Haerbin
264084,清明小区一街区,哈尔滨,南岗,西大桥,1993,小高层,清明头道街1号,126.61013,45.73973111,1.0,30.0,,544,公寓住宅,民用,8.0,12,0.0,8514.0,Heilongjiang,Haerbin,Nangang,Heilongjiang-Haerbin
262688,"文化街小区(86号,96号)",哈尔滨,南岗,工人文化宫,2012,小高层,"文化街86号,96号",126.6455312,45.74216212,1.0,30.0,,219,公寓住宅,民用,7.6,12,0.0,8647.0,Heilongjiang,Haerbin,Nangang,Heilongjiang-Haerbin
262687,文营街4-6号小区,哈尔滨,南岗,工人文化宫,2017,多层,"文营街4号,6号",126.652147,45.74213028,1.0,30.0,,180,公寓住宅,民用,7.7,12,0.0,8177.0,Heilongjiang,Haerbin,Nangang,Heilongjiang-Haerbin
264082,宏业小区,哈尔滨,南岗,西大桥,1998,多层,通达街清明四道街22号,126.6106069,45.73661299,1.0,35.0,,940,公寓住宅,民用,8.3,12,3.53,10988.0,Heilongjiang,Haerbin,Nangang,Heilongjiang-Haerbin
262830,同发小区,哈尔滨,南岗,红旗大街南岗段,1995,小高层,千山路13-7号,126.6863992,45.74375373,1.0,22.0,,87,公寓住宅,民用,8.1,12,0.0,8095.0,Heilongjiang,Haerbin,Nangang,Heilongjiang-Haerbin
264081,"西大直街小区(257号,267号)",哈尔滨,南岗,西大桥,1980,小高层,"西大直街267号,267号",126.6149211,45.73709327,1.0,20.0,,129,公寓住宅,民用,7.6,12,0.0,8305.0,Heilongjiang,Haerbin,Nangang,Heilongjiang-Haerbin
264080,清明二道街一街区,哈尔滨,南岗,西大桥,2002,小高层,清明二道街19-2号,126.6102625,45.73913691,1.0,30.0,,400,公寓住宅,民用,8.1,12,0.0,8992.0,Heilongjiang,Haerbin,Nangang,Heilongjiang-Haerbin
262837,河渠街小区,哈尔滨,南岗,儿童公园,2000,多层|小高层,"河渠街23号,29号,鞍山街1号,13号,花园街258号,262号,270-276号(双号),272-2号,铁岭街2号,4号,8号,14-18号(双号),28号,马家街1号,5号,6号,13号,12-40号(双号)",126.6491585,45.76068385,1.0,20.0,,1295,公寓住宅,民用,8.6,12,0.74,17076.0,Heilongjiang,Haerbin,Nangang,Heilongjiang-Haerbin
262836,铁岭街小区,哈尔滨,南岗,儿童公园,1998,多层|小高层,"铁岭街21号,35号,41号,42-1号,42-2号,42-3号,43号,43-1号,44-48号(双号),49号,49-1号,53号,辽阳街18号,20号,30-34号(双号),38号,40号,46号,58号,花园街221号,237号,鞍山街17号,21号,25号,东大直街250号,250-1号",126.6464892,45.76271479,1.0,35.2,,2593,公寓住宅,民用,8.8,12,-0.05,16822.0,Heilongjiang,Haerbin,Nangang,Heilongjiang-Haerbin
262835,文教小区,哈尔滨,南岗,儿童公园,1993,多层,文教街108号,126.6565992,45.75331128,1.0,10.0,,539,公寓住宅,民用,7.3,12,0.0,9492.0,Heilongjiang,Haerbin,Nangang,Heilongjiang-Haerbin
262682,文昌街117号小区,哈尔滨,南岗,工人文化宫,2016,低层,文昌街117号,126.6506321,45.74321738,2.0,30.0,,138,公寓住宅,民用,7.8,12,0.0,7402.0,Heilongjiang,Haerbin,Nangang,Heilongjiang-Haerbin
262683,营部街12号小区,哈尔滨,南岗,工人文化宫,1991,小高层,营部街12号,126.6480636,45.74533148,1.0,20.0,,120,公寓住宅,民用,7.8,12,0.0,7256.0,Heilongjiang,Haerbin,Nangang,Heilongjiang-Haerbin
262834,北鸿河畔公寓,哈尔滨,南岗,儿童公园,2006,高层,祟德街17号,126.6528081,45.75960348,,20.0,,268,公寓住宅,民用,8.6,12,0.0,15413.0,Heilongjiang,Haerbin,Nangang,Heilongjiang-Haerbin
262681,文林街46号小区,哈尔滨,南岗,工人文化宫,2002,小高层,文林街46号,126.6393596,45.74086608,1.0,30.0,,0,公寓住宅,民用,7.7,12,0.0,8106.0,Heilongjiang,Haerbin,Nangang,Heilongjiang-Haerbin
262684,文明街46号小区,哈尔滨,南岗,工人文化宫,1993,多层,文明街46号,126.6449143,45.74324598,1.0,20.0,,36,公寓住宅,民用,7.7,12,0.0,8547.0,Heilongjiang,Haerbin,Nangang,Heilongjiang-Haerbin
264078,文轩小区,哈尔滨,南岗,西大桥,2014,多层|高层,文道街27号,126.634643,45.73652308,1.0,30.0,,864,公寓住宅,民用,8.1,12,0.0,13157.0,Heilongjiang,Haerbin,Nangang,Heilongjiang-Haerbin
262833,龙电花园,哈尔滨,南岗,儿童公园,2015,高层,大成街140号,126.6542433,45.7607288,1.0,43.0,,1260,公寓住宅,民用,8.8,12,-0.13,10433.0,Heilongjiang,Haerbin,Nangang,Heilongjiang-Haerbin
262685,文成街3号小区,哈尔滨,南岗,工人文化宫,2000,小高层,文成街3号,126.6410145,45.73930995,1.0,30.0,,126,公寓住宅,民用,7.6,12,0.0,7179.0,Heilongjiang,Haerbin,Nangang,Heilongjiang-Haerbin
262832,人和名苑,哈尔滨,南岗,儿童公园,2007,多层|高层,人和街43号,126.6535789,45.75720447,1.0,30.0,,1126,公寓住宅,民用,8.3,12,-0.01,10282.0,Heilongjiang,Haerbin,Nangang,Heilongjiang-Haerbin
262831,北辰国际,哈尔滨,南岗,红旗大街南岗段,2006,小高层,红旗大街160号,126.6870397,45.73844556,1.0,30.0,,109,公寓住宅,民用,8.5,12,0.0,10208.0,Heilongjiang,Haerbin,Nangang,Heilongjiang-Haerbin
264079,曲线街66号小区,哈尔滨,南岗,西大桥,1991,小高层,曲线街66号,126.6182426,45.74325216,1.0,20.0,,54,公寓住宅,民用,8.2,12,0.0,10904.0,Heilongjiang,Haerbin,Nangang,Heilongjiang-Haerbin
264077,清明小区(西区),哈尔滨,南岗,西大桥,1996,小高层,清明二道街74号,126.609297,45.73705334,1.0,30.0,,912,公寓住宅,民用,8.3,12,0.0,8385.0,Heilongjiang,Haerbin,Nangang,Heilongjiang-Haerbin
264393,花园商住,哈尔滨,南岗,秋林,2003,高层,阿什河街10号,126.6439153,45.75705239,,25.0,,466,公寓住宅,民用,8.6,12,0.0,30000.0,Heilongjiang,Haerbin,Nangang,Heilongjiang-Haerbin
264392,吉林小区,哈尔滨,南岗,秋林,1998,多层|高层,吉林街17号,126.6437146,45.76005407,,40.0,,70,公寓住宅,民用,8.8,12,0.0,15636.0,Heilongjiang,Haerbin,Nangang,Heilongjiang-Haerbin
264391,宏达花园,哈尔滨,南岗,秋林,2005,高层,"建设街,近花园街",126.6419695,45.75522488,1.0,25.0,,168,公寓住宅,民用,8.7,12,0.0,16909.0,Heilongjiang,Haerbin,Nangang,Heilongjiang-Haerbin
262842,新发小区(南区),哈尔滨,南岗,儿童公园,1996,多层|高层,三姓街28号,126.6528889,45.76411569,1.0,15.0,,1497,公寓住宅,民用,8.6,12,0.0,9682.0,Heilongjiang,Haerbin,Nangang,Heilongjiang-Haerbin
262664,森工小区,哈尔滨,南岗,工人文化宫,1998,多层,革新街131号,126.6473886,45.74655271,1.0,20.0,,285,公寓住宅,民用,8.0,12,0.0,10103.0,Heilongjiang,Haerbin,Nangang,Heilongjiang-Haerbin
264068,"文成街小区(文成街34号,36号,文库街19号)",哈尔滨,南岗,大成,2000,小高层,"文成街34号,36号,文库街19号",126.6381866,45.73902603,1.0,30.0,,225,公寓住宅,民用,7.7,12,0.0,7428.0,Heilongjiang,Haerbin,Nangang,Heilongjiang-Haerbin
262843,"花园街小区(花园街193号,207号,辽阳街15号-45号(单号),东大直街190号,大成街104号,182号,190号,192号,236-2号)",哈尔滨,南岗,儿童公园,1988,小高层,"花园街193号,207号,辽阳街15号-45号(单号),东大直街190号,大成街104号,182号,190号,192号,236-2号",126.6505194,45.76401873,,20.0,,1469,公寓住宅,民用,8.2,12,-3.22,11990.0,Heilongjiang,Haerbin,Nangang,Heilongjiang-Haerbin
264067,省监察厅家属楼,哈尔滨,南岗,大成,1991,小高层,长江路45号,126.6607595,45.74598141,1.0,20.0,,42,公寓住宅,民用,7.7,12,0.0,7972.0,Heilongjiang,Haerbin,Nangang,Heilongjiang-Haerbin
264066,南通大街128号小区,哈尔滨,南岗,大成,1991,高层,南通大街128号,126.6635594,45.77977724,1.0,20.0,,588,商住楼,商用,8.1,12,0.0,12592.0,Heilongjiang,Haerbin,Nangang,Heilongjiang-Haerbin
262663,文明街5号小区,哈尔滨,南岗,工人文化宫,1990,多层,文明街5号,126.6471162,45.74293362,1.0,20.0,,105,公寓住宅,民用,7.6,12,0.0,8461.0,Heilongjiang,Haerbin,Nangang,Heilongjiang-Haerbin
262662,营部街2号小区,哈尔滨,南岗,工人文化宫,1991,小高层,营部街2号,126.6482616,45.74526227,1.0,20.0,,63,公寓住宅,民用,7.9,12,0.0,8572.0,Heilongjiang,Haerbin,Nangang,Heilongjiang-Haerbin
262661,文敏街小区(文敏街14号-18号(双号)),哈尔滨,南岗,工人文化宫,2002,小高层,文敏街14号-18号(双号),126.6529341,45.7407907,1.0,30.0,,101,公寓住宅,民用,8.0,12,0.0,9555.0,Heilongjiang,Haerbin,Nangang,Heilongjiang-Haerbin
262844,"宣德街小区(比乐街4号-68号(双号),宣德街50号-112号(双号),宣德街47号,宣德街78号)",哈尔滨,南岗,儿童公园,1993,多层,"比乐街4号-68号(双号),宣德街50号-112号(双号),宣德街47号,宣德街78号",126.6589997,45.7574475,1.0,20.0,,1144,公寓住宅,民用,7.9,12,-2.98,9599.0,Heilongjiang,Haerbin,Nangang,Heilongjiang-Haerbin
262845,马端街236号小区,哈尔滨,南岗,儿童公园,2006,小高层,马端街236号,126.6597056,45.76152706,1.0,30.0,,234,公寓住宅,民用,8.3,12,0.0,7633.0,Heilongjiang,Haerbin,Nangang,Heilongjiang-Haerbin
262846,果戈里大街316号小区,哈尔滨,南岗,儿童公园,1991,小高层,果戈里大街316号,126.6425598,45.7563831,1.0,20.0,,84,公寓住宅,民用,8.2,12,0.0,9578.0,Heilongjiang,Haerbin,Nangang,Heilongjiang-Haerbin
264064,士课街6号小区,哈尔滨,南岗,大成,2002,小高层,士课街6号,126.65549,45.74648091,1.0,30.0,,252,公寓住宅,民用,7.6,12,0.0,7755.0,Heilongjiang,Haerbin,Nangang,Heilongjiang-Haerbin
262658,耀景街8-10号小区,哈尔滨,南岗,工人文化宫,1991,小高层,"耀景街8号,10号",126.6344022,45.74613676,1.0,20.0,,129,公寓住宅,民用,7.9,12,0.0,11428.0,Heilongjiang,Haerbin,Nangang,Heilongjiang-Haerbin
264063,"文平街小区(文平街24号-32号(双号),联部街20号-24号(双号))",哈尔滨,南岗,大成,1996,小高层,"文平街24号-32号(双号),联部街20号-24号(双号)",126.647076,45.74403461,1.0,45.0,,217,公寓住宅,民用,7.8,12,0.0,9574.0,Heilongjiang,Haerbin,Nangang,Heilongjiang-Haerbin
262656,恒运花园,哈尔滨,南岗,工人文化宫,2005,多层,中山路266号,126.6429281,45.74830076,1.0,20.0,,494,公寓住宅,民用,8.3,12,0.0,10714.0,Heilongjiang,Haerbin,Nangang,Heilongjiang-Haerbin
262847,铁岭街小区(铁岭街31号-41号(单号)),哈尔滨,南岗,儿童公园,1998,小高层,铁岭街31号-41号(单号),126.6481311,45.76245606,1.0,60.0,,315,公寓住宅,民用,8.7,12,0.0,19800.0,Heilongjiang,Haerbin,Nangang,Heilongjiang-Haerbin
264057,比乐街37号小区,哈尔滨,南岗,大成,2012,小高层,比乐街37号,126.6566956,45.75702629,1.0,30.0,,63,公寓住宅,民用,8.0,12,0.0,8000.0,Heilongjiang,Haerbin,Nangang,Heilongjiang-Haerbin
264058,文艺街12号小区,哈尔滨,南岗,大成,2000,小高层,文艺街12号,126.6400451,45.73827795,1.0,30.0,,0,公寓住宅,民用,7.7,12,0.0,6666.0,Heilongjiang,Haerbin,Nangang,Heilongjiang-Haerbin
264059,营部街21号小区,哈尔滨,南岗,大成,1991,多层,营部街21号,126.6462892,45.74695186,1.0,20.0,,110,公寓住宅,民用,7.8,12,0.0,8542.0,Heilongjiang,Haerbin,Nangang,Heilongjiang-Haerbin
264060,公安厅家属楼,哈尔滨,南岗,大成,2000,小高层,中宣街15-23号,126.6583052,45.74143268,1.0,30.0,,115,公寓住宅,民用,7.7,12,0.0,9346.0,Heilongjiang,Haerbin,Nangang,Heilongjiang-Haerbin
264062,龙创新世纪,哈尔滨,南岗,大成,2021,高层,"华山路,近赣水路",126.6768604,45.74023446,,10.0,,2115,公寓住宅,民用,8.2,12,0.0,9098.0,Heilongjiang,Haerbin,Nangang,Heilongjiang-Haerbin
262647,学府三道街42号小区,哈尔滨,南岗,大众新城,2005,小高层,学府三道街42号,126.6150927,45.70997731,1.0,30.0,,222,公寓住宅,民用,7.8,12,0.0,9140.0,Heilongjiang,Haerbin,Nangang,Heilongjiang-Haerbin
264069,小文明街小区(小文明街3号-7号(单号)),哈尔滨,南岗,大成,2004,多层,小文明街3号-7号(单号),126.648152,45.7429664,1.0,30.0,,63,公寓住宅,民用,7.5,12,0.0,8300.0,Heilongjiang,Haerbin,Nangang,Heilongjiang-Haerbin
262648,哈药宿舍,哈尔滨,南岗,大众新城,2002,小高层,学府路109号,126.6097685,45.69325188,1.0,30.0,,202,公寓住宅,民用,8.0,12,0.0,11000.0,Heilongjiang,Haerbin,Nangang,Heilongjiang-Haerbin
262650,哈电工仪表所家属小区,哈尔滨,南岗,大众新城,2005,小高层,保健副路4号,126.6339143,45.70229613,1.0,30.0,,433,公寓住宅,民用,7.8,12,0.0,7741.0,Heilongjiang,Haerbin,Nangang,Heilongjiang-Haerbin
262651,新华家属楼,哈尔滨,南岗,大众新城,2000,小高层,保健路243号,126.6012934,45.69694534,1.0,30.0,,336,公寓住宅,民用,7.8,12,0.0,8750.0,Heilongjiang,Haerbin,Nangang,Heilongjiang-Haerbin
262652,学府二道街13号小区,哈尔滨,南岗,大众新城,2010,小高层,学府二道街13号,126.6085527,45.70962376,1.0,30.0,,670,公寓住宅,民用,7.7,12,0.0,7803.0,Heilongjiang,Haerbin,Nangang,Heilongjiang-Haerbin
262653,华风海城湾,哈尔滨,南岗,工人文化宫,2010,小高层|高层,文林街88号,126.6407118,45.74277311,1.0,30.0,,1044,公寓住宅,民用,8.3,12,-0.15,10807.0,Heilongjiang,Haerbin,Nangang,Heilongjiang-Haerbin
262654,宏泽中央公园,哈尔滨,南岗,工人文化宫,2014,高层,文昌街223号,126.6373585,45.73321659,1.0,35.0,210000.0,692,公寓住宅,民用,7.9,12,0.0,11064.0,Heilongjiang,Haerbin,Nangang,Heilongjiang-Haerbin
262655,文汇家园,哈尔滨,南岗,工人文化宫,2016,多层|小高层|高层,文道街25-7号,126.6350139,45.73798389,1.0,32.37,,330,公寓住宅,民用,8.4,12,0.0,13863.0,Heilongjiang,Haerbin,Nangang,Heilongjiang-Haerbin
262649,同济街130号小区,哈尔滨,南岗,大众新城,2002,小高层,同济街130号,126.6045067,45.68665822,1.0,30.0,,644,公寓住宅,民用,7.7,12,0.0,7145.0,Heilongjiang,Haerbin,Nangang,Heilongjiang-Haerbin
262841,新发小区(A区),哈尔滨,南岗,儿童公园,1996,多层,公安街35号,126.6558072,45.7672314,1.0,15.0,,2377,公寓住宅,民用,8.2,12,-0.54,8432.0,Heilongjiang,Haerbin,Nangang,Heilongjiang-Haerbin
265724,西雅图水岸,哈尔滨,道里,丽江路,2018,高层|超高层,顾新路816号,126.5724687,45.71578058,1.0,30.0,280000.0,2338,公寓住宅,民用,7.9,12,-0.49,13646.0,Heilongjiang,Haerbin,Nangang,Heilongjiang-Haerbin
264070,文德街2号小区,哈尔滨,南岗,大成,1991,小高层,文德街2号,126.6470306,45.74103789,1.0,20.0,,132,公寓住宅,民用,7.7,12,0.0,9467.0,Heilongjiang,Haerbin,Nangang,Heilongjiang-Haerbin
264377,和兴路217号小区,哈尔滨,南岗,公司街,2010,小高层,和兴路217号,126.6059881,45.73272353,1.0,30.0,,72,公寓住宅,民用,7.8,12,0.0,12250.0,Heilongjiang,Haerbin,Nangang,Heilongjiang-Haerbin
264378,"公司街小区(公司街128号,公司街130号)",哈尔滨,南岗,公司街,1998,多层,"公司街128号,公司街130号",126.6249851,45.75335635,1.0,20.0,,69,公寓住宅,民用,8.4,12,0.0,14000.0,Heilongjiang,Haerbin,Nangang,Heilongjiang-Haerbin
264379,龙邦大厦,哈尔滨,南岗,秋林,1995,高层,"一曼街188号,吉林街101号",126.6371195,45.76338946,1.0,30.0,,686,公寓住宅,民用,8.7,12,0.43,16534.0,Heilongjiang,Haerbin,Nangang,Heilongjiang-Haerbin
264380,建设街12号小区,哈尔滨,南岗,秋林,2000,小高层,建设街12号,126.6441701,45.75403125,1.0,30.0,,200,公寓住宅,民用,8.6,12,0.0,13877.0,Heilongjiang,Haerbin,Nangang,Heilongjiang-Haerbin
264381,东泰金谷,哈尔滨,南岗,秋林,2013,高层,邮政街59-5号,126.6386642,45.7610308,1.0,10.0,,549,公寓住宅,民用,8.7,12,-0.95,20633.0,Heilongjiang,Haerbin,Nangang,Heilongjiang-Haerbin
264382,一曼街168号小区,哈尔滨,南岗,秋林,2002,小高层,一曼街168号,126.638207,45.76361822,1.0,30.0,,208,公寓住宅,民用,8.6,12,-0.13,15491.0,Heilongjiang,Haerbin,Nangang,Heilongjiang-Haerbin
264376,省文化厅宿舍,哈尔滨,南岗,公司街,2004,小高层,和兴路90-4号,126.6123412,45.72816938,1.0,30.0,,472,公寓住宅,民用,7.8,12,0.0,17487.0,Heilongjiang,Haerbin,Nangang,Heilongjiang-Haerbin
264383,"马家街小区(阿什河街3号,龙江街4号,河渠街41号-83号(单号),马家街66号,84号-136号(双号))",哈尔滨,南岗,秋林,1999,小高层,"阿什河街3号,龙江街4号,河渠街41号-83号(单号),马家街66号,84号-136号(双号)",126.64642,45.75806547,,20.0,,1172,公寓住宅,民用,8.3,12,0.0,23319.0,Heilongjiang,Haerbin,Nangang,Heilongjiang-Haerbin
264385,铁岭街73号小区,哈尔滨,南岗,秋林,1994,多层,铁岭街73号,126.6450903,45.76431793,1.0,20.0,,98,公寓住宅,民用,8.9,12,0.0,18400.0,Heilongjiang,Haerbin,Nangang,Heilongjiang-Haerbin
264386,永和商务公寓,哈尔滨,南岗,秋林,2000,多层|小高层,永和街7号,126.6500181,45.75520466,1.0,30.0,,96,公寓住宅,民用,8.6,12,0.0,10616.0,Heilongjiang,Haerbin,Nangang,Heilongjiang-Haerbin
264387,"吉林街小区(邮政街41号,33-5号,吉林街75号-89号(单号),民益街26号-32号(双号))",哈尔滨,南岗,秋林,1998,小高层,"邮政街41号,33-5号,吉林街75号-89号(单号),民益街26号-32号(双号)",126.6389451,45.76311439,,20.0,,835,公寓住宅,民用,8.1,12,0.0,19666.0,Heilongjiang,Haerbin,Nangang,Heilongjiang-Haerbin
264388,"鞍山街小区(鞍山街24号,38号)",哈尔滨,南岗,秋林,1994,多层,"鞍山街24号,38号",126.64435,45.76297969,1.0,20.0,,84,公寓住宅,民用,8.6,12,0.0,18666.0,Heilongjiang,Haerbin,Nangang,Heilongjiang-Haerbin
264389,铁岭社区,哈尔滨,南岗,秋林,2000,多层|高层,铁岭街42号,126.6466029,45.76253266,1.0,30.0,,449,公寓住宅,民用,8.7,12,0.0,20666.0,Heilongjiang,Haerbin,Nangang,Heilongjiang-Haerbin
264390,侨福阳明花园,哈尔滨,南岗,秋林,2004,小高层,"新永和街,近果戈里大街",126.647603,45.75445416,1.0,26.0,,184,公寓住宅,民用,8.0,12,0.0,7875.0,Heilongjiang,Haerbin,Nangang,Heilongjiang-Haerbin
264384,友联小区,哈尔滨,南岗,秋林,2001,多层,铁岭街63号,126.6455965,45.76449651,,30.0,,411,公寓住宅,民用,8.9,12,0.0,14726.0,Heilongjiang,Haerbin,Nangang,Heilongjiang-Haerbin
264089,清明二道街小区(清明二道街6号-14号(双号)),哈尔滨,南岗,西大桥,2008,小高层,清明二道街6号-14号(双号),126.6113868,45.73934828,1.0,30.0,,98,公寓住宅,民用,8.2,12,0.0,11666.0,Heilongjiang,Haerbin,Nangang,Heilongjiang-Haerbin
264375,清明四道街172-1号小区,哈尔滨,南岗,公司街,2006,小高层,清明四道街172-1号,126.6064307,45.73280997,1.0,30.0,,220,公寓住宅,民用,7.9,12,0.0,8333.0,Heilongjiang,Haerbin,Nangang,Heilongjiang-Haerbin
264373,公司街68号小区,哈尔滨,南岗,公司街,1991,小高层,公司街68号,126.6324435,45.74914596,1.0,20.0,,96,公寓住宅,民用,7.8,12,0.0,9210.0,Heilongjiang,Haerbin,Nangang,Heilongjiang-Haerbin
262840,新发小区(E区),哈尔滨,南岗,儿童公园,1996,多层|高层,燎原街24号,126.6539443,45.76497465,1.0,15.0,,1998,公寓住宅,民用,8.3,12,-1.83,8230.0,Heilongjiang,Haerbin,Nangang,Heilongjiang-Haerbin
262839,"人和街102,106号小区",哈尔滨,南岗,儿童公园,2013,小高层,"人和街102,106号",126.6512321,45.75400303,1.0,30.0,,211,公寓住宅,民用,8.1,12,0.0,9272.0,Heilongjiang,Haerbin,Nangang,Heilongjiang-Haerbin
264071,中山路246号小区,哈尔滨,南岗,大成,2012,多层,中山路246号,126.6475863,45.74774194,1.0,30.0,,168,公寓住宅,民用,8.1,12,0.0,7959.0,Heilongjiang,Haerbin,Nangang,Heilongjiang-Haerbin
264072,大成街185号小区,哈尔滨,南岗,大成,1996,小高层,大成街185号,126.6522119,45.76352587,1.0,20.0,,104,公寓住宅,民用,8.3,12,0.0,10128.0,Heilongjiang,Haerbin,Nangang,Heilongjiang-Haerbin
264073,大成街235号小区,哈尔滨,南岗,大成,1996,多层,大成街235号,126.6497581,45.76499372,1.0,20.0,,84,公寓住宅,民用,8.3,12,0.0,8225.0,Heilongjiang,Haerbin,Nangang,Heilongjiang-Haerbin
264074,新吉小区,哈尔滨,南岗,大成,1997,多层|小高层,红领巾街副44-6号,126.6608944,45.76003318,1.0,32.0,,1720,公寓住宅,民用,8.0,12,0.0,8888.0,Heilongjiang,Haerbin,Nangang,Heilongjiang-Haerbin
264374,清明四道街55号小区,哈尔滨,南岗,公司街,2006,小高层,清明四道街55号,126.6072358,45.73478191,1.0,30.0,,168,公寓住宅,民用,7.8,12,0.0,9230.0,Heilongjiang,Haerbin,Nangang,Heilongjiang-Haerbin
264075,一工具家属楼,哈尔滨,南岗,大成,1997,小高层,大成街99号,126.6450891,45.76559862,1.0,20.0,,286,公寓住宅,民用,8.3,12,0.0,7241.0,Heilongjiang,Haerbin,Nangang,Heilongjiang-Haerbin
263717,雨阳街41号小区,哈尔滨,南岗,博物馆,2000,小高层,雨阳街41号,126.6493428,45.74943499,1.0,30.0,,137,公寓住宅,民用,8.0,12,0.0,10441.0,Heilongjiang,Haerbin,Nangang,Heilongjiang-Haerbin
264368,和兴路82号小区,哈尔滨,南岗,公司街,2005,多层,和兴路82号,126.6143823,45.72887708,1.0,30.0,,0,公寓住宅,民用,8.0,12,0.0,17582.0,Heilongjiang,Haerbin,Nangang,Heilongjiang-Haerbin
264369,"邮政街小区(邮政街422,426号)",哈尔滨,南岗,公司街,1991,小高层,"邮政街422,426号",126.6232741,45.74667827,1.0,20.0,,70,公寓住宅,民用,7.7,12,0.0,11975.0,Heilongjiang,Haerbin,Nangang,Heilongjiang-Haerbin
264370,上夹树街12号小区,哈尔滨,南岗,公司街,1991,小高层,上夹树街12号,126.6262375,45.75142623,1.0,20.0,,147,公寓住宅,民用,8.1,12,0.0,11600.0,Heilongjiang,Haerbin,Nangang,Heilongjiang-Haerbin
264371,工程师街8号小区,哈尔滨,南岗,公司街,2020,小高层,工程师街8号,126.6259215,45.74859548,1.0,30.0,,0,公寓住宅,民用,8.3,12,0.0,10576.0,Heilongjiang,Haerbin,Nangang,Heilongjiang-Haerbin
264372,"松花江街小区(松花江街84号,86号)",哈尔滨,南岗,公司街,1991,小高层,"松花江街84号,86号",126.6255608,45.74859574,1.0,20.0,,40,公寓住宅,民用,7.9,12,0.0,10322.0,Heilongjiang,Haerbin,Nangang,Heilongjiang-Haerbin
264076,大成街综合楼,哈尔滨,南岗,大成,1996,多层|高层,大成街154号,126.6520362,45.7630805,1.0,30.0,,271,公寓住宅,民用,8.3,12,0.0,14431.0,Heilongjiang,Haerbin,Nangang,Heilongjiang-Haerbin
262825,贺达小区,哈尔滨,南岗,红旗大街南岗段,1995,多层|高层,闽江路224号,126.687416,45.74602252,1.0,20.0,,219,公寓住宅,民用,8.5,12,0.0,10000.0,Heilongjiang,Haerbin,Nangang,Heilongjiang-Haerbin
262824,汉水路公寓,哈尔滨,南岗,红旗大街南岗段,1996,多层,汉水路176号,126.6824272,45.74270821,1.0,24.0,,92,公寓住宅,民用,8.3,12,0.0,9419.0,Heilongjiang,Haerbin,Nangang,Heilongjiang-Haerbin
262715,巴山街33号小区,哈尔滨,南岗,工人文化宫,2002,多层,巴山街33号,126.6545557,45.74896247,1.0,20.0,,159,公寓住宅,民用,7.7,12,0.0,9008.0,Heilongjiang,Haerbin,Nangang,Heilongjiang-Haerbin
262714,革新社区,哈尔滨,南岗,工人文化宫,1998,多层,"革新街,近士课街",126.6530479,45.7488302,1.0,20.0,,70,公寓住宅,民用,7.8,12,0.0,8676.0,Heilongjiang,Haerbin,Nangang,Heilongjiang-Haerbin
262713,明珠府邸,哈尔滨,南岗,工人文化宫,2001,多层,宣德街38号,126.6585496,45.75523473,1.0,30.0,,56,公寓住宅,民用,7.8,12,0.0,8653.0,Heilongjiang,Haerbin,Nangang,Heilongjiang-Haerbin
264440,"巴陵街小区(洁净街2-22号(双号),巴陵街1号-21号(单号),建新街6号,建新街10号)",哈尔滨,南岗,洁净街,1998,多层,"洁净街2-22号(双号),巴陵街1号-21号(单号),建新街6号,建新街10号)",126.6579924,45.75601367,1.0,20.0,,870,公寓住宅,民用,8.1,12,0.0,10204.0,Heilongjiang,Haerbin,Nangang,Heilongjiang-Haerbin
264415,巴陵街78号小区,哈尔滨,南岗,革新,2000,多层,巴陵街78号,126.6544807,45.75207562,1.0,20.0,,21,公寓住宅,民用,7.9,12,0.0,9717.0,Heilongjiang,Haerbin,Nangang,Heilongjiang-Haerbin
264414,名门公寓,哈尔滨,南岗,革新,2007,小高层,革新街83号,126.652087,45.74970496,1.0,30.0,,120,公寓住宅,民用,8.2,12,0.0,11568.0,Heilongjiang,Haerbin,Nangang,Heilongjiang-Haerbin
262712,中山蓝色水岸,哈尔滨,南岗,工人文化宫,2006,高层,中山路209号,126.6449871,45.75164763,1.0,30.2,,104,公寓住宅,民用,8.4,12,0.0,12239.0,Heilongjiang,Haerbin,Nangang,Heilongjiang-Haerbin
262710,文化街72号小区,哈尔滨,南岗,工人文化宫,1986,多层,文化街72号,126.6454371,45.7416857,1.0,20.0,,98,公寓住宅,民用,7.4,12,0.0,8023.0,Heilongjiang,Haerbin,Nangang,Heilongjiang-Haerbin
262709,联部街小区(联部街8号-96号(双号)),哈尔滨,南岗,工人文化宫,1996,多层,联部街8号-96号(双号),126.6453429,45.7456925,1.0,20.0,,752,公寓住宅,民用,8.0,12,0.0,9811.0,Heilongjiang,Haerbin,Nangang,Heilongjiang-Haerbin
262708,锦绣理想家园,哈尔滨,南岗,工人文化宫,2003,多层|高层,文景街99号,126.64477,45.74182677,1.0,20.0,,64,公寓住宅,民用,8.0,12,0.0,10046.0,Heilongjiang,Haerbin,Nangang,Heilongjiang-Haerbin
262707,文明街21号小区,哈尔滨,南岗,工人文化宫,1985,多层,文明街21号,126.6454897,45.74389213,1.0,20.0,,150,公寓住宅,民用,7.9,12,0.0,9083.0,Heilongjiang,Haerbin,Nangang,Heilongjiang-Haerbin
262706,文兰街19号小区,哈尔滨,南岗,工人文化宫,1993,多层,文兰街19号,126.6442015,45.74117722,1.0,20.0,,130,公寓住宅,民用,7.5,12,0.0,8000.0,Heilongjiang,Haerbin,Nangang,Heilongjiang-Haerbin
262705,文兰街17号小区,哈尔滨,南岗,工人文化宫,1995,多层,文兰街17号,126.6449153,45.74109465,1.0,20.0,,72,公寓住宅,民用,7.7,12,0.0,7384.0,Heilongjiang,Haerbin,Nangang,Heilongjiang-Haerbin
262703,营部街24号小区,哈尔滨,南岗,工人文化宫,1989,多层,营部街24号,126.6468842,45.74639509,1.0,20.0,,49,公寓住宅,民用,8.0,12,0.0,8266.0,Heilongjiang,Haerbin,Nangang,Heilongjiang-Haerbin
262702,中山路庭院,哈尔滨,南岗,工人文化宫,1990,小高层,巴陵街216-1号,126.6472113,45.74717598,1.0,20.0,,127,公寓住宅,民用,7.9,12,0.0,8652.0,Heilongjiang,Haerbin,Nangang,Heilongjiang-Haerbin
264150,建设街15号小区,哈尔滨,南岗,奋斗,2003,多层,建设街15号,126.6438094,45.75449914,,30.0,,120,公寓住宅,民用,8.4,12,0.0,10800.0,Heilongjiang,Haerbin,Nangang,Heilongjiang-Haerbin
264151,国民街11号小区,哈尔滨,南岗,奋斗,2012,多层,国民街11号,126.6431803,45.75348968,1.0,30.0,,0,公寓住宅,民用,8.3,12,0.0,12972.0,Heilongjiang,Haerbin,Nangang,Heilongjiang-Haerbin
264152,营部街12号小区,哈尔滨,南岗,奋斗,1991,小高层,营部街12号,126.6480636,45.74533148,1.0,20.0,,120,公寓住宅,民用,7.8,12,0.0,7256.0,Heilongjiang,Haerbin,Nangang,Heilongjiang-Haerbin
264153,营部街小区(27-29号(单号)),哈尔滨,南岗,奋斗,1991,小高层,营部街27-29号(单号),126.6455999,45.74780174,1.0,20.0,,210,公寓住宅,民用,7.7,12,0.0,8378.0,Heilongjiang,Haerbin,Nangang,Heilongjiang-Haerbin
262716,海富金棕榈,哈尔滨,南岗,十字街,2011,小高层|高层,马端街108号,126.6670783,45.76058356,1.0,35.0,,2019,公寓住宅,民用,8.4,12,0.05,14424.0,Heilongjiang,Haerbin,Nangang,Heilongjiang-Haerbin
264154,"革新街小区((革新街234号-244号(双号),文平街31-33号)",哈尔滨,南岗,奋斗,2006,小高层,"革新街234号-244号,文平街31-33号",126.6452866,45.74464989,1.0,30.0,,251,公寓住宅,民用,7.8,12,0.0,8778.0,Heilongjiang,Haerbin,Nangang,Heilongjiang-Haerbin
264156,松明街14号小区,哈尔滨,南岗,奋斗,1991,小高层,松明街14号,126.6185341,45.73769967,1.0,20.0,,72,公寓住宅,民用,7.8,12,0.0,9818.0,Heilongjiang,Haerbin,Nangang,Heilongjiang-Haerbin
262697,黑山街57号小区,哈尔滨,南岗,工人文化宫,1991,小高层,黑山街57号,126.6546333,45.751401,1.0,20.0,,168,公寓住宅,民用,7.7,12,0.0,8511.0,Heilongjiang,Haerbin,Nangang,Heilongjiang-Haerbin
262698,苗圃街112号小区,哈尔滨,南岗,工人文化宫,1991,小高层,苗圃街112号,126.6226191,45.72930118,1.0,20.0,,45,公寓住宅,民用,7.5,12,0.0,14090.0,Heilongjiang,Haerbin,Nangang,Heilongjiang-Haerbin
262699,"文昌街小区(文昌街133-1号,133号)",哈尔滨,南岗,工人文化宫,1986,多层,"文昌街133-1号,133号",126.6493426,45.7428505,1.0,20.0,,184,公寓住宅,民用,7.3,12,0.0,7500.0,Heilongjiang,Haerbin,Nangang,Heilongjiang-Haerbin
262700,文平街1号院,哈尔滨,南岗,工人文化宫,1985,小高层,文平街1号,126.6487293,45.7456801,1.0,20.0,,138,公寓住宅,民用,7.5,12,0.0,12538.0,Heilongjiang,Haerbin,Nangang,Heilongjiang-Haerbin
262701,"第二巴陵街小区(第二巴陵街3号,联部街70号)",哈尔滨,南岗,工人文化宫,1996,小高层,"第二巴陵街3号,联部街70号",126.6445216,45.74613362,1.0,20.0,,152,公寓住宅,民用,7.8,12,0.0,8307.0,Heilongjiang,Haerbin,Nangang,Heilongjiang-Haerbin
264155,革新街129号小区,哈尔滨,南岗,奋斗,2006,小高层,革新街129号,126.6481686,45.74699829,1.0,30.0,,80,公寓住宅,民用,8.0,12,0.0,8162.0,Heilongjiang,Haerbin,Nangang,Heilongjiang-Haerbin
262717,十字小区,哈尔滨,南岗,十字街,1996,多层|小高层,"十字街,近芦家街",126.6643078,45.75410098,1.0,10.0,,970,公寓住宅,民用,7.8,12,0.0,7983.0,Heilongjiang,Haerbin,Nangang,Heilongjiang-Haerbin
262719,"十字街小区(143-19号,145号)",哈尔滨,南岗,十字街,1991,多层,"十字街143-19号,145号",126.6662873,45.75892698,1.0,20.0,,379,公寓住宅,民用,8.3,12,0.0,8113.0,Heilongjiang,Haerbin,Nangang,Heilongjiang-Haerbin
262746,新发小区(鼎新F区),哈尔滨,南岗,宽城街,1996,小高层,鼎新二道街30号,126.6592576,45.76653422,1.0,15.0,,3172,公寓住宅,民用,8.2,12,0.04,9515.0,Heilongjiang,Haerbin,Nangang,Heilongjiang-Haerbin
262745,烟厂家属楼,哈尔滨,南岗,宽城街,2003,小高层,一曼街114号,126.6496315,45.76803812,1.0,30.0,,510,公寓住宅,民用,8.2,12,0.0,8330.0,Heilongjiang,Haerbin,Nangang,Heilongjiang-Haerbin
262744,龙电物业管理小区,哈尔滨,南岗,宽城街,1988,多层|高层,三姓街53号,126.6519332,45.76592003,,30.0,,364,公寓住宅,民用,8.3,12,0.0,10454.0,Heilongjiang,Haerbin,Nangang,Heilongjiang-Haerbin
262743,新发小区(C区),哈尔滨,南岗,宽城街,1996,多层|高层,花园街16-2号,126.6575379,45.76839469,1.0,15.0,,2034,公寓住宅,民用,8.1,12,-0.5,8976.0,Heilongjiang,Haerbin,Nangang,Heilongjiang-Haerbin
262742,文化住宅小区,哈尔滨,南岗,宽城街,2000,多层,"东大直街41号,东大直街73号,极乐三道街4号",126.6550004,45.7720081,1.0,33.0,,2827,公寓住宅,民用,8.1,12,2.94,8554.0,Heilongjiang,Haerbin,Nangang,Heilongjiang-Haerbin
262741,海富名都城,哈尔滨,南岗,宽城街,2003,小高层,宣化街400号,126.6612092,45.76409585,1.0,23.0,,909,公寓住宅,民用,8.3,12,-0.13,11171.0,Heilongjiang,Haerbin,Nangang,Heilongjiang-Haerbin
262740,平准街46号院,哈尔滨,南岗,十字街,1999,多层,平准街46号,126.6626232,45.75609421,1.0,20.0,,96,公寓住宅,民用,7.9,12,0.0,8269.0,Heilongjiang,Haerbin,Nangang,Heilongjiang-Haerbin
262739,理治街1号院,哈尔滨,南岗,十字街,1999,多层,理治街1号,126.6639924,45.75174698,1.0,20.0,,291,公寓住宅,民用,7.6,12,0.0,9250.0,Heilongjiang,Haerbin,Nangang,Heilongjiang-Haerbin
264158,黑山公寓,哈尔滨,南岗,奋斗,1993,多层|小高层,黑山街59号,126.6545166,45.75149634,1.0,20.0,,56,公寓住宅,民用,7.9,12,0.0,8470.0,Heilongjiang,Haerbin,Nangang,Heilongjiang-Haerbin
262738,龙之港大厦,哈尔滨,南岗,十字街,2003,高层,宣利街2号,126.6651965,45.75180988,1.0,20.0,,126,公寓住宅,民用,7.7,12,0.0,9800.0,Heilongjiang,Haerbin,Nangang,Heilongjiang-Haerbin
262737,芦家街26-34号小区,哈尔滨,南岗,十字街,1998,小高层,"芦家街26-2号,34号",126.6649104,45.75373027,1.0,20.0,,228,公寓住宅,民用,7.7,12,0.0,9471.0,Heilongjiang,Haerbin,Nangang,Heilongjiang-Haerbin
262736,十字街16号小区,哈尔滨,南岗,十字街,1991,小高层,十字街16号,126.6641045,45.75020113,1.0,20.0,,95,公寓住宅,民用,7.3,12,0.0,9306.0,Heilongjiang,Haerbin,Nangang,Heilongjiang-Haerbin
262735,烟草街48号楼,哈尔滨,南岗,十字街,2000,多层,烟草街48号,126.6637521,45.76058471,,30.0,,1,公寓住宅,民用,7.7,12,0.0,8800.0,Heilongjiang,Haerbin,Nangang,Heilongjiang-Haerbin
262720,"马端街小区(马端街114-2号,114-3号,114-5号,十字街138号,144号)",哈尔滨,南岗,十字街,1999,小高层,"马端街114-2号,114-3号,114-5号,十字街138号,144号",126.6645507,45.76073758,1.0,20.0,,583,公寓住宅,民用,8.1,12,0.0,7873.0,Heilongjiang,Haerbin,Nangang,Heilongjiang-Haerbin
262721,"宣威街小区(宣威街8号,10号)",哈尔滨,南岗,十字街,1998,小高层,"宣威街8号,10号",126.6629858,45.75253589,1.0,20.0,,274,公寓住宅,民用,8.2,12,0.0,9462.0,Heilongjiang,Haerbin,Nangang,Heilongjiang-Haerbin
262722,宣庆街55号小区,哈尔滨,南岗,十字街,1991,小高层,宣庆街55号,126.6691686,45.75462956,1.0,20.0,,280,公寓住宅,民用,7.8,12,0.0,8583.0,Heilongjiang,Haerbin,Nangang,Heilongjiang-Haerbin
262723,马端街100-102号小区,哈尔滨,南岗,十字街,2006,小高层,"马端街100,102号",126.671007,45.76079636,1.0,30.0,,426,公寓住宅,民用,8.4,12,0.0,8360.0,Heilongjiang,Haerbin,Nangang,Heilongjiang-Haerbin
264157,宏达花园,哈尔滨,南岗,奋斗,2005,高层,"建设街,近花园街",126.6419695,45.75522488,1.0,25.0,,168,公寓住宅,民用,8.7,12,0.0,16909.0,Heilongjiang,Haerbin,Nangang,Heilongjiang-Haerbin
262724,宣威街2号小区,哈尔滨,南岗,十字街,1991,小高层,宣威街2号,126.6654879,45.75235822,1.0,20.0,,187,公寓住宅,民用,7.8,12,0.0,9846.0,Heilongjiang,Haerbin,Nangang,Heilongjiang-Haerbin
262718,体育学院家属楼,哈尔滨,南岗,十字街,2000,小高层,华山北路2号,126.6717063,45.75544558,1.0,30.0,,472,公寓住宅,民用,8.0,12,0.0,9223.0,Heilongjiang,Haerbin,Nangang,Heilongjiang-Haerbin
262725,平明街4-10号小区,哈尔滨,南岗,十字街,1997,多层,平明街4-10号,126.6653941,45.74772708,1.0,20.0,,396,公寓住宅,民用,7.8,12,0.0,9358.0,Heilongjiang,Haerbin,Nangang,Heilongjiang-Haerbin
262727,理治街3-19号小区,哈尔滨,南岗,十字街,1998,多层,"理治街3号,15号,19号",126.6634581,45.75155721,1.0,20.0,,252,公寓住宅,民用,7.8,12,0.0,10449.0,Heilongjiang,Haerbin,Nangang,Heilongjiang-Haerbin
262728,宣威街12号院,哈尔滨,南岗,十字街,1998,小高层,宣威街12号,126.663221,45.75254025,1.0,20.0,,66,公寓住宅,民用,8.3,12,0.0,9841.0,Heilongjiang,Haerbin,Nangang,Heilongjiang-Haerbin
262729,"大成街小区(大成街9号,11号,十字街125号,127号)",哈尔滨,南岗,十字街,1991,小高层,"大成街9号,11号,十字街125号,127号",126.6654529,45.75810799,1.0,20.0,,304,公寓住宅,民用,7.8,12,0.0,8266.0,Heilongjiang,Haerbin,Nangang,Heilongjiang-Haerbin
262730,"芦家街小区(芦家街13号,18-24号,宣文街6号)",哈尔滨,南岗,十字街,1991,多层,"芦家街13号,18-24号,宣文街6号",126.6682756,45.75410955,1.0,20.0,,0,公寓住宅,民用,7.8,12,0.0,6956.0,Heilongjiang,Haerbin,Nangang,Heilongjiang-Haerbin
262726,"芦家街小区(芦家街46号,48号,十字街36号,36-6号,副38号)",哈尔滨,南岗,十字街,1997,多层,"芦家街46号,48号,十字街36号,36-6号,副38号",126.6633802,45.754101,1.0,20.0,,742,公寓住宅,民用,7.7,12,0.0,9178.0,Heilongjiang,Haerbin,Nangang,Heilongjiang-Haerbin
264144,建设街45号小区,哈尔滨,南岗,奋斗,2010,多层,建设街45号,126.6403749,45.75646334,1.0,30.0,,189,公寓住宅,民用,8.5,12,0.21,11945.0,Heilongjiang,Haerbin,Nangang,Heilongjiang-Haerbin
262694,"海城街小区(海城街22号-28号(双号),繁荣街20号)",哈尔滨,南岗,工人文化宫,2007,小高层,"海城街22号-28号(双号),繁荣街20号",126.6375738,45.74773745,1.0,30.0,,90,公寓住宅,民用,8.1,12,0.0,10571.0,Heilongjiang,Haerbin,Nangang,Heilongjiang-Haerbin
264109,通达街46号小区,哈尔滨,南岗,西大桥,1991,小高层,通达街46号,126.6157081,45.73542152,1.0,20.0,,63,公寓住宅,民用,7.6,12,0.0,11111.0,Heilongjiang,Haerbin,Nangang,Heilongjiang-Haerbin
262693,文德街小区(文德街2号-28号(双号)),哈尔滨,南岗,工人文化宫,1991,小高层,文德街2号-28号(双号),126.6472768,45.7421153,1.0,20.0,,278,公寓住宅,民用,7.3,12,0.0,9401.0,Heilongjiang,Haerbin,Nangang,Heilongjiang-Haerbin
264108,"通达街小区(通达街81号,107号)",哈尔滨,南岗,西大桥,2000,小高层,"通达街81号,107号",126.6142297,45.73682273,1.0,30.0,,124,公寓住宅,民用,8.0,12,0.0,10365.0,Heilongjiang,Haerbin,Nangang,Heilongjiang-Haerbin
262692,文敏街小区(文敏街4号-8号(双号)),哈尔滨,南岗,工人文化宫,2004,小高层,文敏街4号-8号(双号),126.6534553,45.74109312,1.0,30.0,,60,公寓住宅,民用,7.6,12,0.0,7777.0,Heilongjiang,Haerbin,Nangang,Heilongjiang-Haerbin
264107,清明七道街29号小区,哈尔滨,南岗,西大桥,1991,小高层,清明七道街29号,126.6149382,45.73834267,1.0,20.0,,105,公寓住宅,民用,8.2,12,0.0,9237.0,Heilongjiang,Haerbin,Nangang,Heilongjiang-Haerbin
262691,文明街24号小区,哈尔滨,南岗,工人文化宫,1993,小高层,文明街24号,126.647206,45.74238999,1.0,20.0,,63,公寓住宅,民用,7.4,12,0.0,8163.0,Heilongjiang,Haerbin,Nangang,Heilongjiang-Haerbin
264106,清明七道街18号小区,哈尔滨,南岗,西大桥,1991,多层,清明七道街18号,126.6155613,45.73828723,1.0,20.0,,66,公寓住宅,民用,7.7,12,0.0,9090.0,Heilongjiang,Haerbin,Nangang,Heilongjiang-Haerbin
262818,园丁小区,哈尔滨,南岗,复华小区,2000,多层|小高层,校外街14号,126.6306195,45.73946663,1.0,30.0,,450,公寓住宅,民用,7.8,12,0.0,12333.0,Heilongjiang,Haerbin,Nangang,Heilongjiang-Haerbin
264105,汉祥街71号小区,哈尔滨,南岗,西大桥,2009,多层,汉祥街71号,126.6138265,45.7386763,1.0,30.0,,0,公寓住宅,民用,8.1,12,0.0,8389.0,Heilongjiang,Haerbin,Nangang,Heilongjiang-Haerbin
265734,爱达盛锦,哈尔滨,道里,丽江路,2020,高层,"和谐大道,近铁顺街",126.5719572,45.70987504,,25.0,,1484,公寓住宅,民用,8.1,12,0.0,12567.0,Heilongjiang,Haerbin,Nangang,Heilongjiang-Haerbin
264104,汉祥街45号小区,哈尔滨,南岗,西大桥,2009,小高层,汉祥街45号,126.6167862,45.73702537,1.0,30.0,,30,公寓住宅,民用,8.0,12,0.0,7508.0,Heilongjiang,Haerbin,Nangang,Heilongjiang-Haerbin
262690,营部街小区(27-29号(单号)),哈尔滨,南岗,工人文化宫,1991,小高层,营部街27-29号(单号),126.6455999,45.74780174,1.0,20.0,,210,公寓住宅,民用,7.7,12,0.0,8378.0,Heilongjiang,Haerbin,Nangang,Heilongjiang-Haerbin
264103,西大直街310号小区,哈尔滨,南岗,西大桥,2005,小高层,西大直街310号,126.6129202,45.73456245,1.0,30.0,,0,公寓住宅,民用,7.9,12,0.0,9977.0,Heilongjiang,Haerbin,Nangang,Heilongjiang-Haerbin
264102,"松明街小区(松明街57号,63号)",哈尔滨,南岗,西大桥,2000,多层,"松明街57号,63号",126.615214,45.7354781,1.0,30.0,,146,公寓住宅,民用,7.8,12,0.0,8000.0,Heilongjiang,Haerbin,Nangang,Heilongjiang-Haerbin
264101,七政街81号小区,哈尔滨,南岗,西大桥,2005,多层,七政街81号,126.6136745,45.73403305,1.0,30.0,,252,公寓住宅,民用,8.0,12,0.0,10400.0,Heilongjiang,Haerbin,Nangang,Heilongjiang-Haerbin
264100,松明街31号小区,哈尔滨,南岗,西大桥,1980,多层,松明街31号,126.6164196,45.73643086,1.0,20.0,,113,公寓住宅,民用,7.6,12,0.0,8400.0,Heilongjiang,Haerbin,Nangang,Heilongjiang-Haerbin
264091,元士街2号小区,哈尔滨,南岗,西大桥,1999,小高层,元士街2号,126.620177,45.73613168,1.0,20.0,,264,公寓住宅,民用,7.9,12,0.0,9147.0,Heilongjiang,Haerbin,Nangang,Heilongjiang-Haerbin
262823,辽河新区,哈尔滨,南岗,红旗大街南岗段,1999,多层,马端街副10号,126.6814946,45.76085343,1.0,32.0,,3920,公寓住宅,民用,8.2,12,0.0,9873.0,Heilongjiang,Haerbin,Nangang,Heilongjiang-Haerbin
264092,电车小区,哈尔滨,南岗,西大桥,1998,多层,清明四道街110号,126.6081566,45.73477697,,20.0,,875,公寓住宅,民用,7.7,12,-2.51,8047.0,Heilongjiang,Haerbin,Nangang,Heilongjiang-Haerbin
262822,金色路园,哈尔滨,南岗,红旗大街南岗段,2006,高层,香山路56号,126.6854033,45.75539128,1.0,30.0,,380,公寓住宅,民用,8.4,12,-0.15,11607.0,Heilongjiang,Haerbin,Nangang,Heilongjiang-Haerbin
262821,吉星小区,哈尔滨,南岗,红旗大街南岗段,2002,多层,千山路20号,126.6857463,45.74581025,1.0,36.0,,656,公寓住宅,民用,8.8,12,0.0,9796.0,Heilongjiang,Haerbin,Nangang,Heilongjiang-Haerbin
262695,光芒街44号小区,哈尔滨,南岗,工人文化宫,1991,小高层,光芒街44号,126.6518529,45.74848059,1.0,20.0,,48,公寓住宅,民用,7.7,12,0.0,9777.0,Heilongjiang,Haerbin,Nangang,Heilongjiang-Haerbin
262819,红旗新区(南岗),哈尔滨,南岗,红旗大街南岗段,2001,多层,红旗大街288号,126.6908585,45.75898563,1.0,36.0,,8869,公寓住宅,民用,8.3,12,-0.27,11894.0,Heilongjiang,Haerbin,Nangang,Heilongjiang-Haerbin
264110,一工具自管庭院,哈尔滨,南岗,西大桥,1991,多层,汉祥街39号,126.6176683,45.73639897,1.0,20.0,,153,公寓住宅,民用,7.5,12,0.0,7882.0,Heilongjiang,Haerbin,Nangang,Heilongjiang-Haerbin
264111,跃景小区,哈尔滨,南岗,西大桥,1985,多层,公司街38号,126.634859,45.74730411,1.0,20.0,,63,公寓住宅,民用,7.8,12,0.0,8000.0,Heilongjiang,Haerbin,Nangang,Heilongjiang-Haerbin
264112,文平街11号小区,哈尔滨,南岗,奋斗,2012,小高层,文平街11号,126.6478168,45.74516738,1.0,30.0,,143,公寓住宅,民用,8.0,12,0.0,8860.0,Heilongjiang,Haerbin,Nangang,Heilongjiang-Haerbin
264131,河沟街33号小区,哈尔滨,南岗,奋斗,2007,小高层,河沟街33号,126.6438212,45.75356823,1.0,30.0,,192,公寓住宅,民用,8.2,12,0.0,14316.0,Heilongjiang,Haerbin,Nangang,Heilongjiang-Haerbin
264132,砖街小区(砖街32号-42号(双号)),哈尔滨,南岗,奋斗,1987,小高层,砖街32号-42号(双号),126.6176966,45.74219216,1.0,20.0,,63,公寓住宅,民用,8.1,12,0.0,8923.0,Heilongjiang,Haerbin,Nangang,Heilongjiang-Haerbin
264133,果戈里大街268号小区,哈尔滨,南岗,奋斗,1991,小高层,果戈里大街268号,126.6448221,45.75326898,1.0,20.0,,0,公寓住宅,民用,8.0,12,0.0,14925.0,Heilongjiang,Haerbin,Nangang,Heilongjiang-Haerbin
264134,马家街57号小区,哈尔滨,南岗,奋斗,1991,小高层,马家街57号,126.6429868,45.75540166,1.0,20.0,,84,公寓住宅,民用,8.4,12,0.0,9866.0,Heilongjiang,Haerbin,Nangang,Heilongjiang-Haerbin
264135,大庆驻哈尔滨办事处家属楼,哈尔滨,南岗,奋斗,2000,小高层,光明街11号,126.6428445,45.75373172,1.0,30.0,,133,公寓住宅,民用,9.0,12,0.0,12000.0,Heilongjiang,Haerbin,Nangang,Heilongjiang-Haerbin
264136,"河沟街小区(河沟街16号,18号)",哈尔滨,南岗,奋斗,2007,小高层,"河沟街16号,18号",126.6451254,45.75383238,1.0,30.0,,70,公寓住宅,民用,8.5,12,0.0,14062.0,Heilongjiang,Haerbin,Nangang,Heilongjiang-Haerbin
264130,光明街4号小区,哈尔滨,南岗,奋斗,1986,小高层,光明街4号,126.6436643,45.75409811,1.0,20.0,,232,公寓住宅,民用,8.1,12,0.37,14000.0,Heilongjiang,Haerbin,Nangang,Heilongjiang-Haerbin
264137,建设街9号小区,哈尔滨,南岗,奋斗,1989,小高层,建设街9号,126.6442934,45.75433234,1.0,20.0,,168,公寓住宅,民用,8.1,12,0.0,13760.0,Heilongjiang,Haerbin,Nangang,Heilongjiang-Haerbin
262696,文化街129号小区,哈尔滨,南岗,工人文化宫,2012,小高层,文化街129号,126.6458098,45.74175989,1.0,30.0,,60,公寓住宅,民用,7.7,12,0.0,8962.0,Heilongjiang,Haerbin,Nangang,Heilongjiang-Haerbin
264139,建设街小区(建设街24号-36号(双号)),哈尔滨,南岗,奋斗,1997,小高层,建设街24号-36号(双号),126.6424403,45.75505342,1.0,20.0,,150,公寓住宅,民用,8.1,12,0.0,11500.0,Heilongjiang,Haerbin,Nangang,Heilongjiang-Haerbin
264140,马家街180号小区,哈尔滨,南岗,奋斗,1997,小高层,马家街180号,126.6432799,45.75539929,1.0,20.0,,77,公寓住宅,民用,8.4,12,0.0,14285.0,Heilongjiang,Haerbin,Nangang,Heilongjiang-Haerbin
264141,"中和街小区(比乐街3号,11号,17号,大成街80-96(双号),中和街2-18(双号),40号,40-1号,40-4号)",哈尔滨,南岗,奋斗,1993,多层,"比乐街3号,11号,17号,大成街80-96(双号),中和街2-18(双号),40号,40-1号,40-4号",126.6580592,45.7590896,1.0,20.0,,625,公寓住宅,民用,8.3,12,0.0,8966.0,Heilongjiang,Haerbin,Nangang,Heilongjiang-Haerbin
264142,河苑观景花园,哈尔滨,南岗,奋斗,1998,多层|小高层,河沟街14号,126.6458911,45.75444375,1.0,35.0,,109,公寓住宅,民用,8.7,12,0.0,12500.0,Heilongjiang,Haerbin,Nangang,Heilongjiang-Haerbin
264143,建设大院,哈尔滨,南岗,奋斗,1993,小高层,建设街76号,126.6401097,45.75607014,1.0,25.0,,200,公寓住宅,民用,8.9,12,0.0,12860.0,Heilongjiang,Haerbin,Nangang,Heilongjiang-Haerbin
264138,龙江街9号小区,哈尔滨,南岗,奋斗,1998,小高层,龙江街9号,126.6479858,45.76024636,,20.0,,139,公寓住宅,民用,8.0,12,0.0,18817.0,Heilongjiang,Haerbin,Nangang,Heilongjiang-Haerbin
264090,汉兴街小区(汉兴街88号-96号(双号)),哈尔滨,南岗,西大桥,1986,小高层,汉兴街88号-96号(双号),126.6207252,45.7301947,1.0,20.0,,175,公寓住宅,民用,7.8,12,0.0,15560.0,Heilongjiang,Haerbin,Nangang,Heilongjiang-Haerbin
264129,邮政街119号小区,哈尔滨,南岗,奋斗,1991,小高层,邮政街119号,126.6352375,45.75811065,1.0,20.0,,133,公寓住宅,民用,8.2,12,0.0,12000.0,Heilongjiang,Haerbin,Nangang,Heilongjiang-Haerbin
264127,颐园街15号小区,哈尔滨,南岗,奋斗,2008,小高层,颐园街15号,126.634128,45.75838166,1.0,30.0,,42,公寓住宅,民用,8.7,12,0.0,9166.0,Heilongjiang,Haerbin,Nangang,Heilongjiang-Haerbin
264113,建设街12号小区,哈尔滨,南岗,奋斗,2000,小高层,建设街12号,126.6441701,45.75403125,1.0,30.0,,200,公寓住宅,民用,8.6,12,0.0,13877.0,Heilongjiang,Haerbin,Nangang,Heilongjiang-Haerbin
264114,果戈里大街316号小区,哈尔滨,南岗,奋斗,1991,小高层,果戈里大街316号,126.6425598,45.7563831,1.0,20.0,,84,公寓住宅,民用,8.2,12,0.0,9578.0,Heilongjiang,Haerbin,Nangang,Heilongjiang-Haerbin
264115,奋斗小区,哈尔滨,南岗,奋斗,1985,小高层,"黑山街18号-48号(双号),革新街64号-96号(双号),果戈里大街103号,105号,巴山街27号",126.6550956,45.75000799,,20.0,,567,公寓住宅,民用,7.6,12,0.0,9676.0,Heilongjiang,Haerbin,Nangang,Heilongjiang-Haerbin
264116,省财政厅家属楼,哈尔滨,南岗,奋斗,1998,多层,建设街156号,126.6349719,45.75841375,1.0,20.0,,204,公寓住宅,民用,8.4,12,0.0,15230.0,Heilongjiang,Haerbin,Nangang,Heilongjiang-Haerbin
264117,外侨花园,哈尔滨,南岗,奋斗,2000,多层|小高层,果戈里大街302号,126.6441276,45.75534842,1.0,40.0,,108,公寓住宅,民用,9.0,12,0.0,15626.0,Heilongjiang,Haerbin,Nangang,Heilongjiang-Haerbin
264118,河沟街小区(河沟街30号-38号(双号)),哈尔滨,南岗,奋斗,2007,小高层,河沟街30号-38号(双号),126.6442456,45.75324756,1.0,30.0,,63,公寓住宅,民用,8.3,12,0.0,14166.0,Heilongjiang,Haerbin,Nangang,Heilongjiang-Haerbin
264128,建设街27-29号小区,哈尔滨,南岗,奋斗,2004,小高层,建设街27-29号,126.6435133,45.75472906,1.0,30.0,,136,公寓住宅,民用,8.1,12,0.0,12304.0,Heilongjiang,Haerbin,Nangang,Heilongjiang-Haerbin
264119,红军街1号小区,哈尔滨,南岗,奋斗,2012,超高层,红军街1号,126.6428444,45.75246827,1.0,30.0,,976,公寓住宅,民用,8.5,12,-0.95,15057.0,Heilongjiang,Haerbin,Nangang,Heilongjiang-Haerbin
264121,四明街16号小区,哈尔滨,南岗,奋斗,1991,多层,四明街16号,126.6230434,45.73238716,1.0,20.0,,102,公寓住宅,民用,7.8,12,0.0,13750.0,Heilongjiang,Haerbin,Nangang,Heilongjiang-Haerbin
264122,华威大厦,哈尔滨,南岗,奋斗,2004,高层,花园街368号,126.6410329,45.75512109,1.0,10.0,,348,公寓住宅,民用,8.3,12,0.4,12581.0,Heilongjiang,Haerbin,Nangang,Heilongjiang-Haerbin
264123,文平街小区(文平街4号-10号(双号)),哈尔滨,南岗,奋斗,2012,高层,文平街4号-10号(双号),126.6484091,45.74476374,1.0,30.0,,152,公寓住宅,民用,7.9,12,0.0,12866.0,Heilongjiang,Haerbin,Nangang,Heilongjiang-Haerbin
264124,士课街16号小区,哈尔滨,南岗,奋斗,2002,多层,"士课街16,28号",126.6543674,45.7476696,1.0,30.0,,183,公寓住宅,民用,7.8,12,0.0,11376.0,Heilongjiang,Haerbin,Nangang,Heilongjiang-Haerbin
264125,花园街小区(花园街326-344号(双号)),哈尔滨,南岗,奋斗,1991,小高层,花园街326-344号(双号),126.6421773,45.75610129,1.0,20.0,,100,公寓住宅,民用,8.3,12,0.0,20000.0,Heilongjiang,Haerbin,Nangang,Heilongjiang-Haerbin
264126,建设街小区(建设街52号-76号(双号)),哈尔滨,南岗,奋斗,1991,小高层,建设街52号-76号(双号),126.6406012,45.75591166,1.0,20.0,,112,公寓住宅,民用,8.3,12,0.0,11818.0,Heilongjiang,Haerbin,Nangang,Heilongjiang-Haerbin
264120,建设街小区(建设街158号-162号(双号)),哈尔滨,南岗,奋斗,2002,多层,建设街158号-162号(双号),126.633727,45.75993902,1.0,30.0,,84,公寓住宅,民用,8.3,12,0.0,13076.0,Heilongjiang,Haerbin,Nangang,Heilongjiang-Haerbin
263716,"永和街小区(永和街33号,43号)",哈尔滨,南岗,博物馆,1996,小高层,"永和街33号,43号",126.6464071,45.7522581,1.0,20.0,,192,公寓住宅,民用,7.9,12,0.0,9555.0,Heilongjiang,Haerbin,Nangang,Heilongjiang-Haerbin
263675,"辽阳街小区(辽阳街36号-40号(双号),36-1号)",哈尔滨,南岗,博物馆,1991,小高层,"辽阳街36号-40号(双号),36-1号",126.6477456,45.76365203,1.0,20.0,,138,公寓住宅,民用,8.5,12,0.0,19889.0,Heilongjiang,Haerbin,Nangang,Heilongjiang-Haerbin
263713,士课街小区(士课街60号-70号(双号)),哈尔滨,南岗,博物馆,1982,小高层,士课街60号-70号(双号),126.6517431,45.75003501,1.0,20.0,,189,公寓住宅,民用,7.9,12,0.0,10375.0,Heilongjiang,Haerbin,Nangang,Heilongjiang-Haerbin
262280,金地风华雅筑,哈尔滨,南岗,哈达,Apr-22,高层,"哈西大街,近三环路",126.585967,45.66784881,,30.0,,830,公寓住宅,民用,7.4,12,0.0,11792.0,Heilongjiang,Haerbin,Nangang,Heilongjiang-Haerbin
262279,鸿朗花园(四期),哈尔滨,南岗,哈达,2008,小高层,尤家街92号,126.5947624,45.70362186,1.0,20.0,,2019,公寓住宅,民用,8.2,12,0.0,10816.0,Heilongjiang,Haerbin,Nangang,Heilongjiang-Haerbin
262278,汇龙巴黎第九区,哈尔滨,南岗,哈达,Apr-22,高层,"哈西大街,近三环路",126.5880927,45.66700175,,30.0,,1226,公寓住宅,民用,7.7,12,0.0,12244.0,Heilongjiang,Haerbin,Nangang,Heilongjiang-Haerbin
262277,鲁商铂悦公馆,哈尔滨,南岗,哈达,2020,高层,学府路372-2号,126.6149451,45.67619564,1.0,30.0,,1745,商住楼,商用,7.8,12,0.0,8372.0,Heilongjiang,Haerbin,Nangang,Heilongjiang-Haerbin
262276,鲁商悦未来,哈尔滨,南岗,哈达,Oct-21,高层,健平街,126.6246421,45.68385903,,30.0,,1997,公寓住宅,民用,7.9,12,-0.64,10961.0,Heilongjiang,Haerbin,Nangang,Heilongjiang-Haerbin
262275,电影机小区,哈尔滨,南岗,哈达,1982,多层,学府路125号,126.609858,45.69296358,1.0,20.0,,704,公寓住宅,民用,7.6,12,0.0,8906.0,Heilongjiang,Haerbin,Nangang,Heilongjiang-Haerbin
262274,西沟街57-2号小区,哈尔滨,南岗,哈达,2012,多层,西沟街57-2号,126.59621,45.70505443,1.0,30.0,,104,公寓住宅,民用,7.8,12,0.0,8253.0,Heilongjiang,Haerbin,Nangang,Heilongjiang-Haerbin
262273,林机所家属楼,哈尔滨,南岗,哈达,2016,小高层,学府路374号,126.6181336,45.67523186,1.0,30.0,,322,公寓住宅,民用,8.1,12,0.0,8048.0,Heilongjiang,Haerbin,Nangang,Heilongjiang-Haerbin
262272,哈南小区(南岗),哈尔滨,南岗,哈达,2000,多层|小高层,兴南路30号,126.6190968,45.66886438,1.0,20.0,,1122,公寓住宅,民用,7.6,12,0.34,7326.0,Heilongjiang,Haerbin,Nangang,Heilongjiang-Haerbin
262270,哈南新区,哈尔滨,南岗,哈达,2000,多层,兴南路68号,126.6249208,45.6688045,1.0,20.0,,472,公寓住宅,民用,7.6,12,0.0,8500.0,Heilongjiang,Haerbin,Nangang,Heilongjiang-Haerbin
262269,学院新城(二期),哈尔滨,南岗,哈达,2012,高层,哈平路,126.6393226,45.6805529,1.0,32.0,,1855,公寓住宅,民用,7.8,12,0.0,7678.0,Heilongjiang,Haerbin,Nangang,Heilongjiang-Haerbin
262268,哈南福地小区,哈尔滨,南岗,哈达,2010,多层,兴南路,126.628352,45.66876155,1.0,30.0,,912,公寓住宅,民用,7.5,12,0.0,8495.0,Heilongjiang,Haerbin,Nangang,Heilongjiang-Haerbin
262267,电缆名苑,哈尔滨,南岗,哈达,2006,多层|小高层,电缆街50号,126.613533,45.6662447,1.0,30.0,,994,公寓住宅,民用,7.6,12,-0.15,7361.0,Heilongjiang,Haerbin,Nangang,Heilongjiang-Haerbin
262266,征仪路花园小区(E区),哈尔滨,南岗,哈达,2006,多层,征仪路,126.6302728,45.68546968,1.0,35.0,,686,公寓住宅,民用,7.9,12,0.0,6886.0,Heilongjiang,Haerbin,Nangang,Heilongjiang-Haerbin
262265,省农科院家属楼,哈尔滨,南岗,哈达,1998,小高层,科研街2号,126.6144488,45.68611123,1.0,20.0,,965,公寓住宅,民用,7.6,12,0.0,10307.0,Heilongjiang,Haerbin,Nangang,Heilongjiang-Haerbin
262264,征仪花园小区(F区),哈尔滨,南岗,哈达,2008,小高层,"征仪路,近科研路",126.6309218,45.68224803,1.0,30.0,,947,公寓住宅,民用,7.4,12,-2.34,7202.0,Heilongjiang,Haerbin,Nangang,Heilongjiang-Haerbin
262263,跃兴家园,哈尔滨,南岗,哈达,2010,高层,"征仪路,近跃兴街",126.6334337,45.67564863,1.0,30.0,,866,公寓住宅,民用,7.4,12,0.0,7716.0,Heilongjiang,Haerbin,Nangang,Heilongjiang-Haerbin
262271,宏宇佳园,哈尔滨,南岗,哈达,2001,多层,电缆路311号,126.6116333,45.66696749,1.0,33.1,,570,公寓住宅,民用,7.7,12,0.0,8880.0,Heilongjiang,Haerbin,Nangang,Heilongjiang-Haerbin
262262,爱达壹号(B区),哈尔滨,南岗,哈达,2019,高层,复旦街,126.5963958,45.69152308,1.0,30.0,,892,公寓住宅,民用,8.7,12,0.0,12514.0,Heilongjiang,Haerbin,Nangang,Heilongjiang-Haerbin
262284,学府路388号综合楼,哈尔滨,南岗,哈达,2002,小高层,学府路388号,126.6171838,45.66452872,1.0,30.0,,237,公寓住宅,民用,7.1,12,0.0,8600.0,Heilongjiang,Haerbin,Nangang,Heilongjiang-Haerbin
262302,东辉明珠园,哈尔滨,南岗,哈西大街,2015,多层,中兴大道555号,126.580173,45.70139898,1.0,31.0,,1508,公寓住宅,民用,8.4,12,-0.05,12571.0,Heilongjiang,Haerbin,Nangang,Heilongjiang-Haerbin
262301,天悦国际,哈尔滨,南岗,哈西大街,2014,小高层|高层,哈西大街310号,126.5899772,45.70732839,1.0,36.0,,3151,公寓住宅,民用,8.4,12,0.55,12481.0,Heilongjiang,Haerbin,Nangang,Heilongjiang-Haerbin
262300,金域蓝城,哈尔滨,南岗,哈西大街,2015,高层,哈尔滨大街1号,126.5843409,45.71269756,,32.27,,3494,公寓住宅,民用,8.2,12,0.19,12870.0,Heilongjiang,Haerbin,Nangang,Heilongjiang-Haerbin
262299,悦城,哈尔滨,南岗,哈西大街,2012,多层|小高层|高层,哈西大街101号,126.5844465,45.70664991,1.0,40.0,,3751,公寓住宅,民用,8.2,12,0.28,15744.0,Heilongjiang,Haerbin,Nangang,Heilongjiang-Haerbin
262298,铁路小区(南岗),哈尔滨,南岗,哈达,2000,多层|小高层,兴南路26号,126.6198863,45.66869699,1.0,30.0,,1064,公寓住宅,民用,7.4,12,0.0,7575.0,Heilongjiang,Haerbin,Nangang,Heilongjiang-Haerbin
262297,哈药小区(南岗),哈尔滨,南岗,哈达,2000,多层,复旦街14号,126.59901,45.69473514,1.0,35.0,,706,公寓住宅,民用,8.2,12,0.0,10000.0,Heilongjiang,Haerbin,Nangang,Heilongjiang-Haerbin
262296,兴南小区,哈尔滨,南岗,哈达,2000,多层,兴南路61号,126.6230959,45.66831955,1.0,30.0,,402,公寓住宅,民用,7.3,12,0.0,6101.0,Heilongjiang,Haerbin,Nangang,Heilongjiang-Haerbin
262295,红星学府,哈尔滨,南岗,哈达,2012,小高层,学府路290号,126.6121957,45.69034966,1.0,30.0,,451,公寓住宅,民用,8.0,12,0.0,9364.0,Heilongjiang,Haerbin,Nangang,Heilongjiang-Haerbin
262283,哈药总厂家属楼,哈尔滨,南岗,哈达,1998,小高层,学府路123号,126.6093353,45.69208959,1.0,20.0,,0,公寓住宅,民用,7.3,12,0.0,6000.0,Heilongjiang,Haerbin,Nangang,Heilongjiang-Haerbin
262294,科府瑞城,哈尔滨,南岗,哈达,2010,高层,学府路316号,126.6160053,45.68715533,1.0,30.0,,402,公寓住宅,民用,7.5,12,0.0,10000.0,Heilongjiang,Haerbin,Nangang,Heilongjiang-Haerbin
262292,铁路肿瘤医院家属区,哈尔滨,南岗,哈达,1992,多层,哈平路170号,126.642091,45.67145281,1.0,20.0,,234,公寓住宅,民用,7.1,12,0.0,6790.0,Heilongjiang,Haerbin,Nangang,Heilongjiang-Haerbin
262291,糖业研究所家属楼,哈尔滨,南岗,哈达,2000,小高层,学府路333号,126.6154473,45.66123378,1.0,30.0,,312,公寓住宅,民用,7.4,12,0.0,7265.0,Heilongjiang,Haerbin,Nangang,Heilongjiang-Haerbin
262290,黑龙江省旅游职业技术学院家属楼,哈尔滨,南岗,哈达,2003,小高层,学府路315号,126.6116061,45.6650901,1.0,30.0,,189,公寓住宅,民用,7.0,12,0.0,8666.0,Heilongjiang,Haerbin,Nangang,Heilongjiang-Haerbin
262289,同济街130号小区,哈尔滨,南岗,哈达,2002,小高层,同济街130号,126.6045067,45.68665822,1.0,30.0,,644,公寓住宅,民用,7.7,12,0.0,7145.0,Heilongjiang,Haerbin,Nangang,Heilongjiang-Haerbin
262288,哈药宿舍,哈尔滨,南岗,哈达,2002,小高层,学府路109号,126.6097685,45.69325188,1.0,30.0,,202,公寓住宅,民用,8.0,12,0.0,11000.0,Heilongjiang,Haerbin,Nangang,Heilongjiang-Haerbin
262287,黑龙江护理高等专科学校家属楼,哈尔滨,南岗,哈达,1991,小高层,学府路209号,126.6106163,45.6864313,1.0,20.0,,193,公寓住宅,民用,7.6,12,0.0,6578.0,Heilongjiang,Haerbin,Nangang,Heilongjiang-Haerbin
262286,尤家街92-3号小区,哈尔滨,南岗,哈达,2000,小高层,尤家街92-3号,126.5932885,45.70365337,1.0,30.0,,112,公寓住宅,民用,7.4,12,0.0,9000.0,Heilongjiang,Haerbin,Nangang,Heilongjiang-Haerbin
262285,学府路390号小区,哈尔滨,南岗,哈达,1991,小高层,学府路390号,126.6170552,45.66496567,1.0,20.0,,0,公寓住宅,民用,7.1,12,0.0,6875.0,Heilongjiang,Haerbin,Nangang,Heilongjiang-Haerbin
262293,旅游职业技术学院二校区住宅楼,哈尔滨,南岗,哈达,2000,多层,电缆街173号,126.6073508,45.66769168,1.0,30.0,,720,公寓住宅,民用,7.5,12,0.0,7066.0,Heilongjiang,Haerbin,Nangang,Heilongjiang-Haerbin
262261,阳光家园(四期),哈尔滨,南岗,哈达,2013,高层,"王岗大街,近哈西大街",126.5892787,45.68086665,1.0,30.0,,1170,公寓住宅,民用,7.6,12,-0.15,9350.0,Heilongjiang,Haerbin,Nangang,Heilongjiang-Haerbin
262260,明园丽景,哈尔滨,南岗,哈达,2005,多层,电缆街107号,126.6107779,45.66669573,1.0,26.0,,866,公寓住宅,民用,7.6,12,-11.09,7971.0,Heilongjiang,Haerbin,Nangang,Heilongjiang-Haerbin
262259,学府星城,哈尔滨,南岗,哈达,1990,多层,电缆街87号,126.6129445,45.66772558,1.0,20.0,,1564,公寓住宅,民用,7.3,12,0.18,8295.0,Heilongjiang,Haerbin,Nangang,Heilongjiang-Haerbin
263053,鸿景兴园,哈尔滨,南岗,和兴路,2008,小高层,和兴路189-5号,126.603404,45.72798018,1.0,40.0,,993,公寓住宅,民用,8.1,12,-0.44,9543.0,Heilongjiang,Haerbin,Nangang,Heilongjiang-Haerbin
263054,文化帝景,哈尔滨,南岗,和兴路,2015,高层,和兴路96号,126.6128637,45.72882352,1.0,30.0,,198,公寓住宅,民用,8.6,12,0.01,21166.0,Heilongjiang,Haerbin,Nangang,Heilongjiang-Haerbin
263055,沙曼三街区,哈尔滨,南岗,和兴路,1993,小高层,三道街68号,126.6131604,45.72441063,1.0,32.0,,998,公寓住宅,民用,8.2,12,0.04,8631.0,Heilongjiang,Haerbin,Nangang,Heilongjiang-Haerbin
263056,林兴小区,哈尔滨,南岗,和兴路,1996,小高层,林兴路18号,126.6212002,45.7212753,1.0,35.0,,1149,公寓住宅,民用,7.9,12,-2.52,6806.0,Heilongjiang,Haerbin,Nangang,Heilongjiang-Haerbin
263057,仪兴小区(西区),哈尔滨,南岗,和兴路,2008,多层|小高层,电兴街20号,126.601462,45.72665288,1.0,38.0,,2541,公寓住宅,民用,7.9,12,0.06,9037.0,Heilongjiang,Haerbin,Nangang,Heilongjiang-Haerbin
263058,恒祥城(三期),哈尔滨,南岗,和兴路,2012,多层|高层,"和兴路,近铁路街",126.6032576,45.73147643,1.0,31.36,,1290,公寓住宅,民用,8.6,12,-1.39,12316.0,Heilongjiang,Haerbin,Nangang,Heilongjiang-Haerbin
263059,利兴小区,哈尔滨,南岗,和兴路,1995,小高层,林兴路53号,126.6173923,45.71871153,1.0,36.0,,1221,公寓住宅,民用,7.8,12,1.11,8246.0,Heilongjiang,Haerbin,Nangang,Heilongjiang-Haerbin
263060,沙曼小区六街区,哈尔滨,南岗,和兴路,1999,多层|高层,和兴七道街6号,126.6139301,45.72181243,1.0,20.0,,1491,公寓住宅,民用,7.8,12,0.0,8400.0,Heilongjiang,Haerbin,Nangang,Heilongjiang-Haerbin
263052,教工之家,哈尔滨,南岗,和兴路,1996,多层,中兴街14号,126.6155664,45.72525276,1.0,20.0,,904,公寓住宅,民用,8.2,12,-1.3,20442.0,Heilongjiang,Haerbin,Nangang,Heilongjiang-Haerbin
263061,焊接小区,哈尔滨,南岗,和兴路,1998,多层,"苗圃街114-1号,松罗堡街33号",126.6236874,45.72834231,1.0,20.0,,845,公寓住宅,民用,8.1,12,0.17,11573.0,Heilongjiang,Haerbin,Nangang,Heilongjiang-Haerbin
263063,和兴头道街20号小区,哈尔滨,南岗,和兴路,1991,小高层,和兴头道街20号,126.6159378,45.72617149,1.0,20.0,,78,公寓住宅,民用,8.1,12,0.0,26333.0,Heilongjiang,Haerbin,Nangang,Heilongjiang-Haerbin
263064,苗圃小区(D区),哈尔滨,南岗,和兴路,2004,小高层,六合街37号,126.6250924,45.73279071,1.0,20.0,,504,公寓住宅,民用,7.8,12,0.0,12800.0,Heilongjiang,Haerbin,Nangang,Heilongjiang-Haerbin
263065,沙曼小区五街区,哈尔滨,南岗,和兴路,1993,小高层,振兴街40号,126.6118603,45.72254723,1.0,32.0,,1119,公寓住宅,民用,7.9,12,0.0,7659.0,Heilongjiang,Haerbin,Nangang,Heilongjiang-Haerbin
263066,沙曼小区一街区,哈尔滨,南岗,和兴路,1993,小高层,西大直街466号,126.6076436,45.72573496,1.0,32.0,,1090,公寓住宅,民用,8.5,12,0.0,10144.0,Heilongjiang,Haerbin,Nangang,Heilongjiang-Haerbin
263067,苗圃小区(B区),哈尔滨,南岗,和兴路,2004,小高层,七政街5号,126.6226598,45.73012263,1.0,30.0,,1428,公寓住宅,民用,8.3,12,-0.01,13969.0,Heilongjiang,Haerbin,Nangang,Heilongjiang-Haerbin
263068,振兴街28号小区,哈尔滨,南岗,和兴路,1992,多层,振兴街28号,126.6140038,45.72628194,1.0,20.0,,187,公寓住宅,民用,8.2,12,0.05,22302.0,Heilongjiang,Haerbin,Nangang,Heilongjiang-Haerbin
263069,沙曼小区二街区,哈尔滨,南岗,和兴路,1993,小高层,和兴三道街104号,126.6100721,45.72579216,1.0,32.0,,665,公寓住宅,民用,8.1,12,0.0,8285.0,Heilongjiang,Haerbin,Nangang,Heilongjiang-Haerbin
263070,黑龙江现代文化艺术产业园,哈尔滨,南岗,和兴路,2016,高层,和兴路50号,126.6206011,45.72368866,1.0,30.0,,1160,公寓住宅,民用,8.0,12,0.24,23424.0,Heilongjiang,Haerbin,Nangang,Heilongjiang-Haerbin
263062,和兴小区,哈尔滨,南岗,和兴路,2002,小高层,"清滨路,近振兴路",126.6231212,45.72774767,1.0,38.0,,388,公寓住宅,民用,8.1,12,0.0,8199.0,Heilongjiang,Haerbin,Nangang,Heilongjiang-Haerbin
263051,和兴名家,哈尔滨,南岗,和兴路,2002,多层,振兴街2号,126.6158219,45.72801882,1.0,36.0,,367,公寓住宅,民用,8.4,12,-0.34,22986.0,Heilongjiang,Haerbin,Nangang,Heilongjiang-Haerbin
263050,林海华庭,哈尔滨,南岗,和兴路,2011,高层,林兴路28号,126.6197697,45.71865036,1.0,35.0,,760,公寓住宅,民用,8.0,12,0.0,14272.0,Heilongjiang,Haerbin,Nangang,Heilongjiang-Haerbin
263049,世纪嘉园,哈尔滨,南岗,和兴路,2012,多层|高层,汉广街122号,126.6179478,45.7316958,1.0,25.0,,673,公寓住宅,民用,8.3,12,2.24,13870.0,Heilongjiang,Haerbin,Nangang,Heilongjiang-Haerbin
262258,征仪路花园小区(C区),哈尔滨,南岗,哈达,2006,多层,征仪路557号,126.6333615,45.68190715,1.0,20.3,,2759,公寓住宅,民用,7.5,12,-0.69,7010.0,Heilongjiang,Haerbin,Nangang,Heilongjiang-Haerbin
262257,锦绣华城滨园,哈尔滨,南岗,哈达,2015,高层,前卫大街39号,126.6247978,45.66477773,1.0,20.0,,919,公寓住宅,民用,7.5,12,-1.08,8882.0,Heilongjiang,Haerbin,Nangang,Heilongjiang-Haerbin
262256,城发三环信息苑,哈尔滨,南岗,哈达,2015,多层|小高层,学府路392号,126.6204599,45.66171356,1.0,30.0,207000.0,2052,公寓住宅,民用,7.6,12,-0.29,8643.0,Heilongjiang,Haerbin,Nangang,Heilongjiang-Haerbin
262255,学府名居,哈尔滨,南岗,哈达,2009,多层,学府路219号,126.6146123,45.66848992,1.0,32.0,,1588,公寓住宅,民用,7.5,12,-0.25,8639.0,Heilongjiang,Haerbin,Nangang,Heilongjiang-Haerbin
263034,黑龙江护理高等专科学校家属楼,哈尔滨,南岗,保健路,1991,小高层,学府路209号,126.6106163,45.6864313,1.0,20.0,,193,公寓住宅,民用,7.6,12,0.0,6578.0,Heilongjiang,Haerbin,Nangang,Heilongjiang-Haerbin
263035,学府三道街16-4号小区,哈尔滨,南岗,保健路,2000,小高层,学府三道街16-4号,126.6223834,45.71118999,1.0,30.0,,36,公寓住宅,民用,7.3,12,0.0,6875.0,Heilongjiang,Haerbin,Nangang,Heilongjiang-Haerbin
263036,哈西商厦,哈尔滨,南岗,保健路,2011,高层,中兴大道99号,126.604071,45.7034009,1.0,30.28,,768,公寓住宅,民用,7.5,12,0.0,9285.0,Heilongjiang,Haerbin,Nangang,Heilongjiang-Haerbin
263037,学府三道街42号小区,哈尔滨,南岗,保健路,2005,小高层,学府三道街42号,126.6150927,45.70997731,1.0,30.0,,222,公寓住宅,民用,7.8,12,0.0,9140.0,Heilongjiang,Haerbin,Nangang,Heilongjiang-Haerbin
263038,哈药宿舍,哈尔滨,南岗,保健路,2002,小高层,学府路109号,126.6097685,45.69325188,1.0,30.0,,202,公寓住宅,民用,8.0,12,0.0,11000.0,Heilongjiang,Haerbin,Nangang,Heilongjiang-Haerbin
263039,同济街130号小区,哈尔滨,南岗,保健路,2002,小高层,同济街130号,126.6045067,45.68665822,1.0,30.0,,644,公寓住宅,民用,7.7,12,0.0,7145.0,Heilongjiang,Haerbin,Nangang,Heilongjiang-Haerbin
263040,哈电工仪表所家属小区,哈尔滨,南岗,保健路,2005,小高层,保健副路4号,126.6339143,45.70229613,1.0,30.0,,433,公寓住宅,民用,7.8,12,0.0,7741.0,Heilongjiang,Haerbin,Nangang,Heilongjiang-Haerbin
263041,新华家属楼,哈尔滨,南岗,保健路,2000,小高层,保健路243号,126.6012934,45.69694534,1.0,30.0,,336,公寓住宅,民用,7.8,12,0.0,8750.0,Heilongjiang,Haerbin,Nangang,Heilongjiang-Haerbin
263042,学府二道街13号小区,哈尔滨,南岗,保健路,2010,小高层,学府二道街13号,126.6085527,45.70962376,1.0,30.0,,670,公寓住宅,民用,7.7,12,0.0,7803.0,Heilongjiang,Haerbin,Nangang,Heilongjiang-Haerbin
263043,新城印象,哈尔滨,南岗,保健路,2006,小高层,"保健路,近征仪路",126.626939,45.70290769,1.0,35.0,,96,公寓住宅,民用,8.0,12,0.0,8000.0,Heilongjiang,Haerbin,Nangang,Heilongjiang-Haerbin
263044,双兴小区,哈尔滨,南岗,和兴路,2009,多层|高层,林兴街32号,126.6193703,45.71740352,1.0,32.0,,1066,公寓住宅,民用,7.9,12,0.08,9428.0,Heilongjiang,Haerbin,Nangang,Heilongjiang-Haerbin
263045,清明小区(东区),哈尔滨,南岗,和兴路,1996,多层,清明六道街69-2号,126.6146545,45.73879307,1.0,30.0,,2421,公寓住宅,民用,8.3,12,-0.36,9395.0,Heilongjiang,Haerbin,Nangang,Heilongjiang-Haerbin
263046,和兴路师大家属楼,哈尔滨,南岗,和兴路,1993,多层|小高层,和兴路50号,126.619481,45.72268602,1.0,20.0,,2158,公寓住宅,民用,8.0,12,-1.42,19542.0,Heilongjiang,Haerbin,Nangang,Heilongjiang-Haerbin
263047,北鸿花园,哈尔滨,南岗,和兴路,2010,高层,和兴路97号,126.62215,45.7280748,1.0,20.0,,929,公寓住宅,民用,8.2,12,-3.01,11589.0,Heilongjiang,Haerbin,Nangang,Heilongjiang-Haerbin
263048,仪兴小区(东区),哈尔滨,南岗,和兴路,2008,多层,和兴十一道街28-1号,126.6057785,45.72716035,1.0,38.0,,1881,公寓住宅,民用,8.0,12,-0.1,8976.0,Heilongjiang,Haerbin,Nangang,Heilongjiang-Haerbin
262303,南郡香醍雅诺(一期),哈尔滨,南岗,哈西大街,2012,高层,哈西大街,126.5916312,45.69827869,1.0,36.0,,1492,公寓住宅,民用,8.4,12,-0.35,15796.0,Heilongjiang,Haerbin,Nangang,Heilongjiang-Haerbin
262304,尚熙雅轩,哈尔滨,南岗,哈西大街,2000,高层,哈西大街45号,126.5885322,45.71189126,1.0,20.0,,2176,公寓住宅,民用,8.0,12,-0.27,11544.0,Heilongjiang,Haerbin,Nangang,Heilongjiang-Haerbin
262305,西典家园(南区),哈尔滨,南岗,哈西大街,2008,多层|小高层|高层,学府三道街112-1号,126.5908363,45.70265553,1.0,40.0,,3036,公寓住宅,民用,8.1,12,-0.74,10340.0,Heilongjiang,Haerbin,Nangang,Heilongjiang-Haerbin
262306,柒零捌零城仕公馆,哈尔滨,南岗,哈西大街,2012,高层,哈尔滨大街1号,126.5841315,45.71449266,1.0,25.0,,2322,公寓住宅,民用,8.2,12,-0.44,13198.0,Heilongjiang,Haerbin,Nangang,Heilongjiang-Haerbin
262372,学府花园,哈尔滨,南岗,学府,2002,小高层,学府三道街27号,126.6180618,45.71245403,1.0,30.0,,1444,公寓住宅,民用,7.7,12,3.54,8546.0,Heilongjiang,Haerbin,Nangang,Heilongjiang-Haerbin
262371,科大安居小区,哈尔滨,南岗,学府,2001,小高层,学兴路62号,126.6211279,45.71450442,1.0,20.0,,3189,公寓住宅,民用,7.9,12,-0.77,8026.0,Heilongjiang,Haerbin,Nangang,Heilongjiang-Haerbin
262370,盛世桃园,哈尔滨,南岗,学府,2002,多层,自兴街10-3号,126.5996625,45.71874463,,36.0,,1064,公寓住宅,民用,7.9,12,0.03,10209.0,Heilongjiang,Haerbin,Nangang,Heilongjiang-Haerbin
262369,福顺尚都,哈尔滨,南岗,学府,2007,高层,清华大街63号,126.6026021,45.71671286,1.0,35.0,,2961,公寓住宅,民用,8.3,12,-1.3,11559.0,Heilongjiang,Haerbin,Nangang,Heilongjiang-Haerbin
262368,学府经典(二期),哈尔滨,南岗,学府,2019,超高层,测绘路122号,126.617137,45.71467534,1.0,30.0,620000.0,2928,公寓住宅,民用,8.3,12,-0.28,15886.0,Heilongjiang,Haerbin,Nangang,Heilongjiang-Haerbin
262365,信恒现代城雅园,哈尔滨,南岗,信恒现代城,2004,高层,黄河路185号,126.7064187,45.7562111,1.0,30.0,,352,公寓住宅,民用,8.3,12,0.0,12121.0,Heilongjiang,Haerbin,Nangang,Heilongjiang-Haerbin
262364,信恒现代城园园,哈尔滨,南岗,信恒现代城,2004,高层,黄河路187号,126.7074328,45.75653118,1.0,30.0,,372,公寓住宅,民用,8.3,12,-0.49,10275.0,Heilongjiang,Haerbin,Nangang,Heilongjiang-Haerbin
262363,信恒现代城富园,哈尔滨,南岗,信恒现代城,2004,高层,南直路257号,126.7043643,45.75824948,1.0,30.0,,581,公寓住宅,民用,8.4,12,-0.61,10110.0,Heilongjiang,Haerbin,Nangang,Heilongjiang-Haerbin
262373,征仪路花园小区(A区),哈尔滨,南岗,学府,2006,多层,科研街140号,126.6347354,45.68869547,1.0,30.0,,3290,公寓住宅,民用,7.7,12,0.26,7105.0,Heilongjiang,Haerbin,Nangang,Heilongjiang-Haerbin
262362,信恒现代城馨园,哈尔滨,南岗,信恒现代城,2004,小高层|高层,黄河路274号,126.7066406,45.75485077,1.0,30.0,,630,公寓住宅,民用,8.3,12,0.0,11495.0,Heilongjiang,Haerbin,Nangang,Heilongjiang-Haerbin
262360,信恒现代城豪园,哈尔滨,南岗,信恒现代城,2004,小高层|高层,黄河路165号,126.7049416,45.75621631,1.0,30.0,,522,公寓住宅,民用,8.3,12,0.11,11132.0,Heilongjiang,Haerbin,Nangang,Heilongjiang-Haerbin
262359,阳光绿色家园,哈尔滨,南岗,信恒现代城,2000,多层|小高层,南直路279号,126.7061645,45.76141088,1.0,20.0,,1795,公寓住宅,民用,7.7,12,-0.42,10874.0,Heilongjiang,Haerbin,Nangang,Heilongjiang-Haerbin
262357,公园丽景(南岗),哈尔滨,南岗,信恒现代城,2010,高层,泰山北路16号,126.6957034,45.75577022,1.0,30.0,,620,公寓住宅,民用,8.3,12,-0.66,15075.0,Heilongjiang,Haerbin,Nangang,Heilongjiang-Haerbin
262356,信恒现代城文园,哈尔滨,南岗,信恒现代城,2004,多层,海河东路,126.7057516,45.75819599,1.0,30.0,,417,公寓住宅,民用,8.3,12,0.0,11891.0,Heilongjiang,Haerbin,Nangang,Heilongjiang-Haerbin
262355,信恒花园,哈尔滨,南岗,信恒现代城,2005,小高层,黄河路188号,126.6874304,45.75236405,1.0,20.0,,784,公寓住宅,民用,8.4,12,2.52,8798.0,Heilongjiang,Haerbin,Nangang,Heilongjiang-Haerbin
262354,信恒现代城清园,哈尔滨,南岗,信恒现代城,2004,多层,黄河路238号,126.7052875,45.75480698,1.0,30.0,,602,公寓住宅,民用,8.4,12,0.0,11313.0,Heilongjiang,Haerbin,Nangang,Heilongjiang-Haerbin
262353,信恒现代城家园,哈尔滨,南岗,信恒现代城,2004,小高层|高层,南直路269号,126.7070191,45.75825991,1.0,30.0,,399,公寓住宅,民用,8.3,12,0.0,10859.0,Heilongjiang,Haerbin,Nangang,Heilongjiang-Haerbin
262361,信恒现代城美园,哈尔滨,南岗,信恒现代城,2004,高层,黄河路232号,126.7040919,45.75438983,1.0,30.0,,1026,公寓住宅,民用,8.3,12,0.07,10572.0,Heilongjiang,Haerbin,Nangang,Heilongjiang-Haerbin
262374,学府名苑(南岗),哈尔滨,南岗,学府,2007,多层,西大直街540号,126.6052703,45.7222231,1.0,30.0,,793,公寓住宅,民用,8.0,12,0.0,11785.0,Heilongjiang,Haerbin,Nangang,Heilongjiang-Haerbin
262375,英伦名邸,哈尔滨,南岗,学府,2011,高层,学府路239号,126.6092797,45.68323738,1.0,41.03,,2556,公寓住宅,民用,7.9,12,-0.8,10218.0,Heilongjiang,Haerbin,Nangang,Heilongjiang-Haerbin
262376,黑大家属楼小区,哈尔滨,南岗,学府,1995,多层,"学府路,近学府道三街",126.6114471,45.70859024,1.0,20.0,,2528,公寓住宅,民用,7.7,12,0.0,9765.0,Heilongjiang,Haerbin,Nangang,Heilongjiang-Haerbin
262395,哈尔滨医科大学家属区,哈尔滨,南岗,学府,1987,多层,学府路194-1号,126.6109687,45.70055333,1.0,20.0,,0,公寓住宅,民用,7.8,12,0.0,8725.0,Heilongjiang,Haerbin,Nangang,Heilongjiang-Haerbin
262394,投资专科学校家属楼,哈尔滨,南岗,学府,2002,小高层,学府三道街7号,126.6211048,45.71211197,1.0,30.0,,264,公寓住宅,民用,7.7,12,0.0,8783.0,Heilongjiang,Haerbin,Nangang,Heilongjiang-Haerbin
262393,中科院家属楼(南岗),哈尔滨,南岗,学府,1990,小高层,保健路2号,126.6363987,45.69812762,1.0,20.0,,210,公寓住宅,民用,7.7,12,0.0,8000.0,Heilongjiang,Haerbin,Nangang,Heilongjiang-Haerbin
262392,中国农业银行培训学校家属楼,哈尔滨,南岗,学府,2015,小高层,学府三道街5号,126.6211831,45.71301237,1.0,30.0,,133,公寓住宅,民用,7.8,12,0.0,7500.0,Heilongjiang,Haerbin,Nangang,Heilongjiang-Haerbin
262391,地矿花园,哈尔滨,南岗,学府,2000,多层,延兴路72号,126.6108569,45.71832036,1.0,32.0,,756,公寓住宅,民用,8.0,12,0.0,9382.0,Heilongjiang,Haerbin,Nangang,Heilongjiang-Haerbin
262390,牛房小区(一期),哈尔滨,南岗,学府,1989,多层,和兴十一道街2号,126.5997266,45.72563337,1.0,35.0,,1902,公寓住宅,民用,8.0,12,0.0,8499.0,Heilongjiang,Haerbin,Nangang,Heilongjiang-Haerbin
262389,大众新城(东区),哈尔滨,南岗,学府,2007,多层|小高层,征仪路435号,126.6309566,45.69136253,1.0,40.0,,276,公寓住宅,民用,8.2,12,0.0,9423.0,Heilongjiang,Haerbin,Nangang,Heilongjiang-Haerbin
262388,生态学院家属楼(南岗),哈尔滨,南岗,学府,2001,多层,"学府三道街36号,近测绘路",126.6171632,45.71068611,1.0,30.0,,507,公寓住宅,民用,8.0,12,0.0,7877.0,Heilongjiang,Haerbin,Nangang,Heilongjiang-Haerbin
262387,金汇大厦,哈尔滨,南岗,学府,2000,高层,保健副路41号,126.6285215,45.70053866,1.0,30.0,,360,公寓住宅,民用,7.8,12,0.0,8243.0,Heilongjiang,Haerbin,Nangang,Heilongjiang-Haerbin
262386,理工家属楼(南岗),哈尔滨,南岗,学府,1991,多层,学府头道街52号,126.6098159,45.71506826,1.0,20.0,,1161,公寓住宅,民用,7.7,12,0.0,8229.0,Heilongjiang,Haerbin,Nangang,Heilongjiang-Haerbin
262385,学府绿景苑,哈尔滨,南岗,学府,2006,多层,保健路142号,126.6233539,45.69326187,1.0,30.0,,1118,公寓住宅,民用,7.8,12,-2.13,6701.0,Heilongjiang,Haerbin,Nangang,Heilongjiang-Haerbin
262384,学府经典(一期),哈尔滨,南岗,学府,2016,高层,延兴路54号,126.6160848,45.71714371,1.0,30.0,,375,公寓住宅,民用,8.8,12,-0.84,15428.0,Heilongjiang,Haerbin,Nangang,Heilongjiang-Haerbin
262383,康宁小区,哈尔滨,南岗,学府,2001,小高层,康宁路45号,126.6003954,45.72379918,1.0,20.0,,835,公寓住宅,民用,8.0,12,0.0,8457.0,Heilongjiang,Haerbin,Nangang,Heilongjiang-Haerbin
262382,景苑公寓,哈尔滨,南岗,学府,2000,高层,延兴路35号,126.612372,45.71966741,1.0,20.0,,682,公寓住宅,民用,7.9,12,0.0,12321.0,Heilongjiang,Haerbin,Nangang,Heilongjiang-Haerbin
262381,北华家园,哈尔滨,南岗,学府,2013,超高层,学府三道街34号,126.6180017,45.71073747,1.0,28.8,,264,公寓住宅,民用,8.2,12,-1.16,11620.0,Heilongjiang,Haerbin,Nangang,Heilongjiang-Haerbin
262380,健康家园,哈尔滨,南岗,学府,2008,多层|小高层|高层,保健路102号,126.6243501,45.69498044,1.0,35.0,,1113,公寓住宅,民用,7.9,12,0.0,8176.0,Heilongjiang,Haerbin,Nangang,Heilongjiang-Haerbin
262379,学府尚居,哈尔滨,南岗,学府,2014,高层,学府三道街44号,126.6141108,45.71045893,1.0,30.0,,451,公寓住宅,民用,8.4,12,-1.55,12539.0,Heilongjiang,Haerbin,Nangang,Heilongjiang-Haerbin
262378,金源花园,哈尔滨,南岗,学府,2010,多层|高层,长江路179号,126.6851334,45.74911519,1.0,20.0,,778,公寓住宅,民用,8.2,12,0.25,9527.0,Heilongjiang,Haerbin,Nangang,Heilongjiang-Haerbin
262377,学府经典(三期),哈尔滨,南岗,学府,2019,高层,学兴路1号,126.6183212,45.7162834,1.0,30.0,,4163,公寓住宅,民用,8.3,12,-1.12,14918.0,Heilongjiang,Haerbin,Nangang,Heilongjiang-Haerbin
262352,信恒现代城丽园,哈尔滨,南岗,信恒现代城,2004,小高层,海河东路41号,126.7060456,45.75956706,1.0,30.0,,668,公寓住宅,民用,8.3,12,0.0,12518.0,Heilongjiang,Haerbin,Nangang,Heilongjiang-Haerbin
263071,清明小区(西区),哈尔滨,南岗,和兴路,1996,小高层,清明二道街74号,126.609297,45.73705334,1.0,30.0,,912,公寓住宅,民用,8.3,12,0.0,8385.0,Heilongjiang,Haerbin,Nangang,Heilongjiang-Haerbin
262347,盟科视界,哈尔滨,南岗,信恒现代城,2012,高层,南直路181号,126.7071166,45.75269849,1.0,45.0,,3177,公寓住宅,民用,8.2,12,0.08,12624.0,Heilongjiang,Haerbin,Nangang,Heilongjiang-Haerbin
262328,文景小区(南岗),哈尔滨,南岗,文昌街,1997,小高层,文景街104号,126.642816,45.73922094,1.0,30.0,,577,公寓住宅,民用,7.8,12,0.0,7004.0,Heilongjiang,Haerbin,Nangang,Heilongjiang-Haerbin
262327,文林街21号小区,哈尔滨,南岗,文昌街,2002,小高层,文林街21号,126.6402077,45.73719874,1.0,30.0,,492,公寓住宅,民用,8.0,12,0.0,7571.0,Heilongjiang,Haerbin,Nangang,Heilongjiang-Haerbin
262326,文敏街小区(文敏街14号-18号(双号)),哈尔滨,南岗,文昌街,2002,小高层,文敏街14号-18号(双号),126.6529341,45.7407907,1.0,30.0,,101,公寓住宅,民用,8.0,12,0.0,9555.0,Heilongjiang,Haerbin,Nangang,Heilongjiang-Haerbin
262322,文景街副98号小区,哈尔滨,南岗,文昌街,1991,小高层,文景街副98号,126.6431384,45.73621673,1.0,20.0,,216,公寓住宅,民用,7.6,12,0.0,8793.0,Heilongjiang,Haerbin,Nangang,Heilongjiang-Haerbin
262321,文林小区,哈尔滨,南岗,文昌街,1998,多层|高层,文林街16号,126.6384416,45.73815336,1.0,35.59,,769,公寓住宅,民用,7.9,12,0.0,7692.0,Heilongjiang,Haerbin,Nangang,Heilongjiang-Haerbin
262319,文君花园,哈尔滨,南岗,文昌街,2000,多层,文君街55号,126.6327035,45.73869704,1.0,32.0,,879,公寓住宅,民用,8.1,12,-6.47,8240.0,Heilongjiang,Haerbin,Nangang,Heilongjiang-Haerbin
262318,文林电力花园,哈尔滨,南岗,文昌街,1997,小高层,文成街31号,126.6387434,45.74029594,1.0,35.2,,860,公寓住宅,民用,8.0,12,0.0,8523.0,Heilongjiang,Haerbin,Nangang,Heilongjiang-Haerbin
262317,天马世纪花园,哈尔滨,南岗,文昌街,2013,多层|高层,文库街10号,126.6361954,45.73753941,1.0,20.0,,590,公寓住宅,民用,8.0,12,0.0,8403.0,Heilongjiang,Haerbin,Nangang,Heilongjiang-Haerbin
262331,文林街46号小区,哈尔滨,南岗,文昌街,2002,小高层,文林街46号,126.6393596,45.74086608,1.0,30.0,,0,公寓住宅,民用,7.7,12,0.0,8106.0,Heilongjiang,Haerbin,Nangang,Heilongjiang-Haerbin
262316,文海溪畔,哈尔滨,南岗,文昌街,2013,超高层,文道街56号,126.6388045,45.74364464,1.0,20.0,,2917,公寓住宅,民用,8.2,12,-0.75,11259.0,Heilongjiang,Haerbin,Nangang,Heilongjiang-Haerbin
262314,中海文昌公馆,哈尔滨,南岗,文昌街,2018,超高层,文昌街158号,126.6398475,45.73322736,1.0,40.0,260000.0,2421,公寓住宅,民用,8.1,12,-0.68,16418.0,Heilongjiang,Haerbin,Nangang,Heilongjiang-Haerbin
262313,华闻大厦,哈尔滨,南岗,哈西大街,2012,高层,哈西大街297号,126.5875019,45.70372703,1.0,30.0,,330,商住楼,商用,8.3,12,0.0,11400.0,Heilongjiang,Haerbin,Nangang,Heilongjiang-Haerbin
262312,学府四道街17号小区,哈尔滨,南岗,哈西大街,2002,多层,学府四道街17号,126.5933494,45.70269333,,30.0,,54,公寓住宅,民用,7.4,12,0.0,11000.0,Heilongjiang,Haerbin,Nangang,Heilongjiang-Haerbin
262310,西典家园(北区),哈尔滨,南岗,哈西大街,2008,多层|小高层|高层,哈西大街36号,126.5905548,45.70559535,1.0,40.0,,1679,公寓住宅,民用,8.2,12,0.24,10261.0,Heilongjiang,Haerbin,Nangang,Heilongjiang-Haerbin
262309,南郡香醍雅诺(二期),哈尔滨,南岗,哈西大街,2012,高层,哈西大街536号,126.5924203,45.69574751,1.0,36.0,,1943,公寓住宅,民用,8.4,12,-0.81,17538.0,Heilongjiang,Haerbin,Nangang,Heilongjiang-Haerbin
262308,西城丽景,哈尔滨,南岗,哈西大街,2013,高层,哈西大街59号,126.5865352,45.70940057,1.0,32.0,,570,公寓住宅,民用,8.2,12,-0.71,11723.0,Heilongjiang,Haerbin,Nangang,Heilongjiang-Haerbin
262307,鸿朗花园(二期),哈尔滨,南岗,哈西大街,2008,多层|小高层,"尤家街,近南开街",126.5932775,45.70686725,1.0,20.0,,4906,公寓住宅,民用,8.1,12,0.77,8770.0,Heilongjiang,Haerbin,Nangang,Heilongjiang-Haerbin
262315,宏泽中央公园,哈尔滨,南岗,文昌街,2014,高层,文昌街223号,126.6373585,45.73321659,1.0,35.0,210000.0,692,公寓住宅,民用,7.9,12,0.0,11064.0,Heilongjiang,Haerbin,Nangang,Heilongjiang-Haerbin
262332,文明街46号小区,哈尔滨,南岗,文昌街,1993,多层,文明街46号,126.6449143,45.74324598,1.0,20.0,,36,公寓住宅,民用,7.7,12,0.0,8547.0,Heilongjiang,Haerbin,Nangang,Heilongjiang-Haerbin
262335,文成街3号小区,哈尔滨,南岗,文昌街,2000,小高层,文成街3号,126.6410145,45.73930995,1.0,30.0,,126,公寓住宅,民用,7.6,12,0.0,7179.0,Heilongjiang,Haerbin,Nangang,Heilongjiang-Haerbin
262337,"文化街小区(86号,96号)",哈尔滨,南岗,文昌街,2012,小高层,"文化街86号,96号",126.6455312,45.74216212,1.0,30.0,,219,公寓住宅,民用,7.6,12,0.0,8647.0,Heilongjiang,Haerbin,Nangang,Heilongjiang-Haerbin
262935,崇乐街5号小区,哈尔滨,南岗,儿童公园,2002,小高层,崇乐街5号,126.6452973,45.75213898,1.0,30.0,,148,公寓住宅,民用,8.3,12,0.0,10000.0,Heilongjiang,Haerbin,Nangang,Heilongjiang-Haerbin
262934,"马家街小区(国民街27号,29号,马家街85号)",哈尔滨,南岗,儿童公园,1991,多层,"国民街27号,29号,马家街85号",126.6416793,45.75441463,1.0,20.0,,148,公寓住宅,民用,8.4,12,0.0,12500.0,Heilongjiang,Haerbin,Nangang,Heilongjiang-Haerbin
262933,人和街95号小区,哈尔滨,南岗,儿童公园,2000,小高层,人和街95号,126.6496614,45.7535722,1.0,30.0,,133,公寓住宅,民用,8.3,12,0.0,10842.0,Heilongjiang,Haerbin,Nangang,Heilongjiang-Haerbin
262932,三姓街小区(98号-106号(双号)),哈尔滨,南岗,儿童公园,1991,小高层,98号-106号(双号),126.6501172,45.76608413,1.0,20.0,,254,公寓住宅,民用,8.4,12,0.0,16368.0,Heilongjiang,Haerbin,Nangang,Heilongjiang-Haerbin
262931,比乐街67号小区,哈尔滨,南岗,儿童公园,2012,小高层,比乐街67号,126.654107,45.75527868,1.0,30.0,,245,公寓住宅,民用,8.2,12,0.0,8333.0,Heilongjiang,Haerbin,Nangang,Heilongjiang-Haerbin
262930,中和街82号小区,哈尔滨,南岗,儿童公园,1991,多层,中和街82号,126.6540213,45.75551196,1.0,20.0,,126,公寓住宅,民用,8.1,12,0.0,7500.0,Heilongjiang,Haerbin,Nangang,Heilongjiang-Haerbin
262346,省电台家属楼,哈尔滨,南岗,文昌街,2015,高层,文林街11号,126.6380788,45.7346639,1.0,30.0,,581,公寓住宅,民用,7.8,12,0.0,8983.0,Heilongjiang,Haerbin,Nangang,Heilongjiang-Haerbin
262345,文道雅居,哈尔滨,南岗,文昌街,2000,多层,文昌街229号,126.636132,45.73241626,1.0,20.0,,229,公寓住宅,民用,7.5,12,0.0,8441.0,Heilongjiang,Haerbin,Nangang,Heilongjiang-Haerbin
262343,文成街8号小区,哈尔滨,南岗,文昌街,1990,小高层,文成街8号,126.640437,45.7388055,1.0,20.0,,160,公寓住宅,民用,7.8,12,0.0,7955.0,Heilongjiang,Haerbin,Nangang,Heilongjiang-Haerbin
262341,邮政家属楼(文昌),哈尔滨,南岗,文昌街,2005,小高层,文昌街120号,126.6430768,45.73749227,1.0,30.0,,168,公寓住宅,民用,7.8,12,0.0,8435.0,Heilongjiang,Haerbin,Nangang,Heilongjiang-Haerbin
262340,文化街129号小区,哈尔滨,南岗,文昌街,2012,小高层,文化街129号,126.6458098,45.74175989,1.0,30.0,,60,公寓住宅,民用,7.7,12,0.0,8962.0,Heilongjiang,Haerbin,Nangang,Heilongjiang-Haerbin
262339,文敏街小区(文敏街4号-8号(双号)),哈尔滨,南岗,文昌街,2004,小高层,文敏街4号-8号(双号),126.6534553,45.74109312,1.0,30.0,,60,公寓住宅,民用,7.6,12,0.0,7777.0,Heilongjiang,Haerbin,Nangang,Heilongjiang-Haerbin
262338,文景街107号小区,哈尔滨,南岗,文昌街,1991,小高层,文景街107号,126.6442338,45.7420478,1.0,20.0,,96,公寓住宅,民用,7.4,12,0.0,8352.0,Heilongjiang,Haerbin,Nangang,Heilongjiang-Haerbin
262396,学府路47-49号小区,哈尔滨,南岗,学府,1998,小高层,学府路47-49号,126.6045919,45.70643578,1.0,20.0,,432,公寓住宅,民用,7.9,12,0.0,8591.0,Heilongjiang,Haerbin,Nangang,Heilongjiang-Haerbin
263072,"七政街小区(七政街5号,35号,35-1号,39-1号,汉广街102号)",哈尔滨,南岗,和兴路,1991,小高层,"七政街5号,35号,35-1号,39-1号,汉广街102号",126.619388,45.73224398,1.0,20.0,,839,公寓住宅,民用,7.9,12,-0.06,13187.0,Heilongjiang,Haerbin,Nangang,Heilongjiang-Haerbin
262254,学府青年城,哈尔滨,南岗,哈达,2010,高层,学府路319号,126.615767,45.66406276,1.0,42.0,,1258,公寓住宅,民用,7.8,12,-0.45,8690.0,Heilongjiang,Haerbin,Nangang,Heilongjiang-Haerbin
262873,大成街小区,哈尔滨,南岗,儿童公园,1996,小高层,"大成街154-158号(双号),156-1号,辽阳街3号,13号,花园街208号,210号,220-224号(双号)",126.6514134,45.76295621,,20.0,,760,公寓住宅,民用,8.3,12,0.0,10379.0,Heilongjiang,Haerbin,Nangang,Heilongjiang-Haerbin
262872,芦家街51号院,哈尔滨,南岗,儿童公园,1999,小高层,芦家街51号,126.6603901,45.75458128,1.0,20.0,,526,公寓住宅,民用,7.8,12,0.0,9224.0,Heilongjiang,Haerbin,Nangang,Heilongjiang-Haerbin
262871,黑山街小区(黑山街90号-124号(双号)),哈尔滨,南岗,儿童公园,1998,小高层,黑山街90号-124号(双号),126.6534755,45.75174455,1.0,20.0,,174,公寓住宅,民用,7.9,12,0.0,10622.0,Heilongjiang,Haerbin,Nangang,Heilongjiang-Haerbin
262588,中兴阳光家园,哈尔滨,南岗,西大直街,1998,多层,通达街118号,126.6092134,45.73826052,1.0,20.0,,1436,公寓住宅,民用,8.2,12,-0.2,9897.0,Heilongjiang,Haerbin,Nangang,Heilongjiang-Haerbin
262870,光芒街小区(光芒街120号-130号(双号)),哈尔滨,南岗,儿童公园,1990,小高层,光芒街120号-130号(双号),126.6514803,45.74855146,,20.0,,160,公寓住宅,民用,7.6,12,0.0,10112.0,Heilongjiang,Haerbin,Nangang,Heilongjiang-Haerbin
262589,西直小区,哈尔滨,南岗,西大直街,1990,多层|小高层,西大直街461号,126.604031,45.72307505,1.0,33.0,,617,公寓住宅,民用,8.0,12,0.0,11900.0,Heilongjiang,Haerbin,Nangang,Heilongjiang-Haerbin
262869,"邮政街小区(吉林街44-64号(双号),邮政街140-150号(双号),阿什河街65号,65-1号,东大直街299号)",哈尔滨,南岗,儿童公园,1989,多层,"吉林街44-64号(双号),邮政街140-150号(双号),阿什河街65号,65-1号,东大直街299号",126.6396349,45.76096875,1.0,20.0,,704,公寓住宅,民用,8.5,12,0.0,26000.0,Heilongjiang,Haerbin,Nangang,Heilongjiang-Haerbin
262868,中和街小区(中和街52号-56号(双号)),哈尔滨,南岗,儿童公园,1990,多层,中和街52号-56号(双号),126.6558003,45.75677513,1.0,20.0,,122,公寓住宅,民用,8.1,12,0.0,10933.0,Heilongjiang,Haerbin,Nangang,Heilongjiang-Haerbin
262874,邮政街162号小区,哈尔滨,南岗,儿童公园,1991,高层,邮政街162号,126.6394184,45.76085309,1.0,20.0,,198,公寓住宅,民用,8.7,12,0.0,19541.0,Heilongjiang,Haerbin,Nangang,Heilongjiang-Haerbin
262590,清明小区(西区),哈尔滨,南岗,西大直街,1996,小高层,清明二道街74号,126.609297,45.73705334,1.0,30.0,,912,公寓住宅,民用,8.3,12,0.0,8385.0,Heilongjiang,Haerbin,Nangang,Heilongjiang-Haerbin
262591,牛房小区(二期),哈尔滨,南岗,西大直街,1989,小高层,康宁四道街1号,126.6031237,45.72412289,1.0,35.0,,915,公寓住宅,民用,8.3,12,0.0,9634.0,Heilongjiang,Haerbin,Nangang,Heilongjiang-Haerbin
262866,"文教街小区(文教街76号-122号(双号),巴陵街54号-64号(双号),分部街35号-39号(单号),革新街19号-27号(单号))",哈尔滨,南岗,儿童公园,1994,小高层,"文教街76号-122号(双号),巴陵街54号-64号(双号),分部街35号-39号(单号),革新街19号-27号(单号)",126.6565093,45.75275451,1.0,20.0,,1238,公寓住宅,民用,7.8,12,0.0,9666.0,Heilongjiang,Haerbin,Nangang,Heilongjiang-Haerbin
262592,贵新小区,哈尔滨,南岗,西大直街,2000,小高层|高层,贵新街1号,126.6233295,45.73865861,1.0,33.0,,412,公寓住宅,民用,8.4,12,0.0,14666.0,Heilongjiang,Haerbin,Nangang,Heilongjiang-Haerbin
262865,新建街小区(新建街6号-16号(双号)),哈尔滨,南岗,儿童公园,1993,小高层,新建街6号-16号(双号),126.657069,45.75683731,1.0,20.0,,126,公寓住宅,民用,7.9,12,0.0,9814.0,Heilongjiang,Haerbin,Nangang,Heilongjiang-Haerbin
262864,友联小区,哈尔滨,南岗,儿童公园,2001,多层,铁岭街63号,126.6455965,45.76449651,,30.0,,411,公寓住宅,民用,8.9,12,0.0,14726.0,Heilongjiang,Haerbin,Nangang,Heilongjiang-Haerbin
262863,宜园,哈尔滨,南岗,儿童公园,2005,多层|高层,辽阳街45号,126.6490945,45.76420746,1.0,36.0,,934,公寓住宅,民用,8.6,12,0.0,14336.0,Heilongjiang,Haerbin,Nangang,Heilongjiang-Haerbin
262862,民益街煤管局大院,哈尔滨,南岗,儿童公园,1997,多层,民益街26号,126.6393876,45.76286072,1.0,20.0,,294,公寓住宅,民用,8.2,12,0.0,17205.0,Heilongjiang,Haerbin,Nangang,Heilongjiang-Haerbin
262861,人和街小区(人和街82号-90号(双号)),哈尔滨,南岗,儿童公园,2013,小高层,人和街82号-90号(双号),126.6519636,45.75485372,1.0,30.0,,238,公寓住宅,民用,8.3,12,0.0,9024.0,Heilongjiang,Haerbin,Nangang,Heilongjiang-Haerbin
262867,巴山街小区,哈尔滨,南岗,儿童公园,1982,小高层,"分部街20号-34号(双号),巴山街24号-38号(双号),黑山街25号,国庆街11号,13号",126.6578243,45.7494574,1.0,20.0,,901,公寓住宅,民用,7.9,12,0.0,9343.0,Heilongjiang,Haerbin,Nangang,Heilongjiang-Haerbin
262860,分部街小区(分部街56号-72号(双号)),哈尔滨,南岗,儿童公园,1991,小高层,分部街56号-72号(双号),126.6549077,45.75246857,1.0,20.0,,168,公寓住宅,民用,7.6,12,0.0,8000.0,Heilongjiang,Haerbin,Nangang,Heilongjiang-Haerbin
262875,洁净街37号小区,哈尔滨,南岗,儿童公园,1991,小高层,洁净街37号,126.6544689,45.75397333,1.0,20.0,,84,公寓住宅,民用,8.0,12,0.0,9857.0,Heilongjiang,Haerbin,Nangang,Heilongjiang-Haerbin
262877,花园街小区(花园街326-344号(双号)),哈尔滨,南岗,儿童公园,1991,小高层,花园街326-344号(双号),126.6421773,45.75610129,1.0,20.0,,100,公寓住宅,民用,8.3,12,0.0,20000.0,Heilongjiang,Haerbin,Nangang,Heilongjiang-Haerbin
262886,比乐街41号小区,哈尔滨,南岗,儿童公园,2012,小高层,比乐街41号,126.6559669,45.75647033,1.0,30.0,,203,公寓住宅,民用,8.0,12,0.0,10310.0,Heilongjiang,Haerbin,Nangang,Heilongjiang-Haerbin
262885,"比乐街小区(比乐街153号,比乐街153-1号)",哈尔滨,南岗,儿童公园,2012,小高层,"比乐街153号,比乐街153-1号",126.6496284,45.75105226,1.0,30.0,,120,公寓住宅,民用,8.2,12,0.0,8789.0,Heilongjiang,Haerbin,Nangang,Heilongjiang-Haerbin
262579,恒祥首府,哈尔滨,南岗,西大直街,2012,高层,西大直街369号,126.6077473,45.72929669,1.0,29.0,,929,公寓住宅,民用,8.3,12,0.04,14032.0,Heilongjiang,Haerbin,Nangang,Heilongjiang-Haerbin
262580,清明小区(东区),哈尔滨,南岗,西大直街,1996,多层,清明六道街69-2号,126.6146545,45.73879307,1.0,30.0,,2421,公寓住宅,民用,8.3,12,-0.36,9395.0,Heilongjiang,Haerbin,Nangang,Heilongjiang-Haerbin
262581,工大左岸,哈尔滨,南岗,西大直街,2014,多层|高层,文道街31号,126.6333553,45.73749378,1.0,30.92,86139.0,951,公寓住宅,民用,8.3,12,-0.39,12075.0,Heilongjiang,Haerbin,Nangang,Heilongjiang-Haerbin
262582,西桥住宅小区,哈尔滨,南岗,西大直街,2001,多层,贵新街136号,126.6215047,45.7383757,1.0,10.0,,1700,公寓住宅,民用,8.1,12,-0.41,9510.0,Heilongjiang,Haerbin,Nangang,Heilongjiang-Haerbin
262884,曲线街46号小区,哈尔滨,南岗,儿童公园,2000,小高层,曲线街46号,126.6182326,45.74649368,1.0,30.0,,42,公寓住宅,民用,8.3,12,0.0,10300.0,Heilongjiang,Haerbin,Nangang,Heilongjiang-Haerbin
262883,果戈里大街268号小区,哈尔滨,南岗,儿童公园,1991,小高层,果戈里大街268号,126.6448221,45.75326898,1.0,20.0,,0,公寓住宅,民用,8.0,12,0.0,14925.0,Heilongjiang,Haerbin,Nangang,Heilongjiang-Haerbin
262876,洁净街47号小区,哈尔滨,南岗,儿童公园,1991,小高层,洁净街47号,126.6541347,45.75387408,1.0,20.0,,161,公寓住宅,民用,8.1,12,0.0,8731.0,Heilongjiang,Haerbin,Nangang,Heilongjiang-Haerbin
262583,沙曼四区,哈尔滨,南岗,西大直街,1993,小高层,文兴街29号,126.6158175,45.72373166,1.0,32.0,,945,公寓住宅,民用,7.9,12,0.0,8142.0,Heilongjiang,Haerbin,Nangang,Heilongjiang-Haerbin
262585,江城之珠,哈尔滨,南岗,西大直街,2013,高层|超高层,一匡街19号,126.6245199,45.7361881,1.0,30.0,,546,公寓住宅,民用,8.3,12,0.0,13962.0,Heilongjiang,Haerbin,Nangang,Heilongjiang-Haerbin
262882,"人和街小区(人和街47号,61号)",哈尔滨,南岗,儿童公园,2013,小高层,"人和街47号,61号",126.6521781,45.75614123,1.0,30.0,,200,公寓住宅,民用,8.2,12,0.0,9620.0,Heilongjiang,Haerbin,Nangang,Heilongjiang-Haerbin
262881,"建新街小区(建新街26号,副26号,人和街34号,36号,50-1号)",哈尔滨,南岗,儿童公园,2001,小高层,"建新街26号,副26号,人和街34号,36号,50-1号",126.6546004,45.75790759,1.0,30.0,,296,公寓住宅,民用,8.1,12,0.0,11555.0,Heilongjiang,Haerbin,Nangang,Heilongjiang-Haerbin
262880,建设街27-29号小区,哈尔滨,南岗,儿童公园,2004,小高层,建设街27-29号,126.6435133,45.75472906,1.0,30.0,,136,公寓住宅,民用,8.1,12,0.0,12304.0,Heilongjiang,Haerbin,Nangang,Heilongjiang-Haerbin
262586,康宁小区,哈尔滨,南岗,西大直街,2001,小高层,康宁路45号,126.6003954,45.72379918,1.0,20.0,,835,公寓住宅,民用,8.0,12,0.0,8457.0,Heilongjiang,Haerbin,Nangang,Heilongjiang-Haerbin
262879,革新街117号小区,哈尔滨,南岗,儿童公园,2006,小高层,革新街117号,126.6498786,45.748089,1.0,30.0,,144,公寓住宅,民用,8.0,12,0.0,7731.0,Heilongjiang,Haerbin,Nangang,Heilongjiang-Haerbin
262587,西街地标,哈尔滨,南岗,西大直街,2004,多层,西大直街327号,126.611153,45.73413002,1.0,33.0,,738,公寓住宅,民用,8.4,12,0.0,11290.0,Heilongjiang,Haerbin,Nangang,Heilongjiang-Haerbin
262878,建设街小区(建设街52号-76号(双号)),哈尔滨,南岗,儿童公园,1991,小高层,建设街52号-76号(双号),126.6406012,45.75591166,1.0,20.0,,112,公寓住宅,民用,8.3,12,0.0,11818.0,Heilongjiang,Haerbin,Nangang,Heilongjiang-Haerbin
262584,八一新邨,哈尔滨,南岗,西大直街,2000,多层,清滨路22号,126.6129895,45.73129247,1.0,20.0,,942,公寓住宅,民用,8.3,12,-0.21,12874.0,Heilongjiang,Haerbin,Nangang,Heilongjiang-Haerbin
262859,龙之港小区,哈尔滨,南岗,儿童公园,1998,多层|高层,阿什河街112号,126.6359193,45.76169448,1.0,10.0,,439,公寓住宅,民用,8.4,12,-1.41,17775.0,Heilongjiang,Haerbin,Nangang,Heilongjiang-Haerbin
262858,新发小区(D区),哈尔滨,南岗,儿童公园,1996,多层|高层,花园街21号,126.6603373,45.76986852,1.0,15.0,,2510,公寓住宅,民用,8.0,12,0.36,8405.0,Heilongjiang,Haerbin,Nangang,Heilongjiang-Haerbin
262857,新发小区(B区),哈尔滨,南岗,儿童公园,1996,多层|高层,花园街108号,126.6550382,45.76606546,1.0,15.0,,1581,公寓住宅,民用,8.3,12,7.19,9982.0,Heilongjiang,Haerbin,Nangang,Heilongjiang-Haerbin
262607,元和街小区(元和街16号-18号(双号)),哈尔滨,南岗,西大直街,1991,小高层,"元和街16号-18号(双号),汉祥街32号",126.6174677,45.73538132,1.0,20.0,,186,公寓住宅,民用,7.9,12,0.0,9290.0,Heilongjiang,Haerbin,Nangang,Heilongjiang-Haerbin
262608,"西大直街小区(西大直街282号-296号(双号),通达街60号)",哈尔滨,南岗,西大直街,2002,小高层,"西大直街282号-296号(双号),通达街60号",126.6143327,45.73563435,1.0,30.0,,177,公寓住宅,民用,7.8,12,0.0,7272.0,Heilongjiang,Haerbin,Nangang,Heilongjiang-Haerbin
262609,汉祥街46号小区,哈尔滨,南岗,西大直街,1986,小高层,汉祥街46号,126.6170597,45.73594711,1.0,20.0,,173,公寓住宅,民用,7.9,12,0.0,8725.0,Heilongjiang,Haerbin,Nangang,Heilongjiang-Haerbin
262610,"下夹树街小区(下夹树街69号-71号(单号),曲线街74号-84号(双号),铁工街18号-24号(双号))",哈尔滨,南岗,西大直街,1990,多层,"下夹树街69号-71号(单号),曲线街74号-84号(双号),铁工街18号-24号(双号)",126.6185313,45.74538846,1.0,20.0,,972,公寓住宅,民用,8.3,12,0.0,9523.0,Heilongjiang,Haerbin,Nangang,Heilongjiang-Haerbin
262611,铁瓦社区,哈尔滨,南岗,西大直街,1995,小高层,铁路街501号,126.6167872,45.74149061,1.0,20.0,,1660,公寓住宅,民用,8.3,12,0.0,8333.0,Heilongjiang,Haerbin,Nangang,Heilongjiang-Haerbin
262612,环贸公馆,哈尔滨,南岗,西大直街,2019,高层,文君街58号,126.6335717,45.74037558,1.0,30.0,,226,公寓住宅,民用,8.5,12,0.0,10747.0,Heilongjiang,Haerbin,Nangang,Heilongjiang-Haerbin
262606,"西大直街小区(408号,440号)",哈尔滨,南岗,西大直街,2001,小高层,"西大直街408号,440号",126.6092617,45.72924767,1.0,30.0,,159,公寓住宅,民用,7.6,12,0.0,9932.0,Heilongjiang,Haerbin,Nangang,Heilongjiang-Haerbin
262615,西大直街192号小区,哈尔滨,南岗,西大直街,1990,小高层,西大直街192号,126.6178284,45.73871504,1.0,20.0,,48,公寓住宅,民用,7.7,12,0.0,7474.0,Heilongjiang,Haerbin,Nangang,Heilongjiang-Haerbin
262617,松明街14号小区,哈尔滨,南岗,西大直街,1991,小高层,松明街14号,126.6185341,45.73769967,1.0,20.0,,72,公寓住宅,民用,7.8,12,0.0,9818.0,Heilongjiang,Haerbin,Nangang,Heilongjiang-Haerbin
262618,松明街29号小区,哈尔滨,南岗,西大直街,1991,小高层,松明街29号,126.6170856,45.73715666,1.0,20.0,,144,公寓住宅,民用,7.7,12,0.0,9567.0,Heilongjiang,Haerbin,Nangang,Heilongjiang-Haerbin
262619,松明街小区(28-30号(双号)),哈尔滨,南岗,西大直街,1991,小高层,松明街28-30号(双号),126.6163428,45.73567851,1.0,20.0,,87,公寓住宅,民用,7.6,12,0.0,9750.0,Heilongjiang,Haerbin,Nangang,Heilongjiang-Haerbin
262620,松明街25号小区,哈尔滨,南岗,西大直街,1991,小高层,松明街25号,126.6174593,45.73744832,1.0,20.0,,96,公寓住宅,民用,7.7,12,0.0,6896.0,Heilongjiang,Haerbin,Nangang,Heilongjiang-Haerbin
262621,护军街18号小区,哈尔滨,南岗,西大直街,1990,小高层,护军街18号,126.6231206,45.73923204,1.0,20.0,,440,公寓住宅,民用,7.8,12,0.0,8085.0,Heilongjiang,Haerbin,Nangang,Heilongjiang-Haerbin
262622,省文联家属楼,哈尔滨,南岗,西大直街,2004,小高层,汉祥街61号,126.6150734,45.73788191,1.0,30.0,,36,公寓住宅,民用,7.9,12,0.0,7255.0,Heilongjiang,Haerbin,Nangang,Heilongjiang-Haerbin
262623,贵新街小区,哈尔滨,南岗,西大直街,1983,多层,护军街32号,126.6218278,45.73999184,1.0,30.0,,63,公寓住宅,民用,8.0,12,0.0,12444.0,Heilongjiang,Haerbin,Nangang,Heilongjiang-Haerbin
262624,清明六道街小区,哈尔滨,南岗,西大直街,1998,多层,清明六道街25号,126.613022,45.73792329,1.0,20.0,,565,公寓住宅,民用,8.1,12,0.0,9767.0,Heilongjiang,Haerbin,Nangang,Heilongjiang-Haerbin
262616,松明街33号小区,哈尔滨,南岗,西大直街,1991,多层,松明街33号,126.616132,45.73635189,1.0,20.0,,123,公寓住宅,民用,7.8,12,0.0,10000.0,Heilongjiang,Haerbin,Nangang,Heilongjiang-Haerbin
262605,汉祥小区,哈尔滨,南岗,西大直街,1983,多层,汉阳街76号,126.6133902,45.73961335,1.0,20.0,,343,公寓住宅,民用,8.2,12,0.0,9574.0,Heilongjiang,Haerbin,Nangang,Heilongjiang-Haerbin
262604,桥西住宅小区,哈尔滨,南岗,西大直街,1996,多层|小高层,桥南街24号,126.6190334,45.73829382,1.0,25.0,,553,公寓住宅,民用,8.4,12,0.0,9773.0,Heilongjiang,Haerbin,Nangang,Heilongjiang-Haerbin
262603,曲线小区,哈尔滨,南岗,西大直街,1990,高层,曲线街43号,126.6170053,45.74523346,1.0,20.0,,1038,公寓住宅,民用,8.1,12,0.0,9552.0,Heilongjiang,Haerbin,Nangang,Heilongjiang-Haerbin
262856,"龙江街小区(吉林街1-11号(单号),2号,花园街315-317号(单号),龙江街28-48号(双号),46-2号,46-6号)",哈尔滨,南岗,儿童公园,1999,多层,"吉林街1-11号(单号),2号,花园街315-317号(单号),龙江街28-48号(双号),46-2号,46-6号",126.6453874,45.75989177,1.0,20.0,,786,公寓住宅,民用,8.7,12,-0.33,16349.0,Heilongjiang,Haerbin,Nangang,Heilongjiang-Haerbin
262855,理治街40号小区,哈尔滨,南岗,儿童公园,1999,多层,理治街40号,126.6596211,45.75146796,1.0,20.0,,238,公寓住宅,民用,7.9,12,0.0,9800.0,Heilongjiang,Haerbin,Nangang,Heilongjiang-Haerbin
262854,铁岭街79号小区,哈尔滨,南岗,儿童公园,1989,多层,铁岭街79号,126.6444978,45.76429853,1.0,20.0,,283,公寓住宅,民用,8.8,12,0.0,17333.0,Heilongjiang,Haerbin,Nangang,Heilongjiang-Haerbin
262853,黑山街69号院,哈尔滨,南岗,儿童公园,1987,多层,黑山街69号,126.6535184,45.75225965,1.0,20.0,,105,公寓住宅,民用,8.1,12,0.0,10982.0,Heilongjiang,Haerbin,Nangang,Heilongjiang-Haerbin
262852,"辽阳街小区(辽阳街53号,55号,57-1号,57-2号,57-3号,65号,邮政街38号-54号(双号))",哈尔滨,南岗,儿童公园,1999,多层,"辽阳街53号,55号,57-1号,57-2号,57-3号,65号,邮政街38号-54号(双号)",126.646464,45.76509922,1.0,20.0,,941,公寓住宅,民用,8.6,12,0.0,13777.0,Heilongjiang,Haerbin,Nangang,Heilongjiang-Haerbin
262851,"龙江街小区(龙江街60-88号(双号),87号,吉林街41-43(单号),邮政街124-128号(双号))",哈尔滨,南岗,儿童公园,1999,多层,"龙江街60-88号(双号),87号,吉林街41-43(单号),邮政街124-128号(双号)",126.6405138,45.76172733,1.0,20.0,,955,公寓住宅,民用,8.8,12,0.0,15477.0,Heilongjiang,Haerbin,Nangang,Heilongjiang-Haerbin
262850,士课街67号院,哈尔滨,南岗,儿童公园,1986,多层,士课街67号,126.6519265,45.74981999,1.0,20.0,,238,公寓住宅,民用,7.9,12,0.0,10479.0,Heilongjiang,Haerbin,Nangang,Heilongjiang-Haerbin
262849,"文教街小区(93号-105号(单号),巴陵街48号,50号,52号,84号,革新街5-5号,宣德街22号,24号,芦家街90号-98号(双号))",哈尔滨,南岗,儿童公园,1986,多层,"文教街93号-105号(单号),巴陵街48号,50号,52号,84号,革新街5-5号,宣德街22号,24号,芦家街90号-98号(双号)",126.6570224,45.75302106,,20.0,,1569,公寓住宅,民用,7.3,12,-1.46,8514.0,Heilongjiang,Haerbin,Nangang,Heilongjiang-Haerbin
262848,"辽阳街小区(铁岭街1号,3号,9号,辽阳街2-12号(双号),副8-1号)",哈尔滨,南岗,儿童公园,1998,小高层,"铁岭街1号,3号,9号,辽阳街2-12号(双号),副8-1号",126.6506148,45.76167167,,20.0,,1036,公寓住宅,民用,8.3,12,-1.56,17325.0,Heilongjiang,Haerbin,Nangang,Heilongjiang-Haerbin
262593,宏桥小区,哈尔滨,南岗,西大直街,1995,小高层,曲线街101号,126.6185199,45.74179093,1.0,20.0,,430,公寓住宅,民用,8.3,12,0.0,12189.0,Heilongjiang,Haerbin,Nangang,Heilongjiang-Haerbin
262594,复兴小区,哈尔滨,南岗,西大直街,1998,多层|高层,复兴街25号,126.6299664,45.74733032,1.0,20.0,,96,公寓住宅,民用,8.7,12,0.0,15681.0,Heilongjiang,Haerbin,Nangang,Heilongjiang-Haerbin
262595,一匡住宅小区,哈尔滨,南岗,西大直街,1994,小高层,木兰街23号,126.6214882,45.73501904,1.0,35.0,,1674,公寓住宅,民用,8.0,12,0.52,8993.0,Heilongjiang,Haerbin,Nangang,Heilongjiang-Haerbin
262596,桥南小区,哈尔滨,南岗,西大直街,1994,小高层,"桥南街,近汉广街",126.6220371,45.73662642,1.0,20.0,,1168,公寓住宅,民用,8.1,12,0.0,9138.0,Heilongjiang,Haerbin,Nangang,Heilongjiang-Haerbin
262597,通达住宅小区,哈尔滨,南岗,西大直街,1993,小高层,通达街27号,126.6205642,45.73387625,1.0,22.0,,944,公寓住宅,民用,8.3,12,-3.2,8665.0,Heilongjiang,Haerbin,Nangang,Heilongjiang-Haerbin
262598,耀景小区,哈尔滨,南岗,西大直街,1982,高层,耀景街43号,126.6328421,45.74807795,1.0,30.0,,1762,公寓住宅,民用,8.5,12,-0.17,8851.0,Heilongjiang,Haerbin,Nangang,Heilongjiang-Haerbin
262599,七政小区,哈尔滨,南岗,西大直街,1999,小高层,西伯街60号,126.6133609,45.73331742,1.0,15.0,,1545,公寓住宅,民用,8.3,12,0.0,8645.0,Heilongjiang,Haerbin,Nangang,Heilongjiang-Haerbin
262600,法院小区,哈尔滨,南岗,西大直街,2017,小高层,贵新街27号,126.6216425,45.73984635,1.0,30.0,,560,公寓住宅,民用,8.3,12,0.0,9069.0,Heilongjiang,Haerbin,Nangang,Heilongjiang-Haerbin
262601,教化小区(曲线街),哈尔滨,南岗,西大直街,2003,小高层,曲线街15号,126.6200029,45.74879765,1.0,30.0,,1177,公寓住宅,民用,8.5,12,0.0,8723.0,Heilongjiang,Haerbin,Nangang,Heilongjiang-Haerbin
262602,新曲线小区,哈尔滨,南岗,西大直街,2000,多层|小高层,曲线街77号,126.6173224,45.74312165,1.0,20.0,,981,公寓住宅,民用,8.4,12,0.0,9022.0,Heilongjiang,Haerbin,Nangang,Heilongjiang-Haerbin
262887,比乐街101号小区,哈尔滨,南岗,儿童公园,1985,多层,比乐街101号,126.6527638,45.75367302,1.0,20.0,,153,公寓住宅,民用,7.8,12,0.0,7666.0,Heilongjiang,Haerbin,Nangang,Heilongjiang-Haerbin
262578,国际会展金融大厦,哈尔滨,南岗,海河路,1999,高层,"长江路,近红旗大街",126.6927556,45.74845903,1.0,20.0,,644,商住楼,商用,7.9,12,0.0,14740.0,Heilongjiang,Haerbin,Nangang,Heilongjiang-Haerbin
262888,"吉林街小区(邮政街51-57号(单号),民益街30号-42号(双号),阿什河街93号-95号(单号),93-1号,吉林街68号-100号(双号))",哈尔滨,南岗,儿童公园,1990,小高层,"邮政街51-57号(单号),民益街30-42号(双号),阿什河街93-95号(单号),93-1号,吉林街68-100号(双号)",126.6394216,45.76133036,,20.0,,836,公寓住宅,民用,8.1,12,0.16,15344.0,Heilongjiang,Haerbin,Nangang,Heilongjiang-Haerbin
262889,"马家街小区(马家街46-60号(双号),52-1号,河渠街31号,33号)",哈尔滨,南岗,儿童公园,1998,小高层,"马家街46-60号(双号),52-1号,河渠街31号,33号",126.6484054,45.75934863,,20.0,,410,公寓住宅,民用,8.2,12,0.17,18577.0,Heilongjiang,Haerbin,Nangang,Heilongjiang-Haerbin
263097,文兴街51号小区,哈尔滨,南岗,和兴路,1985,小高层,文兴街51号,126.613272,45.71941659,1.0,20.0,,21,公寓住宅,民用,7.9,12,0.0,6911.0,Heilongjiang,Haerbin,Nangang,Heilongjiang-Haerbin
263098,"清滨路小区(清滨路38号,42号)",哈尔滨,南岗,和兴路,2002,多层,"清滨路38号,42号",126.6111443,45.72840428,1.0,30.0,,144,公寓住宅,民用,8.3,12,0.0,21392.0,Heilongjiang,Haerbin,Nangang,Heilongjiang-Haerbin
263099,文兴街23号小区,哈尔滨,南岗,和兴路,1985,小高层,文兴街23号,126.6173047,45.72519349,1.0,20.0,,68,公寓住宅,民用,7.9,12,0.0,25000.0,Heilongjiang,Haerbin,Nangang,Heilongjiang-Haerbin
263100,和兴路74号小区,哈尔滨,南岗,和兴路,1977,多层,和兴路74号,126.6155257,45.72848732,1.0,20.0,,80,公寓住宅,民用,7.6,12,0.0,29722.0,Heilongjiang,Haerbin,Nangang,Heilongjiang-Haerbin
263101,七政公寓A栋,哈尔滨,南岗,和兴路,2007,小高层,苗圃街105号,126.6219747,45.72949107,1.0,30.0,,72,公寓住宅,民用,8.4,12,0.0,15517.0,Heilongjiang,Haerbin,Nangang,Heilongjiang-Haerbin
263102,金洋馨园,哈尔滨,南岗,和兴路,2006,高层,西大直街431号,126.6049798,45.72573907,1.0,29.0,,1182,公寓住宅,民用,8.3,12,0.0,12375.0,Heilongjiang,Haerbin,Nangang,Heilongjiang-Haerbin
263103,和兴路82号小区,哈尔滨,南岗,和兴路,2005,多层,和兴路82号,126.6143823,45.72887708,1.0,30.0,,0,公寓住宅,民用,8.0,12,0.0,17582.0,Heilongjiang,Haerbin,Nangang,Heilongjiang-Haerbin
263104,和兴头道街86号小区,哈尔滨,南岗,和兴路,1980,小高层,和兴头道街86号,126.6128325,45.72726508,1.0,20.0,,456,公寓住宅,民用,7.7,12,0.0,25000.0,Heilongjiang,Haerbin,Nangang,Heilongjiang-Haerbin
263096,和兴路106号小区,哈尔滨,南岗,和兴路,2000,小高层,和兴路106号,126.612309,45.72960584,1.0,30.0,,63,公寓住宅,民用,8.3,12,0.0,18823.0,Heilongjiang,Haerbin,Nangang,Heilongjiang-Haerbin
263107,清滨路6号小区,哈尔滨,南岗,和兴路,1993,小高层,清滨路6号,126.6136363,45.73172683,1.0,20.0,,292,公寓住宅,民用,8.4,12,-4.03,12818.0,Heilongjiang,Haerbin,Nangang,Heilongjiang-Haerbin
263108,电车小区,哈尔滨,南岗,和兴路,1998,多层,清明四道街110号,126.6081566,45.73477697,,20.0,,875,公寓住宅,民用,7.7,12,-2.51,8047.0,Heilongjiang,Haerbin,Nangang,Heilongjiang-Haerbin
262929,"巴陵街小区(巴陵街6号-48号(双号),芦家街69号,75号)",哈尔滨,南岗,儿童公园,1989,小高层,"巴陵街6号-48号(双号),芦家街69号,75号",126.6577844,45.75450534,,20.0,,396,公寓住宅,民用,7.6,12,0.0,9418.0,Heilongjiang,Haerbin,Nangang,Heilongjiang-Haerbin
262928,"革新街小区(革新街2号-14号(双号),宣德街4-2号,宣德街8号)",哈尔滨,南岗,儿童公园,1990,多层,"革新街2号-14号(双号),宣德街4-2号,宣德街8号",126.6584404,45.75247143,,20.0,,336,公寓住宅,民用,7.3,12,0.0,9899.0,Heilongjiang,Haerbin,Nangang,Heilongjiang-Haerbin
262927,"文教街小区(文教街32号-52号(双号),巴山街14号,22号,分部街15号,21号,国庆街1号,7号)",哈尔滨,南岗,儿童公园,1986,小高层,"文教街32号-52号(双号),巴山街14号,22号,分部街15号,21号,国庆街1号,7号",126.6587001,45.75050702,,20.0,,541,公寓住宅,民用,7.7,12,0.0,9600.0,Heilongjiang,Haerbin,Nangang,Heilongjiang-Haerbin
263106,炼油厂家属楼,哈尔滨,南岗,和兴路,2002,小高层,和兴路121号,126.6161215,45.73328156,1.0,30.0,,592,公寓住宅,民用,8.3,12,0.0,13295.0,Heilongjiang,Haerbin,Nangang,Heilongjiang-Haerbin
263095,清滨路24号小区,哈尔滨,南岗,和兴路,2006,小高层,清滨路24号,126.6126657,45.73037238,1.0,30.0,,80,公寓住宅,民用,8.2,12,-2.1,22138.0,Heilongjiang,Haerbin,Nangang,Heilongjiang-Haerbin
263094,清滨路15-1号小区,哈尔滨,南岗,和兴路,2008,小高层,清滨路15-1号,126.6128114,45.73171566,1.0,30.0,,309,公寓住宅,民用,8.4,12,0.0,9285.0,Heilongjiang,Haerbin,Nangang,Heilongjiang-Haerbin
263093,汉广街小区(汉广街89号-99号(单号)),哈尔滨,南岗,和兴路,2002,小高层,汉广街89号-99号(单号),126.6155649,45.73007096,1.0,30.0,,102,公寓住宅,民用,8.2,12,0.0,12509.0,Heilongjiang,Haerbin,Nangang,Heilongjiang-Haerbin
263074,文兴街49-2号小区,哈尔滨,南岗,和兴路,1987,小高层,文兴街49-2号,126.6125285,45.72022379,1.0,20.0,,180,公寓住宅,民用,7.8,12,0.0,8108.0,Heilongjiang,Haerbin,Nangang,Heilongjiang-Haerbin
262253,凡尔赛诗城,哈尔滨,南岗,哈达,2020,高层,学府路388号,126.624805,45.66290477,1.0,35.0,322587.0,3427,公寓住宅,民用,7.7,12,-0.08,10060.0,Heilongjiang,Haerbin,Nangang,Heilongjiang-Haerbin
263075,"和兴头道街小区(和兴头道街38号-72号(双号),振兴街24号)",哈尔滨,南岗,和兴路,1999,小高层,"和兴头道街38号-72号(双号),振兴街24号",126.6146043,45.72687619,1.0,20.0,,690,公寓住宅,民用,8.3,12,0.78,21155.0,Heilongjiang,Haerbin,Nangang,Heilongjiang-Haerbin
263076,苗圃小区(A区),哈尔滨,南岗,和兴路,2004,多层|高层,五瑞街36号,126.6218346,45.73195013,1.0,60.0,,571,公寓住宅,民用,8.5,12,-4.51,13570.0,Heilongjiang,Haerbin,Nangang,Heilongjiang-Haerbin
263077,康宁家园,哈尔滨,南岗,和兴路,2010,小高层|高层,康宁四道街4号,126.5988914,45.72642112,1.0,30.0,,381,公寓住宅,民用,8.3,12,0.0,11818.0,Heilongjiang,Haerbin,Nangang,Heilongjiang-Haerbin
263078,炼油厂住宅楼,哈尔滨,南岗,和兴路,1995,多层,元士街39号,126.6161443,45.73330296,1.0,20.0,,752,公寓住宅,民用,8.3,12,0.0,13333.0,Heilongjiang,Haerbin,Nangang,Heilongjiang-Haerbin
263079,清滨胡同13号小区,哈尔滨,南岗,和兴路,2000,小高层,清滨胡同13号,126.610548,45.72975857,1.0,30.0,,180,公寓住宅,民用,8.1,12,0.0,21875.0,Heilongjiang,Haerbin,Nangang,Heilongjiang-Haerbin
263080,教育学院家属楼,哈尔滨,南岗,和兴路,2000,多层|小高层,和兴路131号,126.6178098,45.72872035,1.0,20.0,,639,公寓住宅,民用,8.1,12,0.0,9846.0,Heilongjiang,Haerbin,Nangang,Heilongjiang-Haerbin
263081,汉兴街53号小区,哈尔滨,南岗,和兴路,2000,小高层,汉兴街53号,126.6201289,45.72869066,1.0,30.0,,103,公寓住宅,民用,7.9,12,0.0,12368.0,Heilongjiang,Haerbin,Nangang,Heilongjiang-Haerbin
263082,中盛小区,哈尔滨,南岗,和兴路,2012,多层|高层,清明四道街55号,126.6066122,45.7348564,1.0,35.0,,291,公寓住宅,民用,8.4,12,0.0,13262.0,Heilongjiang,Haerbin,Nangang,Heilongjiang-Haerbin
263083,林业设计院家属楼(和兴路),哈尔滨,南岗,和兴路,1991,小高层,和兴路199-6号,126.6085046,45.73226965,1.0,20.0,,495,公寓住宅,民用,8.0,12,0.0,9727.0,Heilongjiang,Haerbin,Nangang,Heilongjiang-Haerbin
263084,和兴三道街29号小区,哈尔滨,南岗,和兴路,2005,小高层,和兴三道街29号,126.612412,45.72589958,1.0,30.0,,196,公寓住宅,民用,8.5,12,-1.72,20842.0,Heilongjiang,Haerbin,Nangang,Heilongjiang-Haerbin
263086,仪兴小区亚洲,哈尔滨,南岗,和兴路,2008,多层|小高层,康宁头道街65号,126.5995455,45.72745662,1.0,38.0,,911,公寓住宅,民用,8.2,12,0.0,8925.0,Heilongjiang,Haerbin,Nangang,Heilongjiang-Haerbin
263087,"和兴七道街小区(和兴七道街48号,60号)",哈尔滨,南岗,和兴路,2002,小高层,"和兴七道街48号,60号",126.6075284,45.7249826,1.0,30.0,,246,公寓住宅,民用,8.1,12,0.0,9772.0,Heilongjiang,Haerbin,Nangang,Heilongjiang-Haerbin
263088,七政街62号小区,哈尔滨,南岗,和兴路,1991,小高层,七政街62号,126.6169315,45.73251871,1.0,20.0,,56,公寓住宅,民用,7.9,12,0.0,13236.0,Heilongjiang,Haerbin,Nangang,Heilongjiang-Haerbin
263089,"和兴路小区(64号,66号,70号)",哈尔滨,南岗,和兴路,2008,小高层,"和兴路64号,66号,70号",126.6159247,45.72833918,1.0,30.0,,135,公寓住宅,民用,7.9,12,-3.43,24428.0,Heilongjiang,Haerbin,Nangang,Heilongjiang-Haerbin
263090,"西大直街小区(408号,440号)",哈尔滨,南岗,和兴路,2001,小高层,"西大直街408号,440号",126.6092617,45.72924767,1.0,30.0,,159,公寓住宅,民用,7.6,12,0.0,9932.0,Heilongjiang,Haerbin,Nangang,Heilongjiang-Haerbin
263091,元和街38号小区,哈尔滨,南岗,和兴路,1991,小高层,元和街38号,126.6164231,45.73447685,1.0,20.0,,168,公寓住宅,民用,7.9,12,0.0,12845.0,Heilongjiang,Haerbin,Nangang,Heilongjiang-Haerbin
263092,中兴街25号小区,哈尔滨,南岗,和兴路,1995,小高层,中兴街25号,126.6145033,45.72504525,1.0,20.0,,104,公寓住宅,民用,8.1,12,0.0,20920.0,Heilongjiang,Haerbin,Nangang,Heilongjiang-Haerbin
262926,"三姓街小区(三姓街118号-148号(双号),邮政街2号,大成街277号-305号(单号))",哈尔滨,南岗,儿童公园,2000,小高层,"三姓街118号-148号(双号),邮政街2号,大成街277号-305号(单号)",126.6477603,45.76659871,,30.0,,942,公寓住宅,民用,8.2,12,0.0,7647.0,Heilongjiang,Haerbin,Nangang,Heilongjiang-Haerbin
263073,牛房小区(二期),哈尔滨,南岗,和兴路,1989,小高层,康宁四道街1号,126.6031237,45.72412289,1.0,35.0,,915,公寓住宅,民用,8.3,12,0.0,9634.0,Heilongjiang,Haerbin,Nangang,Heilongjiang-Haerbin
262924,"民益街小区(鞍山街114号-128号(双号),邮政街27号,29号,民益街6号-20号(双号),4-1号,4-2号)",哈尔滨,南岗,儿童公园,1997,小高层,"鞍山街114号-128号(双号),邮政街27号,29号,民益街6号-20号(双号),4-1号,4-2号",126.6408832,45.76367842,,20.0,,669,公寓住宅,民用,8.7,12,-1.14,15194.0,Heilongjiang,Haerbin,Nangang,Heilongjiang-Haerbin
262905,铁岭街73号小区,哈尔滨,南岗,儿童公园,1994,多层,铁岭街73号,126.6450903,45.76431793,1.0,20.0,,98,公寓住宅,民用,8.9,12,0.0,18400.0,Heilongjiang,Haerbin,Nangang,Heilongjiang-Haerbin
262904,中和街35号院,哈尔滨,南岗,儿童公园,1990,小高层,中和街35号,126.6532406,45.75569032,1.0,20.0,,249,公寓住宅,民用,8.1,12,0.0,9589.0,Heilongjiang,Haerbin,Nangang,Heilongjiang-Haerbin
262903,国庆街26号院,哈尔滨,南岗,儿童公园,1990,小高层,国庆街26号,126.6582918,45.74871325,1.0,20.0,,133,公寓住宅,民用,7.7,12,0.0,8684.0,Heilongjiang,Haerbin,Nangang,Heilongjiang-Haerbin
262902,马家街180号小区,哈尔滨,南岗,儿童公园,1997,小高层,马家街180号,126.6432799,45.75539929,1.0,20.0,,77,公寓住宅,民用,8.4,12,0.0,14285.0,Heilongjiang,Haerbin,Nangang,Heilongjiang-Haerbin
262901,建设街小区(建设街24号-36号(双号)),哈尔滨,南岗,儿童公园,1997,小高层,建设街24号-36号(双号),126.6424403,45.75505342,1.0,20.0,,150,公寓住宅,民用,8.1,12,0.0,11500.0,Heilongjiang,Haerbin,Nangang,Heilongjiang-Haerbin
262900,唯家新青年公寓,哈尔滨,南岗,儿童公园,2017,小高层,辽阳街14号,126.6502387,45.76248843,1.0,30.0,,441,公寓住宅,民用,8.6,12,0.0,25678.0,Heilongjiang,Haerbin,Nangang,Heilongjiang-Haerbin
262899,"理治街小区(理治街18号-54号(双号),宣化街136号,宣化街122号)",哈尔滨,南岗,儿童公园,1998,多层,"理治街18号-54号(双号),宣化街136号,宣化街122号",126.6607697,45.75142981,1.0,20.0,,1050,公寓住宅,民用,7.4,12,0.04,8878.0,Heilongjiang,Haerbin,Nangang,Heilongjiang-Haerbin
262898,"宣威街小区(宣威街14号-20号(双号),宣德街13号,理治街31号)",哈尔滨,南岗,儿童公园,1997,多层,"宣威街14号-20号(双号),宣德街13号,理治街31号",126.6608197,45.75249572,1.0,20.0,,667,公寓住宅,民用,7.8,12,0.0,9607.0,Heilongjiang,Haerbin,Nangang,Heilongjiang-Haerbin
262906,中和街96号院,哈尔滨,南岗,儿童公园,1993,多层,中和街96号,126.6528007,45.75454932,1.0,20.0,,110,公寓住宅,民用,8.4,12,0.0,10933.0,Heilongjiang,Haerbin,Nangang,Heilongjiang-Haerbin
262576,芦家街小区(芦家街10号-14号(双号)),哈尔滨,南岗,海河路,1991,小高层,芦家街10号-14号(双号),126.6665555,45.753692,1.0,20.0,,63,公寓住宅,民用,7.9,12,0.0,9801.0,Heilongjiang,Haerbin,Nangang,Heilongjiang-Haerbin
262896,"文教街小区(文教街60号-74号(双号),巴山街5号,分部街27号,29号,革新街28号,34号)",哈尔滨,南岗,儿童公园,1986,小高层,"文教街60号-74号(双号),巴山街5号,分部街27号,29号,革新街28号,34号",126.6576694,45.75154196,,20.0,,694,公寓住宅,民用,7.6,12,0.0,9755.0,Heilongjiang,Haerbin,Nangang,Heilongjiang-Haerbin
262895,人和街小区(人和街2号-18号(双号)),哈尔滨,南岗,儿童公园,1990,小高层,人和街2号-18号(双号),126.6573353,45.7591299,1.0,20.0,,459,公寓住宅,民用,8.1,12,0.0,9636.0,Heilongjiang,Haerbin,Nangang,Heilongjiang-Haerbin
262894,"永新街小区(中和街42号,42-1号,42-2号,比乐街25号,建新街57号,永新街2-8(双号))",哈尔滨,南岗,儿童公园,1989,小高层,"中和街42号,42-1号,42-2号,比乐街25号,建新街57号,永新街2-8(双号)",126.6574317,45.75800484,1.0,20.0,,493,公寓住宅,民用,7.9,12,0.0,10113.0,Heilongjiang,Haerbin,Nangang,Heilongjiang-Haerbin
262893,辽阳街90号小区,哈尔滨,南岗,儿童公园,1996,小高层,辽阳街90号,126.6456496,45.76522426,1.0,20.0,,200,公寓住宅,民用,8.2,12,0.0,14736.0,Heilongjiang,Haerbin,Nangang,Heilongjiang-Haerbin
262892,"鞍山街小区(花园街280号,马家街19号,鞍山街16-26号(双号))",哈尔滨,南岗,儿童公园,1994,小高层,"花园街280号,马家街19号,鞍山街16-26号(双号)",126.6482598,45.76116393,,20.0,,330,公寓住宅,民用,8.4,12,0.0,17098.0,Heilongjiang,Haerbin,Nangang,Heilongjiang-Haerbin
262577,黑龙江省残疾人联合会住宅楼,哈尔滨,南岗,海河路,2017,小高层,黄河路130号,126.6799799,45.75154687,1.0,30.0,,98,公寓住宅,民用,8.2,12,0.0,9984.0,Heilongjiang,Haerbin,Nangang,Heilongjiang-Haerbin
262891,龙江街9号小区,哈尔滨,南岗,儿童公园,1998,小高层,龙江街9号,126.6479858,45.76024636,,20.0,,139,公寓住宅,民用,8.0,12,0.0,18817.0,Heilongjiang,Haerbin,Nangang,Heilongjiang-Haerbin
262890,"鞍山街小区(鞍山街34-82号(双号),46-1号,70-1号,花园街261号,267号,龙江街28号,23号-33(单号),宁江胡同6号-10号(双号))",哈尔滨,南岗,儿童公园,1994,小高层,"鞍山街34-82号(双号),46-1号,70-1号,花园街261号,267号,龙江街28号,23号-33(单号),宁江胡同6号-10号(双号)",126.64628,45.76111607,,20.0,,1264,公寓住宅,民用,8.6,12,0.17,17603.0,Heilongjiang,Haerbin,Nangang,Heilongjiang-Haerbin
262897,平公街小区(平公街100号-130号(双号)),哈尔滨,南岗,儿童公园,1997,多层,平公街100号-130号(双号),126.6602452,45.75511473,1.0,20.0,,590,公寓住宅,民用,7.8,12,0.0,8250.0,Heilongjiang,Haerbin,Nangang,Heilongjiang-Haerbin
262907,中和街57号院,哈尔滨,南岗,儿童公园,1990,小高层,中和街57号,126.651633,45.75384258,1.0,20.0,,190,公寓住宅,民用,8.4,12,0.0,8500.0,Heilongjiang,Haerbin,Nangang,Heilongjiang-Haerbin
262908,芦家街65号院,哈尔滨,南岗,儿童公园,1997,多层,芦家街65号,126.6598324,45.75470999,1.0,20.0,,105,公寓住宅,民用,8.0,12,0.0,8778.0,Heilongjiang,Haerbin,Nangang,Heilongjiang-Haerbin
262909,光芒街小区(光芒街95-97号(单号)),哈尔滨,南岗,儿童公园,1988,多层,光芒街95-97号(单号),126.6460421,45.75333229,1.0,20.0,,234,公寓住宅,民用,8.3,12,0.0,10467.0,Heilongjiang,Haerbin,Nangang,Heilongjiang-Haerbin
262923,"邮政街小区(邮政街96号-110号(双号),鞍山街96号-104号(双号))",哈尔滨,南岗,儿童公园,1989,小高层,"邮政街96号-110号(双号),鞍山街96号-104号(双号)",126.6424224,45.76329504,,20.0,,510,公寓住宅,民用,8.3,12,0.0,16964.0,Heilongjiang,Haerbin,Nangang,Heilongjiang-Haerbin
262922,"吉林街小区(邮政街41号,33-5号,吉林街75号-89号(单号),民益街26号-32号(双号))",哈尔滨,南岗,儿童公园,1998,小高层,"邮政街41号,33-5号,吉林街75号-89号(单号),民益街26号-32号(双号)",126.6389451,45.76311439,,20.0,,835,公寓住宅,民用,8.1,12,0.0,19666.0,Heilongjiang,Haerbin,Nangang,Heilongjiang-Haerbin
262920,上和置地广场,哈尔滨,南岗,儿童公园,2008,高层,东大直街146号,126.6510518,45.76660888,1.0,56.6,,2149,商住楼,商用,8.7,12,0.03,9805.0,Heilongjiang,Haerbin,Nangang,Heilongjiang-Haerbin
262919,东煤基建局宿舍,哈尔滨,南岗,儿童公园,1993,多层|小高层,"民益街,近吉林街",126.6391456,45.76313789,1.0,20.0,,605,公寓住宅,民用,8.7,12,0.0,18065.0,Heilongjiang,Haerbin,Nangang,Heilongjiang-Haerbin
262918,新发小区(鼎新F区),哈尔滨,南岗,儿童公园,1996,小高层,鼎新二道街30号,126.6592576,45.76653422,1.0,15.0,,3172,公寓住宅,民用,8.2,12,0.04,9515.0,Heilongjiang,Haerbin,Nangang,Heilongjiang-Haerbin
262917,比乐街120-154号小区,哈尔滨,南岗,儿童公园,1993,多层|高层,"比乐街120号,154号",126.6543472,45.75433677,1.0,20.0,,480,公寓住宅,民用,7.9,12,0.0,9578.0,Heilongjiang,Haerbin,Nangang,Heilongjiang-Haerbin
262575,华山国际商务中心,哈尔滨,南岗,海河路,2001,小高层,轩辕路6号,126.677277,45.75023501,1.0,30.0,,147,公寓住宅,民用,7.9,12,0.0,9310.0,Heilongjiang,Haerbin,Nangang,Heilongjiang-Haerbin
262916,"燎原街小区(燎原街75号,77号,宽城街84号,94号,东大直街122-1号)",哈尔滨,南岗,儿童公园,1999,小高层,"燎原街75号,77号,宽城街84号,94号,东大直街122-1号",126.6527462,45.76697754,1.0,20.0,,961,公寓住宅,民用,8.2,12,0.0,8966.0,Heilongjiang,Haerbin,Nangang,Heilongjiang-Haerbin
262915,国庆街31号院,哈尔滨,南岗,儿童公园,1990,多层,国庆街31号,126.6545341,45.74721407,1.0,20.0,,144,公寓住宅,民用,8.0,12,0.0,9296.0,Heilongjiang,Haerbin,Nangang,Heilongjiang-Haerbin
262252,鲁商凤凰城,哈尔滨,南岗,哈达,2019,高层,健兴路29号,126.6268338,45.68187734,1.0,30.0,430000.0,3844,公寓住宅,民用,8.0,12,0.02,12847.0,Heilongjiang,Haerbin,Nangang,Heilongjiang-Haerbin
262251,锦绣华城,哈尔滨,南岗,哈达,2014,高层,学府路382号,126.6187995,45.66626964,1.0,30.0,376000.0,3885,公寓住宅,民用,7.6,12,0.17,10748.0,Heilongjiang,Haerbin,Nangang,Heilongjiang-Haerbin
262249,档案小区,哈尔滨,南岗,哈西,2000,多层|小高层,学府小四道街31号,126.604162,45.705539,1.0,30.0,,364,公寓住宅,民用,7.8,12,0.0,7522.0,Heilongjiang,Haerbin,Nangang,Heilongjiang-Haerbin
262914,永和街48号院,哈尔滨,南岗,儿童公园,1989,小高层,永和街48号,126.6488938,45.75361598,1.0,20.0,,77,公寓住宅,民用,8.3,12,0.0,7475.0,Heilongjiang,Haerbin,Nangang,Heilongjiang-Haerbin
262913,"巴陵街138号院(巴陵街138号,果戈里大街108号,士课街67号)",哈尔滨,南岗,儿童公园,1989,小高层,"巴陵街138号,果戈里大街108号,士课街67号",126.6476274,45.74710371,1.0,20.0,,515,公寓住宅,民用,8.4,12,0.0,9875.0,Heilongjiang,Haerbin,Nangang,Heilongjiang-Haerbin
262912,"巴陵街小区(巴陵街31号-41号(单号),洁净街28号-58号(双号),芦家街102号-108号(双号))",哈尔滨,南岗,儿童公园,1989,多层,"巴陵街31号-41号(单号),洁净街28号-58号(双号),芦家街102号-108号(双号)",126.6579754,45.75597576,1.0,20.0,,976,公寓住宅,民用,7.9,12,-0.54,9282.0,Heilongjiang,Haerbin,Nangang,Heilongjiang-Haerbin
262911,黑山街72号院,哈尔滨,南岗,儿童公园,1990,多层,黑山街72号,126.6538823,45.7509776,1.0,20.0,,310,公寓住宅,民用,8.1,12,0.0,10437.0,Heilongjiang,Haerbin,Nangang,Heilongjiang-Haerbin
262910,"阿什河街小区(90号,102号)",哈尔滨,南岗,儿童公园,1985,多层,"阿什河街90号,102号",126.6378722,45.76083539,1.0,20.0,,213,公寓住宅,民用,8.7,12,0.0,19000.0,Heilongjiang,Haerbin,Nangang,Heilongjiang-Haerbin
262925,"邮政街小区(邮政街5号,13号,一曼街122号-140号(双号),辽阳街83号)",哈尔滨,南岗,儿童公园,1989,小高层,"邮政街5号,13号,一曼街122号-140号(双号),辽阳街83号",126.6448679,45.76651053,,20.0,,436,公寓住宅,民用,8.0,12,0.0,11551.0,Heilongjiang,Haerbin,Nangang,Heilongjiang-Haerbin
262397,经济干部学院家属楼,哈尔滨,南岗,学府,1995,多层,北航街9号,126.6006751,45.71292966,1.0,20.0,,1081,公寓住宅,民用,7.8,12,0.0,8409.0,Heilongjiang,Haerbin,Nangang,Heilongjiang-Haerbin
262398,天诚小区,哈尔滨,南岗,学府,2006,小高层,延兴路副62号,126.6124879,45.7175034,1.0,40.0,,144,公寓住宅,民用,8.3,12,0.0,12586.0,Heilongjiang,Haerbin,Nangang,Heilongjiang-Haerbin
262399,水韵小区(南岗),哈尔滨,南岗,学府,2010,多层|高层,延兴路78-6号,126.6093941,45.71976706,1.0,40.0,,300,公寓住宅,民用,7.7,12,0.0,14196.0,Heilongjiang,Haerbin,Nangang,Heilongjiang-Haerbin
262504,永和街小区(永和街98号-110号(双号)),哈尔滨,南岗,船舶,1986,小高层,永和街98号-110号(双号)),126.6457666,45.75156493,1.0,20.0,,201,公寓住宅,民用,8.0,12,0.0,8529.0,Heilongjiang,Haerbin,Nangang,Heilongjiang-Haerbin
262503,龙威大厦,哈尔滨,南岗,船舶,2004,高层,一曼街16号,126.6592131,45.77137844,1.0,30.0,,0,商住楼,商用,8.2,12,0.0,8857.0,Heilongjiang,Haerbin,Nangang,Heilongjiang-Haerbin
262502,江南春公寓,哈尔滨,南岗,船舶,2003,高层,"果戈里大街371号,邮政街105号",126.637601,45.75991432,1.0,20.0,,343,公寓住宅,民用,8.6,12,0.0,12323.0,Heilongjiang,Haerbin,Nangang,Heilongjiang-Haerbin
262501,一曼街243号小区,哈尔滨,南岗,船舶,1975,小高层,一曼街243号,126.636355,45.76409504,1.0,20.0,,42,公寓住宅,民用,8.4,12,0.0,19117.0,Heilongjiang,Haerbin,Nangang,Heilongjiang-Haerbin
262500,金百瑞小区,哈尔滨,南岗,船舶,2004,小高层,南通大街78号,126.6658165,45.77599532,1.0,30.0,,421,公寓住宅,民用,8.1,12,0.0,12688.0,Heilongjiang,Haerbin,Nangang,Heilongjiang-Haerbin
262498,自来水家属楼(南岗),哈尔滨,南岗,船舶,2006,小高层,花园街41-1号,126.6596709,45.77017119,1.0,31.0,,105,公寓住宅,民用,8.4,12,0.0,10000.0,Heilongjiang,Haerbin,Nangang,Heilongjiang-Haerbin
262507,光芒街42号小区,哈尔滨,南岗,船舶,1991,小高层,光芒街42号,126.6520832,45.74821755,1.0,20.0,,138,公寓住宅,民用,7.9,12,0.0,10437.0,Heilongjiang,Haerbin,Nangang,Heilongjiang-Haerbin
262497,东大直街66号小区,哈尔滨,南岗,船舶,2017,小高层,东大直街66号,126.6569978,45.77257618,1.0,30.0,,88,公寓住宅,民用,8.6,12,0.0,13846.0,Heilongjiang,Haerbin,Nangang,Heilongjiang-Haerbin
262495,雨阳街41号小区,哈尔滨,南岗,船舶,2000,小高层,雨阳街41号,126.6493428,45.74943499,1.0,30.0,,137,公寓住宅,民用,8.0,12,0.0,10441.0,Heilongjiang,Haerbin,Nangang,Heilongjiang-Haerbin
262494,"永和街小区(永和街33号,43号)",哈尔滨,南岗,船舶,1996,小高层,"永和街33号,43号",126.6464071,45.7522581,1.0,20.0,,192,公寓住宅,民用,7.9,12,0.0,9555.0,Heilongjiang,Haerbin,Nangang,Heilongjiang-Haerbin
262493,巴陵街79号小区,哈尔滨,南岗,船舶,1991,小高层,巴陵街79号,126.6526081,45.75123328,1.0,20.0,,154,公寓住宅,民用,8.0,12,0.0,10290.0,Heilongjiang,Haerbin,Nangang,Heilongjiang-Haerbin
262492,士课街小区(士课街60号-70号(双号)),哈尔滨,南岗,船舶,1982,小高层,士课街60号-70号(双号),126.6517431,45.75003501,1.0,20.0,,189,公寓住宅,民用,7.9,12,0.0,10375.0,Heilongjiang,Haerbin,Nangang,Heilongjiang-Haerbin
262491,人和街65号小区,哈尔滨,南岗,船舶,2013,多层,人和街65号,126.6515841,45.75574195,1.0,30.0,,99,公寓住宅,民用,8.4,12,0.0,9620.0,Heilongjiang,Haerbin,Nangang,Heilongjiang-Haerbin
262490,"河沟街小区(河沟街16号,18号)",哈尔滨,南岗,船舶,2007,小高层,"河沟街16号,18号",126.6451254,45.75383238,1.0,30.0,,70,公寓住宅,民用,8.5,12,0.0,14062.0,Heilongjiang,Haerbin,Nangang,Heilongjiang-Haerbin
262489,永和街小区(永和街18号-28号(双号)),哈尔滨,南岗,船舶,2000,小高层,永和街22号-28号(双号),126.6499652,45.75440623,1.0,30.0,,140,公寓住宅,民用,8.3,12,0.0,9777.0,Heilongjiang,Haerbin,Nangang,Heilongjiang-Haerbin
262488,大庆驻哈尔滨办事处家属楼,哈尔滨,南岗,船舶,2000,小高层,光明街11号,126.6428445,45.75373172,1.0,30.0,,133,公寓住宅,民用,9.0,12,0.0,12000.0,Heilongjiang,Haerbin,Nangang,Heilongjiang-Haerbin
262496,建设街9号小区,哈尔滨,南岗,船舶,1989,小高层,建设街9号,126.6442934,45.75433234,1.0,20.0,,168,公寓住宅,民用,8.1,12,0.0,13760.0,Heilongjiang,Haerbin,Nangang,Heilongjiang-Haerbin
262487,"光芒街小区(光芒街72号-80号(双号),巴陵街117号)",哈尔滨,南岗,船舶,1991,小高层,"光芒街72号-80号(双号),巴陵街117号",126.6500238,45.74999686,1.0,20.0,,427,公寓住宅,民用,7.9,12,0.0,9754.0,Heilongjiang,Haerbin,Nangang,Heilongjiang-Haerbin
262982,大方里学校家属楼,哈尔滨,南岗,儿童公园,1998,小高层,大方里街169号,126.6542945,45.77488482,1.0,20.0,,60,公寓住宅,民用,7.7,12,0.0,8210.0,Heilongjiang,Haerbin,Nangang,Heilongjiang-Haerbin
262984,"永和街小区(永和街56号,人和街113号)",哈尔滨,南岗,儿童公园,1989,小高层,"永和街56号,人和街113号",126.6488519,45.75338776,1.0,20.0,,84,公寓住宅,民用,7.7,12,0.0,9546.0,Heilongjiang,Haerbin,Nangang,Heilongjiang-Haerbin
263002,巴陵街84号院,哈尔滨,南岗,儿童公园,1989,多层,巴陵街84号,126.6527617,45.75119016,1.0,20.0,,184,公寓住宅,民用,7.8,12,0.0,7883.0,Heilongjiang,Haerbin,Nangang,Heilongjiang-Haerbin
263001,黑山街92号院,哈尔滨,南岗,儿童公园,1987,多层,黑山街92号,126.6532471,45.75168684,1.0,20.0,,98,公寓住宅,民用,7.8,12,0.0,9791.0,Heilongjiang,Haerbin,Nangang,Heilongjiang-Haerbin
263000,公司街60号楼,哈尔滨,南岗,儿童公园,1980,小高层,公司街60号,126.6480547,45.75392295,1.0,20.0,,171,公寓住宅,民用,7.9,12,0.0,8653.0,Heilongjiang,Haerbin,Nangang,Heilongjiang-Haerbin
262999,江南国际大厦,哈尔滨,南岗,儿童公园,2009,高层,邮政街105号,126.6378074,45.76000613,1.0,30.0,,630,公寓住宅,民用,9.0,12,0.0,13768.0,Heilongjiang,Haerbin,Nangang,Heilongjiang-Haerbin
262998,"鞍山街小区(鞍山街24号,38号)",哈尔滨,南岗,儿童公园,1994,多层,"鞍山街24号,38号",126.64435,45.76297969,1.0,20.0,,84,公寓住宅,民用,8.6,12,0.0,18666.0,Heilongjiang,Haerbin,Nangang,Heilongjiang-Haerbin
262997,"中和街小区(建新街24号,芦家街15号,中和街27-31号(单号))",哈尔滨,南岗,儿童公园,1990,多层,"建新街24号,芦家街15号,中和街27-31号(单号)",126.6552306,45.75711535,1.0,20.0,,331,公寓住宅,民用,7.8,12,0.0,9253.0,Heilongjiang,Haerbin,Nangang,Heilongjiang-Haerbin
262996,光芒街小区(光芒街83号-91号(单号)),哈尔滨,南岗,儿童公园,1990,小高层,光芒街83号-91号(单号),126.6467493,45.75287726,1.0,20.0,,140,公寓住宅,民用,8.1,12,0.0,8362.0,Heilongjiang,Haerbin,Nangang,Heilongjiang-Haerbin
262995,永和街22号院,哈尔滨,南岗,儿童公园,1989,小高层,永和街22号,126.6500887,45.75457856,1.0,20.0,,42,公寓住宅,民用,8.1,12,0.0,9068.0,Heilongjiang,Haerbin,Nangang,Heilongjiang-Haerbin
262983,"人和街小区(人和街8号-16号(双号),中和街21号)",哈尔滨,南岗,儿童公园,1996,小高层,"人和街8号-16号(双号),中和街21号",126.6556211,45.75836752,1.0,20.0,,400,公寓住宅,民用,8.2,12,0.0,7763.0,Heilongjiang,Haerbin,Nangang,Heilongjiang-Haerbin
262994,士课街31号院,哈尔滨,南岗,儿童公园,1986,小高层,士课街31号,126.6538456,45.74877602,1.0,20.0,,42,公寓住宅,民用,7.6,12,0.0,9772.0,Heilongjiang,Haerbin,Nangang,Heilongjiang-Haerbin
262992,中和街90号院,哈尔滨,南岗,儿童公园,1990,多层,中和街90号,126.6534059,45.75482776,1.0,20.0,,78,公寓住宅,民用,8.0,12,0.0,9333.0,Heilongjiang,Haerbin,Nangang,Heilongjiang-Haerbin
262991,中和街74号院,哈尔滨,南岗,儿童公园,1990,小高层,中和街74号,126.6547635,45.75620941,1.0,20.0,,98,公寓住宅,民用,8.0,12,0.0,9633.0,Heilongjiang,Haerbin,Nangang,Heilongjiang-Haerbin
262990,中和街68号院,哈尔滨,南岗,儿童公园,1990,小高层,中和街68号,126.6551955,45.75609804,1.0,20.0,,168,公寓住宅,民用,7.8,12,0.0,7307.0,Heilongjiang,Haerbin,Nangang,Heilongjiang-Haerbin
262989,中和街62号院,哈尔滨,南岗,儿童公园,1990,小高层,中和街62号,126.6553802,45.7565696,1.0,20.0,,91,公寓住宅,民用,8.0,12,0.0,10933.0,Heilongjiang,Haerbin,Nangang,Heilongjiang-Haerbin
262988,士课街92号院,哈尔滨,南岗,儿童公园,1986,小高层,士课街92号,126.6503125,45.75095773,1.0,20.0,,221,公寓住宅,民用,8.0,12,0.0,9928.0,Heilongjiang,Haerbin,Nangang,Heilongjiang-Haerbin
262987,永和街64号院,哈尔滨,南岗,儿童公园,1989,小高层,永和街64号,126.6475322,45.75278922,1.0,20.0,,102,公寓住宅,民用,7.9,12,0.0,7777.0,Heilongjiang,Haerbin,Nangang,Heilongjiang-Haerbin
262986,龙之港大厦,哈尔滨,南岗,儿童公园,2003,高层,宣利街2号,126.6651965,45.75180988,1.0,20.0,,126,公寓住宅,民用,7.7,12,0.0,9800.0,Heilongjiang,Haerbin,Nangang,Heilongjiang-Haerbin
262985,分乐小区,哈尔滨,南岗,儿童公园,1990,小高层,比乐街150号,126.6543124,45.75454593,1.0,20.0,,371,公寓住宅,民用,7.7,12,0.0,9968.0,Heilongjiang,Haerbin,Nangang,Heilongjiang-Haerbin
262993,中国石油东北公司哈尔滨公司F210栋家属楼,哈尔滨,南岗,儿童公园,2000,多层,宣化街308号,126.6611587,45.76084513,1.0,30.0,,72,公寓住宅,民用,8.0,12,0.0,9056.0,Heilongjiang,Haerbin,Nangang,Heilongjiang-Haerbin
266866,龙珅花园,哈尔滨,香坊,闽江路,2008,多层,红旗大街289号,126.6907987,45.74412612,1.0,45.0,,699,公寓住宅,民用,8.8,12,0.99,7925.0,Heilongjiang,Haerbin,Nangang,Heilongjiang-Haerbin
266867,汉水嘉园,哈尔滨,香坊,闽江路,2007,多层,汉水路128号,126.6935636,45.74181401,1.0,20.0,,402,公寓住宅,民用,8.2,12,0.0,11741.0,Heilongjiang,Haerbin,Nangang,Heilongjiang-Haerbin
266868,山水嘉园(北区),哈尔滨,香坊,闽江路,2007,小高层,汉水路84号,126.7004563,45.74090084,1.0,37.0,,953,公寓住宅,民用,8.5,12,0.2,11437.0,Heilongjiang,Haerbin,Nangang,Heilongjiang-Haerbin
262964,洁净街17号小区,哈尔滨,南岗,儿童公园,1992,小高层,洁净街17号,126.65583,45.75549048,1.0,20.0,,91,公寓住宅,民用,7.7,12,0.0,10392.0,Heilongjiang,Haerbin,Nangang,Heilongjiang-Haerbin
262963,比乐街82号小区,哈尔滨,南岗,儿童公园,2012,多层,比乐街82号,126.6569631,45.75673282,1.0,30.0,,254,公寓住宅,民用,7.8,12,0.0,8461.0,Heilongjiang,Haerbin,Nangang,Heilongjiang-Haerbin
262962,分部街69号小区,哈尔滨,南岗,儿童公园,1991,小高层,分部街69号,126.6507402,45.75563911,1.0,20.0,,81,公寓住宅,民用,8.0,12,0.0,9645.0,Heilongjiang,Haerbin,Nangang,Heilongjiang-Haerbin
262961,比乐街182号小区,哈尔滨,南岗,儿童公园,2012,多层,比乐街182号,126.6531256,45.75351662,1.0,30.0,,132,公寓住宅,民用,7.9,12,0.0,8400.0,Heilongjiang,Haerbin,Nangang,Heilongjiang-Haerbin
262960,大成街99-4号小区,哈尔滨,南岗,儿童公园,1991,多层,大成街99-4号,126.6593925,45.76079914,1.0,20.0,,93,公寓住宅,民用,7.7,12,0.0,8000.0,Heilongjiang,Haerbin,Nangang,Heilongjiang-Haerbin
262959,分部街75号小区,哈尔滨,南岗,儿童公园,2003,多层,分部街75号,126.6500849,45.75573501,1.0,30.0,,0,公寓住宅,民用,8.1,12,0.0,7800.0,Heilongjiang,Haerbin,Nangang,Heilongjiang-Haerbin
262958,芦家街119号小区,哈尔滨,南岗,儿童公园,2004,小高层,芦家街119号,126.6536336,45.75642605,1.0,30.0,,0,公寓住宅,民用,8.2,12,0.0,10123.0,Heilongjiang,Haerbin,Nangang,Heilongjiang-Haerbin
262957,崇德小区,哈尔滨,南岗,儿童公园,2005,小高层,建新街,126.6544191,45.75880647,,30.0,,298,公寓住宅,民用,8.0,12,0.0,9000.0,Heilongjiang,Haerbin,Nangang,Heilongjiang-Haerbin
262965,新永和街7号小区,哈尔滨,南岗,儿童公园,2002,多层|小高层,新永和街7号,126.6495751,45.75611997,1.0,30.0,,82,公寓住宅,民用,8.0,12,0.0,8064.0,Heilongjiang,Haerbin,Nangang,Heilongjiang-Haerbin
262956,"洁净街小区(洁净街5号,13号)",哈尔滨,南岗,儿童公园,2001,多层,"洁净街5号,13号",126.6563634,45.75587536,,30.0,,56,公寓住宅,民用,7.9,12,0.0,10276.0,Heilongjiang,Haerbin,Nangang,Heilongjiang-Haerbin
262954,洁净街3号院,哈尔滨,南岗,儿童公园,2012,多层,洁净街3号,126.6570952,45.75653002,1.0,30.0,,77,公寓住宅,民用,7.8,12,0.0,8100.0,Heilongjiang,Haerbin,Nangang,Heilongjiang-Haerbin
262953,建设街15号小区,哈尔滨,南岗,儿童公园,2003,多层,建设街15号,126.6438094,45.75449914,,30.0,,120,公寓住宅,民用,8.4,12,0.0,10800.0,Heilongjiang,Haerbin,Nangang,Heilongjiang-Haerbin
262955,中和街108号住宅楼,哈尔滨,南岗,儿童公园,1995,多层,中和街108号,126.6519704,45.75374029,1.0,20.0,,156,公寓住宅,民用,7.9,12,0.0,8900.0,Heilongjiang,Haerbin,Nangang,Heilongjiang-Haerbin
262966,花园街184号小区,哈尔滨,南岗,儿童公园,1991,小高层,花园街184号,126.6516602,45.76427505,1.0,20.0,,72,公寓住宅,民用,8.0,12,0.0,6235.0,Heilongjiang,Haerbin,Nangang,Heilongjiang-Haerbin
262967,深业大厦,哈尔滨,南岗,儿童公园,1984,超高层,东大直街261号,126.6419891,45.76073951,1.0,20.0,,504,商住楼,商用,8.3,12,0.0,11748.0,Heilongjiang,Haerbin,Nangang,Heilongjiang-Haerbin
262968,阿什河街105号小区,哈尔滨,南岗,儿童公园,1991,小高层,阿什河街105号,126.638042,45.76098171,1.0,20.0,,0,公寓住宅,民用,8.1,12,0.0,18823.0,Heilongjiang,Haerbin,Nangang,Heilongjiang-Haerbin
266872,沈后部队家属楼,哈尔滨,香坊,闽江路,2000,小高层,红旗大街261-1号,126.6902024,45.74173655,1.0,30.0,,0,公寓住宅,民用,8.1,12,0.0,7672.0,Heilongjiang,Haerbin,Nangang,Heilongjiang-Haerbin
266873,专家公寓,哈尔滨,香坊,闽江路,1991,小高层,乐山路1号,126.6907778,45.74029916,1.0,20.0,,112,公寓住宅,民用,7.9,12,0.0,8201.0,Heilongjiang,Haerbin,Nangang,Heilongjiang-Haerbin
266874,人和公寓,哈尔滨,香坊,闽江路,2000,高层,汉水路161-1号,126.6966612,45.74215405,1.0,23.0,,175,公寓住宅,民用,7.8,12,0.0,9677.0,Heilongjiang,Haerbin,Nangang,Heilongjiang-Haerbin
262486,比乐街125号小区,哈尔滨,南岗,船舶,2012,小高层,比乐街125号,126.6514183,45.7523886,1.0,30.0,,144,公寓住宅,民用,8.2,12,0.0,8378.0,Heilongjiang,Haerbin,Nangang,Heilongjiang-Haerbin
266875,软件园公寓,哈尔滨,香坊,闽江路,1999,多层,汉水路96号,126.6955528,45.74176441,1.0,20.0,,85,公寓住宅,民用,7.9,12,0.0,11578.0,Heilongjiang,Haerbin,Nangang,Heilongjiang-Haerbin
262485,中学胡同小区(中学胡同2号-14号(双号)),哈尔滨,南岗,船舶,1991,多层,中学胡同2号-14号(双号),126.6322992,45.75594693,1.0,20.0,,216,公寓住宅,民用,8.4,12,0.0,10000.0,Heilongjiang,Haerbin,Nangang,Heilongjiang-Haerbin
262981,"一曼街小区(一曼街144-1号,144-2号,144-3号,144-4号,东大直街87号,113号)",哈尔滨,南岗,儿童公园,1990,小高层,"一曼街144-1号,144-2号,144-3号,144-4号,东大直街87号,113号",126.6493256,45.76767108,,20.0,,759,公寓住宅,民用,8.1,12,0.0,9183.0,Heilongjiang,Haerbin,Nangang,Heilongjiang-Haerbin
262980,光芒街12-24号小区,哈尔滨,南岗,儿童公园,1991,小高层,"光芒街12号,22号,24号",126.6544954,45.74636296,1.0,20.0,,161,公寓住宅,民用,7.5,12,0.0,7439.0,Heilongjiang,Haerbin,Nangang,Heilongjiang-Haerbin
262979,广电小区(南岗),哈尔滨,南岗,儿童公园,1996,小高层,文林街11-19号,126.6384615,45.73537342,1.0,20.0,,1134,公寓住宅,民用,7.7,12,0.0,8135.0,Heilongjiang,Haerbin,Nangang,Heilongjiang-Haerbin
262978,分部街小区(分部街98号-102号(双号)),哈尔滨,南岗,儿童公园,1993,小高层,分部街98号-102号(双号),126.6523581,45.75401536,1.0,20.0,,136,公寓住宅,民用,8.1,12,0.0,7878.0,Heilongjiang,Haerbin,Nangang,Heilongjiang-Haerbin
262977,"建新街小区(建新街20号,22号)",哈尔滨,南岗,儿童公园,1988,小高层,"建新街20号,22号",126.6562845,45.75739236,1.0,20.0,,42,公寓住宅,民用,7.7,12,0.0,7782.0,Heilongjiang,Haerbin,Nangang,Heilongjiang-Haerbin
262976,永和街小区(永和街34号-38号(双号)),哈尔滨,南岗,儿童公园,1986,小高层,永和街34号-38号(双号),126.6495071,45.75407599,1.0,20.0,,126,公寓住宅,民用,7.6,12,0.0,9563.0,Heilongjiang,Haerbin,Nangang,Heilongjiang-Haerbin
262975,洁净街小区(洁净街76-82号(双号)),哈尔滨,南岗,儿童公园,2000,小高层,洁净街76-82号(双号),126.6533877,45.75252294,1.0,30.0,,322,公寓住宅,民用,7.7,12,0.0,9529.0,Heilongjiang,Haerbin,Nangang,Heilongjiang-Haerbin
262974,比乐街37号小区,哈尔滨,南岗,儿童公园,2012,小高层,比乐街37号,126.6566956,45.75702629,1.0,30.0,,63,公寓住宅,民用,8.0,12,0.0,8000.0,Heilongjiang,Haerbin,Nangang,Heilongjiang-Haerbin
262973,比乐街165号小区,哈尔滨,南岗,儿童公园,2012,小高层,比乐街165号,126.6485931,45.75041286,1.0,30.0,,126,公寓住宅,民用,7.9,12,0.0,5967.0,Heilongjiang,Haerbin,Nangang,Heilongjiang-Haerbin
262972,黑山街57号小区,哈尔滨,南岗,儿童公园,1991,小高层,黑山街57号,126.6546333,45.751401,1.0,20.0,,168,公寓住宅,民用,7.7,12,0.0,8511.0,Heilongjiang,Haerbin,Nangang,Heilongjiang-Haerbin
262971,中和街39号小区,哈尔滨,南岗,儿童公园,2005,小高层,中和街39号,126.6528855,45.75492839,1.0,30.0,,126,公寓住宅,民用,8.0,12,0.0,7428.0,Heilongjiang,Haerbin,Nangang,Heilongjiang-Haerbin
262970,人和街55号小区,哈尔滨,南岗,儿童公园,2013,小高层,人和街55号,126.6529257,45.756505,1.0,30.0,,128,公寓住宅,民用,8.0,12,0.0,10769.0,Heilongjiang,Haerbin,Nangang,Heilongjiang-Haerbin
262969,邮政街小区(邮政街70号-78号(双号)),哈尔滨,南岗,儿童公园,1991,小高层,邮政街70号-78号(双号),126.6446684,45.76527136,1.0,20.0,,91,公寓住宅,民用,8.1,12,0.0,20974.0,Heilongjiang,Haerbin,Nangang,Heilongjiang-Haerbin
263003,"黑山街小区(黑山街62号,66号)",哈尔滨,南岗,儿童公园,1987,多层,"黑山街62号,66号",126.6541077,45.75081509,1.0,20.0,,193,公寓住宅,民用,7.7,12,0.0,10418.0,Heilongjiang,Haerbin,Nangang,Heilongjiang-Haerbin
263004,士课街27号院,哈尔滨,南岗,儿童公园,1986,小高层,士课街27号,126.6546156,45.74826512,1.0,20.0,,97,公寓住宅,民用,7.6,12,0.0,8542.0,Heilongjiang,Haerbin,Nangang,Heilongjiang-Haerbin
263005,士课街21号院,哈尔滨,南岗,儿童公园,1986,小高层,士课街21号,126.6549559,45.74792205,1.0,20.0,,106,公寓住宅,民用,7.6,12,0.0,9687.0,Heilongjiang,Haerbin,Nangang,Heilongjiang-Haerbin
263006,巴山街68号院,哈尔滨,南岗,儿童公园,1982,小高层,巴山街68号,126.6546435,45.74870416,1.0,20.0,,164,公寓住宅,民用,7.6,12,0.0,9511.0,Heilongjiang,Haerbin,Nangang,Heilongjiang-Haerbin
262532,宣庆小区,哈尔滨,南岗,省人才,1995,多层,黄河路副50号,126.6723389,45.74868083,1.0,35.0,,3745,公寓住宅,民用,8.1,12,-0.51,8803.0,Heilongjiang,Haerbin,Nangang,Heilongjiang-Haerbin
262533,鸿翔名苑,哈尔滨,南岗,省人才,2008,小高层,鸿翔路28号,126.6670595,45.74521719,1.0,20.0,,892,公寓住宅,民用,7.9,12,0.21,11060.0,Heilongjiang,Haerbin,Nangang,Heilongjiang-Haerbin
262534,金桂园,哈尔滨,南岗,省人才,2004,高层,汉水路389号,126.6715434,45.74479816,1.0,30.0,,616,公寓住宅,民用,8.2,12,0.0,10362.0,Heilongjiang,Haerbin,Nangang,Heilongjiang-Haerbin
262535,荣耀宝座,哈尔滨,南岗,省人才,2009,高层,丽顺街17-19-21号,126.6685186,45.74345581,1.0,25.0,,274,公寓住宅,民用,8.1,12,-0.14,8194.0,Heilongjiang,Haerbin,Nangang,Heilongjiang-Haerbin
262536,丽景天地,哈尔滨,南岗,省人才,2003,多层,美顺街21号,126.6698319,45.74263038,1.0,30.0,,304,公寓住宅,民用,8.2,12,-0.02,8915.0,Heilongjiang,Haerbin,Nangang,Heilongjiang-Haerbin
262537,名人府邸,哈尔滨,南岗,省人才,2001,高层,汉水路307号,126.6765996,45.74533068,1.0,35.0,,300,公寓住宅,民用,8.2,12,-2.86,8342.0,Heilongjiang,Haerbin,Nangang,Heilongjiang-Haerbin
262538,军悦公寓,哈尔滨,南岗,省人才,2006,小高层|高层,鸿翔路55号,126.6688549,45.74448066,1.0,20.0,,365,公寓住宅,民用,8.0,12,-1.87,8963.0,Heilongjiang,Haerbin,Nangang,Heilongjiang-Haerbin
262539,蓝天荣府,哈尔滨,南岗,省人才,2009,高层,长江路57号,126.6637509,45.74639235,1.0,20.0,,642,公寓住宅,民用,8.1,12,0.44,12796.0,Heilongjiang,Haerbin,Nangang,Heilongjiang-Haerbin
262530,红星花园,哈尔滨,南岗,船舶,2008,多层|小高层,一曼街2-208号,126.6710965,45.76819489,1.0,20.0,,701,公寓住宅,民用,7.9,12,0.0,14080.0,Heilongjiang,Haerbin,Nangang,Heilongjiang-Haerbin
262540,宏景天地,哈尔滨,南岗,省人才,2002,高层,衡山路84号,126.6724064,45.74368347,1.0,20.0,,232,公寓住宅,民用,8.0,12,0.0,9236.0,Heilongjiang,Haerbin,Nangang,Heilongjiang-Haerbin
262542,辰能大厦,哈尔滨,南岗,省人才,2005,小高层,长江路99-9号,126.6759452,45.74807742,1.0,36.0,,624,公寓住宅,民用,8.3,12,0.0,9306.0,Heilongjiang,Haerbin,Nangang,Heilongjiang-Haerbin
262543,民航综合楼,哈尔滨,南岗,省人才,2003,高层,长江路99号,126.6739959,45.74784003,1.0,30.0,,161,公寓住宅,民用,8.0,12,0.0,10733.0,Heilongjiang,Haerbin,Nangang,Heilongjiang-Haerbin
262544,宣礼街66号院,哈尔滨,南岗,省人才,1987,多层,宣礼街66号,126.6629639,45.74939713,1.0,20.0,,144,公寓住宅,民用,7.7,12,0.0,7942.0,Heilongjiang,Haerbin,Nangang,Heilongjiang-Haerbin
262545,长江路51号小区,哈尔滨,南岗,省人才,1991,小高层,长江路51号,126.6633783,45.7445573,1.0,20.0,,192,公寓住宅,民用,8.0,12,0.0,8611.0,Heilongjiang,Haerbin,Nangang,Heilongjiang-Haerbin
262546,宣礼街80号院,哈尔滨,南岗,省人才,1987,多层,宣礼街80号,126.6639355,45.74933591,1.0,20.0,,392,公寓住宅,民用,7.7,12,0.0,8000.0,Heilongjiang,Haerbin,Nangang,Heilongjiang-Haerbin
262547,长江路副67-1号小区,哈尔滨,南岗,省人才,1991,小高层,长江路副67-1号,126.6662125,45.74662169,1.0,20.0,,0,公寓住宅,民用,8.0,12,0.0,9135.0,Heilongjiang,Haerbin,Nangang,Heilongjiang-Haerbin
262548,"宣信街小区(宣信街52号,54号,56号)",哈尔滨,南岗,省人才,1991,小高层,"宣信街52号,54号,56号",126.6631902,45.74822528,1.0,20.0,,168,公寓住宅,民用,7.6,12,0.0,9032.0,Heilongjiang,Haerbin,Nangang,Heilongjiang-Haerbin
262549,宣信街12号小区,哈尔滨,南岗,省人才,1991,小高层,宣信街12号,126.6670505,45.747727,1.0,20.0,,141,公寓住宅,民用,7.9,12,0.0,9657.0,Heilongjiang,Haerbin,Nangang,Heilongjiang-Haerbin
262541,阳光2000,哈尔滨,南岗,省人才,2001,多层,玉山路49号,126.6798914,45.74269558,1.0,30.0,,129,公寓住宅,民用,8.5,12,0.0,10102.0,Heilongjiang,Haerbin,Nangang,Heilongjiang-Haerbin
262529,省体育局家属楼,哈尔滨,南岗,船舶,1998,高层,南通大街,126.6674218,45.77941668,,20.0,,30,公寓住宅,民用,8.2,12,0.0,10198.0,Heilongjiang,Haerbin,Nangang,Heilongjiang-Haerbin
262528,"交通街小区(交通街4号-12号(双号),河沟街76号)",哈尔滨,南岗,船舶,1989,小高层,"交通街4号-12号(双号),河沟街76号",126.6416215,45.75102484,1.0,20.0,,151,公寓住宅,民用,8.3,12,0.0,9636.0,Heilongjiang,Haerbin,Nangang,Heilongjiang-Haerbin
262527,糖业公司家属楼,哈尔滨,南岗,船舶,2000,小高层,"黑山街4-2号,8号,10号,10-2号",126.6569397,45.74883216,1.0,30.0,,220,公寓住宅,民用,7.2,12,0.0,8200.0,Heilongjiang,Haerbin,Nangang,Heilongjiang-Haerbin
262508,宣化街236号小区,哈尔滨,南岗,船舶,1998,小高层,宣化街236号,126.661263,45.75550875,1.0,20.0,,108,公寓住宅,民用,7.7,12,0.0,10000.0,Heilongjiang,Haerbin,Nangang,Heilongjiang-Haerbin
262509,"宁江胡同小区(3号,鞍山街54号)",哈尔滨,南岗,船舶,1991,小高层,"宁江胡同3号,鞍山街54号",126.6452716,45.76103352,1.0,20.0,,80,公寓住宅,民用,8.5,12,0.0,17968.0,Heilongjiang,Haerbin,Nangang,Heilongjiang-Haerbin
262510,果戈里大街286号小区,哈尔滨,南岗,船舶,1991,小高层,果戈里大街286号,126.6449675,45.7550147,1.0,20.0,,32,公寓住宅,民用,7.9,12,0.0,11562.0,Heilongjiang,Haerbin,Nangang,Heilongjiang-Haerbin
262511,"分部街小区(分部街7号,7-1号,国庆街8号)",哈尔滨,南岗,船舶,1991,小高层,"分部街7号,7-1号,国庆街8号",126.660337,45.74956604,1.0,20.0,,208,公寓住宅,民用,7.4,12,0.0,5982.0,Heilongjiang,Haerbin,Nangang,Heilongjiang-Haerbin
262512,平准街48号小区,哈尔滨,南岗,船舶,2004,小高层,平准街48号,126.6626483,45.75629202,1.0,30.0,,96,公寓住宅,民用,8.2,12,0.0,9264.0,Heilongjiang,Haerbin,Nangang,Heilongjiang-Haerbin
262513,光芒街小区(光芒街94号-98号(双号)),哈尔滨,南岗,船舶,1991,小高层,光芒街94号-98号(双号),126.6484,45.75122639,1.0,20.0,,133,公寓住宅,民用,7.6,12,0.0,9010.0,Heilongjiang,Haerbin,Nangang,Heilongjiang-Haerbin
262514,木介街小区(木介街6号-14号(双号)),哈尔滨,南岗,船舶,1991,小高层,木介街6号-14号(双号),126.6427192,45.75130672,1.0,20.0,,339,公寓住宅,民用,8.2,12,0.0,8372.0,Heilongjiang,Haerbin,Nangang,Heilongjiang-Haerbin
262515,巴陵街95号小区,哈尔滨,南岗,船舶,1991,小高层,巴陵街95号,126.6509421,45.75026647,1.0,20.0,,84,公寓住宅,民用,7.8,12,0.0,8437.0,Heilongjiang,Haerbin,Nangang,Heilongjiang-Haerbin
262516,大成街33号小区,哈尔滨,南岗,船舶,1991,小高层,大成街33号,126.66729,45.75928372,1.0,20.0,,54,公寓住宅,民用,7.7,12,0.0,9375.0,Heilongjiang,Haerbin,Nangang,Heilongjiang-Haerbin
262517,巴陵街小区(巴陵街196号-208号(双号)),哈尔滨,南岗,船舶,1991,小高层,巴陵街196号-208号(双号),126.6494165,45.74882303,1.0,20.0,,140,公寓住宅,民用,7.7,12,0.0,7234.0,Heilongjiang,Haerbin,Nangang,Heilongjiang-Haerbin
262518,宣化街163号小区,哈尔滨,南岗,船舶,1998,小高层,宣化街163号,126.6621096,45.75224116,1.0,20.0,,0,公寓住宅,民用,7.5,12,0.0,9250.0,Heilongjiang,Haerbin,Nangang,Heilongjiang-Haerbin
262519,"一曼街小区(一曼街2号,4号,50-6号)",哈尔滨,南岗,船舶,2002,多层,"一曼街2号,4号,50-6号",126.6600619,45.77186406,1.0,30.0,,400,公寓住宅,民用,7.9,12,0.0,9433.0,Heilongjiang,Haerbin,Nangang,Heilongjiang-Haerbin
262520,比乐街222号小区,哈尔滨,南岗,船舶,2012,小高层,比乐街222号,126.6508434,45.75143671,1.0,30.0,,228,公寓住宅,民用,7.9,12,0.0,10500.0,Heilongjiang,Haerbin,Nangang,Heilongjiang-Haerbin
262521,南通大街128号小区,哈尔滨,南岗,船舶,1991,高层,南通大街128号,126.6635594,45.77977724,1.0,20.0,,588,商住楼,商用,8.1,12,0.0,12592.0,Heilongjiang,Haerbin,Nangang,Heilongjiang-Haerbin
262522,轻工大厦,哈尔滨,南岗,船舶,2006,高层,东大直街302号,126.6422757,45.75970884,1.0,30.0,,555,公寓住宅,民用,8.2,12,0.0,8513.0,Heilongjiang,Haerbin,Nangang,Heilongjiang-Haerbin
262523,人和胡同5号小区,哈尔滨,南岗,船舶,1998,小高层,人和胡同5号,126.6533559,45.75828828,1.0,20.0,,208,公寓住宅,民用,7.9,12,0.0,9222.0,Heilongjiang,Haerbin,Nangang,Heilongjiang-Haerbin
262524,一曼街29-2号小区,哈尔滨,南岗,船舶,2002,小高层,一曼街29-2号,126.6577121,45.77172269,1.0,30.0,,207,公寓住宅,民用,7.8,12,0.0,9146.0,Heilongjiang,Haerbin,Nangang,Heilongjiang-Haerbin
262525,龙江街90号小区,哈尔滨,南岗,船舶,1991,小高层,龙江街90号,126.639888,45.76299877,1.0,20.0,,203,公寓住宅,民用,8.3,12,0.0,13731.0,Heilongjiang,Haerbin,Nangang,Heilongjiang-Haerbin
262526,交电小区,哈尔滨,南岗,船舶,2006,小高层,"交电街2,8,10,12号",126.6578318,45.7640485,1.0,30.0,,244,公寓住宅,民用,7.9,12,0.0,7567.0,Heilongjiang,Haerbin,Nangang,Heilongjiang-Haerbin
262550,检察院家属楼,哈尔滨,南岗,省人才,1997,多层,长江路85号,126.6700667,45.7485027,1.0,32.0,,405,公寓住宅,民用,7.9,12,0.0,8800.0,Heilongjiang,Haerbin,Nangang,Heilongjiang-Haerbin
263024,理工家属楼(南岗),哈尔滨,南岗,保健路,1991,多层,学府头道街52号,126.6098159,45.71506826,1.0,20.0,,1161,公寓住宅,民用,7.7,12,0.0,8229.0,Heilongjiang,Haerbin,Nangang,Heilongjiang-Haerbin
263023,鼎力叶知林,哈尔滨,南岗,保健路,2014,高层|超高层,哈平路132号,126.6363183,45.7009176,1.0,31.0,,768,公寓住宅,民用,7.8,12,0.12,11645.0,Heilongjiang,Haerbin,Nangang,Heilongjiang-Haerbin
263022,林科家园,哈尔滨,南岗,保健路,2008,多层,保健路7号,126.6328225,45.69919396,1.0,33.0,,357,公寓住宅,民用,7.9,12,0.0,9062.0,Heilongjiang,Haerbin,Nangang,Heilongjiang-Haerbin
263021,大众新城(三期),哈尔滨,南岗,保健路,2007,小高层,征仪路377号,126.6301984,45.69595433,1.0,40.0,,1125,公寓住宅,民用,8.3,12,-1.23,10326.0,Heilongjiang,Haerbin,Nangang,Heilongjiang-Haerbin
263020,盟科涵舍,哈尔滨,南岗,保健路,2013,小高层|高层,保健副路6号,126.631299,45.70040178,1.0,35.4,,1363,公寓住宅,民用,8.0,12,-0.03,11773.0,Heilongjiang,Haerbin,Nangang,Heilongjiang-Haerbin
263019,黑龙江电力小区,哈尔滨,南岗,儿童公园,1987,多层,中和街45号,126.6522456,45.75473266,1.0,20.0,,126,公寓住宅,民用,8.1,12,0.0,9432.0,Heilongjiang,Haerbin,Nangang,Heilongjiang-Haerbin
263018,儒贵园小区,哈尔滨,南岗,儿童公园,1998,多层|小高层,邮政街128号,126.6408867,45.76283502,1.0,30.0,,93,公寓住宅,民用,8.7,12,0.0,18300.0,Heilongjiang,Haerbin,Nangang,Heilongjiang-Haerbin
263017,中和嘉园,哈尔滨,南岗,儿童公园,2003,多层,中和街110号,126.6521996,45.75351021,1.0,26.0,,87,公寓住宅,民用,8.2,12,0.0,9848.0,Heilongjiang,Haerbin,Nangang,Heilongjiang-Haerbin
263026,中国农业银行培训学校家属楼,哈尔滨,南岗,保健路,2015,小高层,学府三道街5号,126.6211831,45.71301237,1.0,30.0,,133,公寓住宅,民用,7.8,12,0.0,7500.0,Heilongjiang,Haerbin,Nangang,Heilongjiang-Haerbin
263016,畜牧局住宅楼,哈尔滨,南岗,儿童公园,1993,多层|高层,新永和街56号,126.6527499,45.74238708,1.0,20.0,,160,公寓住宅,民用,7.3,12,0.0,7777.0,Heilongjiang,Haerbin,Nangang,Heilongjiang-Haerbin
263014,新发小区(北区),哈尔滨,南岗,儿童公园,1996,多层,新文街36号,126.6564156,45.76953916,1.0,15.0,,1722,公寓住宅,民用,8.0,12,0.0,10301.0,Heilongjiang,Haerbin,Nangang,Heilongjiang-Haerbin
263013,中国石油哈尔滨公司F19栋家属楼,哈尔滨,南岗,儿童公园,1986,小高层|高层,交电街5号,126.6580897,45.76439709,1.0,30.0,,70,公寓住宅,民用,7.8,12,0.0,8717.0,Heilongjiang,Haerbin,Nangang,Heilongjiang-Haerbin
263012,革新街35号小区,哈尔滨,南岗,儿童公园,1990,小高层,革新街35号,126.6557717,45.75153326,1.0,20.0,,81,公寓住宅,民用,7.6,12,0.0,8947.0,Heilongjiang,Haerbin,Nangang,Heilongjiang-Haerbin
263011,人和街小区(人和街114-134号(双号)),哈尔滨,南岗,儿童公园,1999,多层,人和街114号-134号(双号),126.649979,45.75300675,1.0,20.0,,173,公寓住宅,民用,7.9,12,0.0,7241.0,Heilongjiang,Haerbin,Nangang,Heilongjiang-Haerbin
263010,果戈里大街小区,哈尔滨,南岗,儿童公园,1989,小高层,"果戈里大街13号,25号",126.6573652,45.74778361,1.0,20.0,,80,公寓住宅,民用,7.7,12,0.0,9818.0,Heilongjiang,Haerbin,Nangang,Heilongjiang-Haerbin
263009,永和街74-96号小区,哈尔滨,南岗,儿童公园,1989,多层,永和街96号,126.6463732,45.75185077,1.0,20.0,,84,公寓住宅,民用,7.9,12,0.0,9515.0,Heilongjiang,Haerbin,Nangang,Heilongjiang-Haerbin
263008,巴山街58号院,哈尔滨,南岗,儿童公园,1982,小高层,巴山街58号,126.6549128,45.74880241,1.0,20.0,,144,公寓住宅,民用,7.7,12,0.0,8381.0,Heilongjiang,Haerbin,Nangang,Heilongjiang-Haerbin
263007,永和街19号院,哈尔滨,南岗,儿童公园,1989,小高层,永和街19号,126.6490481,45.75417669,1.0,20.0,,161,公寓住宅,民用,8.0,12,0.0,9781.0,Heilongjiang,Haerbin,Nangang,Heilongjiang-Haerbin
263015,铁岭社区,哈尔滨,南岗,儿童公园,2000,多层|高层,铁岭街42号,126.6466029,45.76253266,1.0,30.0,,449,公寓住宅,民用,8.7,12,0.0,20666.0,Heilongjiang,Haerbin,Nangang,Heilongjiang-Haerbin
263027,投资专科学校家属楼,哈尔滨,南岗,保健路,2002,小高层,学府三道街7号,126.6211048,45.71211197,1.0,30.0,,264,公寓住宅,民用,7.7,12,0.0,8783.0,Heilongjiang,Haerbin,Nangang,Heilongjiang-Haerbin
263028,鲁商悦未来,哈尔滨,南岗,保健路,Oct-21,高层,健平街,126.6246421,45.68385903,,30.0,,1997,公寓住宅,民用,7.9,12,-0.64,10961.0,Heilongjiang,Haerbin,Nangang,Heilongjiang-Haerbin
262555,赣水路小区,哈尔滨,南岗,省人才,2015,低层,赣水路,126.6670729,45.74114442,,50.0,,16,公寓住宅,民用,8.0,12,0.0,12000.0,Heilongjiang,Haerbin,Nangang,Heilongjiang-Haerbin
262556,宣信街3号小区,哈尔滨,南岗,省人才,1991,多层,宣信街3号,126.6658335,45.7485744,1.0,20.0,,72,公寓住宅,民用,7.7,12,0.0,9340.0,Heilongjiang,Haerbin,Nangang,Heilongjiang-Haerbin
262557,平明街2号小区,哈尔滨,南岗,省人才,1991,小高层,平明街2号,126.666003,45.74741478,1.0,20.0,,213,公寓住宅,民用,8.0,12,0.0,7342.0,Heilongjiang,Haerbin,Nangang,Heilongjiang-Haerbin
262558,红星名苑(东区),哈尔滨,南岗,省人才,2003,低层,宣化街87号,126.661932,45.7472595,1.0,35.0,,0,别墅,民用,8.2,12,0.0,13233.0,Heilongjiang,Haerbin,Nangang,Heilongjiang-Haerbin
262559,芦家街小区(芦家街10号-14号(双号)),哈尔滨,南岗,省人才,1991,小高层,芦家街10号-14号(双号),126.6665555,45.753692,1.0,20.0,,63,公寓住宅,民用,7.9,12,0.0,9801.0,Heilongjiang,Haerbin,Nangang,Heilongjiang-Haerbin
262560,宣信街28号小区,哈尔滨,南岗,省人才,1991,小高层,宣信街28号,126.6655462,45.74822218,1.0,20.0,,105,公寓住宅,民用,7.8,12,0.0,9348.0,Heilongjiang,Haerbin,Nangang,Heilongjiang-Haerbin
262561,龙创新世纪,哈尔滨,南岗,省人才,2021,高层,"华山路,近赣水路",126.6768604,45.74023446,,10.0,,2115,公寓住宅,民用,8.2,12,0.0,9098.0,Heilongjiang,Haerbin,Nangang,Heilongjiang-Haerbin
262562,长江路85号小区,哈尔滨,南岗,省人才,2000,小高层,长江路85号,126.670585,45.7482158,1.0,30.0,,353,公寓住宅,民用,7.6,12,0.0,8668.0,Heilongjiang,Haerbin,Nangang,Heilongjiang-Haerbin
262563,宣西电业小区,哈尔滨,南岗,省人才,1996,多层,黄河路11号,126.6667587,45.75189746,1.0,30.0,,550,公寓住宅,民用,7.5,12,0.0,6953.0,Heilongjiang,Haerbin,Nangang,Heilongjiang-Haerbin
262564,宣信小区,哈尔滨,南岗,省人才,1990,小高层,宣信街40号,126.6662842,45.74812206,1.0,20.0,,262,公寓住宅,民用,7.4,12,0.0,9545.0,Heilongjiang,Haerbin,Nangang,Heilongjiang-Haerbin
262565,省地震局家属楼,哈尔滨,南岗,省人才,1990,小高层,鸿翔路26号,126.6675314,45.7441381,1.0,20.0,,68,公寓住宅,民用,7.5,12,0.0,9464.0,Heilongjiang,Haerbin,Nangang,Heilongjiang-Haerbin
262566,泰海花园小区,哈尔滨,南岗,海河路,2002,多层,南直路352号,126.6997578,45.75624482,1.0,26.0,,3908,公寓住宅,民用,8.0,12,-0.04,11922.0,Heilongjiang,Haerbin,Nangang,Heilongjiang-Haerbin
262567,体育学院家属楼,哈尔滨,南岗,海河路,2000,小高层,华山北路2号,126.6717063,45.75544558,1.0,30.0,,472,公寓住宅,民用,8.0,12,0.0,9223.0,Heilongjiang,Haerbin,Nangang,Heilongjiang-Haerbin
262568,宣庆街55号小区,哈尔滨,南岗,海河路,1991,小高层,宣庆街55号,126.6691686,45.75462956,1.0,20.0,,280,公寓住宅,民用,7.8,12,0.0,8583.0,Heilongjiang,Haerbin,Nangang,Heilongjiang-Haerbin
262569,马端街100-102号小区,哈尔滨,南岗,海河路,2006,小高层,"马端街100,102号",126.671007,45.76079636,1.0,30.0,,426,公寓住宅,民用,8.4,12,0.0,8360.0,Heilongjiang,Haerbin,Nangang,Heilongjiang-Haerbin
262570,"大成街小区(大成街9号,11号,十字街125号,127号)",哈尔滨,南岗,海河路,1991,小高层,"大成街9号,11号,十字街125号,127号",126.6654529,45.75810799,1.0,20.0,,304,公寓住宅,民用,7.8,12,0.0,8266.0,Heilongjiang,Haerbin,Nangang,Heilongjiang-Haerbin
262571,"芦家街小区(芦家街13号,18-24号,宣文街6号)",哈尔滨,南岗,海河路,1991,多层,"芦家街13号,18-24号,宣文街6号",126.6682756,45.75410955,1.0,20.0,,0,公寓住宅,民用,7.8,12,0.0,6956.0,Heilongjiang,Haerbin,Nangang,Heilongjiang-Haerbin
262484,海河路211号小区,哈尔滨,南岗,船舶,2021,小高层,海河路211号,126.670539,45.75515391,1.0,30.0,,96,公寓住宅,民用,8.1,12,0.0,9315.0,Heilongjiang,Haerbin,Nangang,Heilongjiang-Haerbin
262483,马家街57号小区,哈尔滨,南岗,船舶,1991,小高层,马家街57号,126.6429868,45.75540166,1.0,20.0,,84,公寓住宅,民用,8.4,12,0.0,9866.0,Heilongjiang,Haerbin,Nangang,Heilongjiang-Haerbin
262452,大自然家园,哈尔滨,南岗,船舶,2005,多层,沿河路副33号,126.6646794,45.76633416,1.0,20.0,,730,公寓住宅,民用,8.2,12,-0.1,9106.0,Heilongjiang,Haerbin,Nangang,Heilongjiang-Haerbin
268488,红旗小区(二区),哈尔滨,道外,红旗小区,1994,小高层,先锋路226号,126.6906613,45.76434141,1.0,30.0,,5233,公寓住宅,民用,8.0,12,0.3,8611.0,Heilongjiang,Haerbin,Nangang,Heilongjiang-Haerbin
268491,先锋路254号小区,哈尔滨,道外,红旗小区,2002,小高层,先锋路254号,126.6837654,45.76441134,1.0,30.0,,280,公寓住宅,民用,8.2,12,0.0,8354.0,Heilongjiang,Haerbin,Nangang,Heilongjiang-Haerbin
268503,哈工程家属楼,哈尔滨,道外,太平大街,2008,多层,南通大街21-28号,126.6692505,45.77840673,1.0,20.0,,1973,公寓住宅,民用,8.3,12,0.0,12264.0,Heilongjiang,Haerbin,Nangang,Heilongjiang-Haerbin
262451,星源国际,哈尔滨,南岗,船舶,2006,小高层,一曼街2号,126.6649168,45.7699824,1.0,31.0,,1036,公寓住宅,民用,8.5,12,0.0,16065.0,Heilongjiang,Haerbin,Nangang,Heilongjiang-Haerbin
262450,中发郦苑,哈尔滨,南岗,船舶,2000,多层|小高层,先锋路591-1号,126.6653713,45.76375288,1.0,33.1,,1911,公寓住宅,民用,8.4,12,0.01,8729.0,Heilongjiang,Haerbin,Nangang,Heilongjiang-Haerbin
268487,第二生活小区,哈尔滨,道外,大方里,2000,多层,"北海路,近西海路",126.6695869,45.77771757,1.0,30.0,,685,公寓住宅,民用,8.5,12,0.0,11412.0,Heilongjiang,Haerbin,Nangang,Heilongjiang-Haerbin
268649,邮政街副009号小区,哈尔滨,道外,滨江,2012,小高层,邮政街副9号,126.6479688,45.76897499,1.0,30.0,,80,公寓住宅,民用,8.7,12,0.0,9000.0,Heilongjiang,Haerbin,Nangang,Heilongjiang-Haerbin
268871,邮政街副009号小区,哈尔滨,道外,承德街,2012,小高层,邮政街副9号,126.6479688,45.76897499,1.0,30.0,,80,公寓住宅,民用,8.7,12,0.0,9000.0,Heilongjiang,Haerbin,Nangang,Heilongjiang-Haerbin
262449,文化家园,哈尔滨,南岗,船舶,2006,多层|高层,南通大街258号,126.6609737,45.7744196,1.0,26.0,,1832,公寓住宅,民用,8.4,12,-0.02,13395.0,Heilongjiang,Haerbin,Nangang,Heilongjiang-Haerbin
262448,盟科观邸,哈尔滨,南岗,船舶,2007,小高层|高层,宣化街573号,126.6627769,45.77100484,1.0,50.0,,2728,公寓住宅,民用,8.6,12,0.0,13819.0,Heilongjiang,Haerbin,Nangang,Heilongjiang-Haerbin
262447,黑龙江省旅游职业技术学院家属楼,哈尔滨,南岗,征仪路,2003,小高层,学府路315号,126.6116061,45.6650901,1.0,30.0,,189,公寓住宅,民用,7.0,12,0.0,8666.0,Heilongjiang,Haerbin,Nangang,Heilongjiang-Haerbin
262445,林机所家属楼,哈尔滨,南岗,征仪路,2016,小高层,学府路374号,126.6181336,45.67523186,1.0,30.0,,322,公寓住宅,民用,8.1,12,0.0,8048.0,Heilongjiang,Haerbin,Nangang,Heilongjiang-Haerbin
262444,黑龙江省肿瘤医院家属楼,哈尔滨,南岗,征仪路,1997,多层|小高层,征仪路423号,126.6295682,45.69364389,1.0,20.0,,542,公寓住宅,民用,7.8,12,0.0,9714.0,Heilongjiang,Haerbin,Nangang,Heilongjiang-Haerbin
262453,红星嘉园,哈尔滨,南岗,船舶,2002,高层,"松鹤路,近虎林路",126.6686634,45.76744882,1.0,30.0,,696,公寓住宅,民用,8.2,12,0.0,14917.0,Heilongjiang,Haerbin,Nangang,Heilongjiang-Haerbin
268485,大方里小区,哈尔滨,道外,大方里,1996,多层,大方里街340号,126.6517907,45.77295117,1.0,33.0,,8049,公寓住宅,民用,7.8,12,2.52,7253.0,Heilongjiang,Haerbin,Nangang,Heilongjiang-Haerbin
262454,龙军小区,哈尔滨,南岗,船舶,1991,多层,一曼街2号,126.6616891,45.77264977,1.0,35.0,,1871,公寓住宅,民用,8.3,12,0.0,10000.0,Heilongjiang,Haerbin,Nangang,Heilongjiang-Haerbin
268079,沈后部队家属楼,哈尔滨,开发区,汉水路,2000,小高层,红旗大街261-1号,126.6902024,45.74173655,1.0,30.0,,0,公寓住宅,民用,8.1,12,0.0,7672.0,Heilongjiang,Haerbin,Nangang,Heilongjiang-Haerbin
268080,红旗大街188号小区,哈尔滨,开发区,汉水路,2001,小高层,红旗大街188号,126.6887244,45.74361645,1.0,20.0,,70,公寓住宅,民用,8.1,12,0.0,10000.0,Heilongjiang,Haerbin,Nangang,Heilongjiang-Haerbin
268281,红旗小区(一区),哈尔滨,道外,辽河路,1996,多层|高层,辽河路77号,126.6912914,45.76169627,1.0,30.0,,6616,公寓住宅,民用,8.0,12,-0.38,8760.0,Heilongjiang,Haerbin,Nangang,Heilongjiang-Haerbin
268282,红旗小区(二区),哈尔滨,道外,辽河路,1994,小高层,先锋路226号,126.6906613,45.76434141,1.0,30.0,,5233,公寓住宅,民用,8.0,12,0.3,8611.0,Heilongjiang,Haerbin,Nangang,Heilongjiang-Haerbin
262455,永和街5号小区,哈尔滨,南岗,船舶,2000,小高层,永和街5号,126.650813,45.75606138,1.0,30.0,,251,公寓住宅,民用,8.1,12,0.0,8810.0,Heilongjiang,Haerbin,Nangang,Heilongjiang-Haerbin
268283,嵩山小区,哈尔滨,道外,辽河路,2000,多层|小高层,嵩山路167号,126.6818696,45.76351216,1.0,27.0,,2715,公寓住宅,民用,8.1,12,0.0,8876.0,Heilongjiang,Haerbin,Nangang,Heilongjiang-Haerbin
268284,辽河小区,哈尔滨,道外,辽河路,1999,多层,嵩山路127号,126.6857832,45.75868547,1.0,32.0,,5318,公寓住宅,民用,8.3,12,0.89,9263.0,Heilongjiang,Haerbin,Nangang,Heilongjiang-Haerbin
268285,中植方洲苑(南区),哈尔滨,道外,辽河路,2001,多层|小高层,嵩山路125号,126.6762214,45.75959801,1.0,50.0,,1762,公寓住宅,民用,8.6,12,-0.06,9649.0,Heilongjiang,Haerbin,Nangang,Heilongjiang-Haerbin
268286,中植方洲苑(北区),哈尔滨,道外,辽河路,2001,多层|小高层,辽河路259号,126.6756694,45.76156525,1.0,50.0,,132,公寓住宅,民用,8.7,12,0.0,9428.0,Heilongjiang,Haerbin,Nangang,Heilongjiang-Haerbin
268287,先锋路254号小区,哈尔滨,道外,辽河路,2002,小高层,先锋路254号,126.6837654,45.76441134,1.0,30.0,,280,公寓住宅,民用,8.2,12,0.0,8354.0,Heilongjiang,Haerbin,Nangang,Heilongjiang-Haerbin
268305,永平小区,哈尔滨,道外,太平桥,2001,多层|小高层,东直路32号,126.6665508,45.78246832,1.0,40.0,,3805,公寓住宅,民用,8.3,12,-0.32,8051.0,Heilongjiang,Haerbin,Nangang,Heilongjiang-Haerbin
268306,新乐小区,哈尔滨,道外,太平桥,1992,多层,太安大街43号,126.67418,45.78037552,1.0,38.0,,4707,公寓住宅,民用,7.9,12,0.13,8614.0,Heilongjiang,Haerbin,Nangang,Heilongjiang-Haerbin
268436,邮政街副009号小区,哈尔滨,道外,南极市场,2012,小高层,邮政街副9号,126.6479688,45.76897499,1.0,30.0,,80,公寓住宅,民用,8.7,12,0.0,9000.0,Heilongjiang,Haerbin,Nangang,Heilongjiang-Haerbin
268480,中铁嘉园,哈尔滨,道外,先锋路道外段,2013,高层,先锋路459号,126.6830081,45.7665007,1.0,28.55,,1445,公寓住宅,民用,8.4,12,-0.36,13417.0,Heilongjiang,Haerbin,Nangang,Heilongjiang-Haerbin
268481,润成水云天,哈尔滨,道外,先锋路道外段,2007,多层|高层,先锋路465号,126.6812881,45.76697823,1.0,30.0,,559,公寓住宅,民用,8.4,12,0.0,10727.0,Heilongjiang,Haerbin,Nangang,Heilongjiang-Haerbin
262443,征仪路花园小区(B区),哈尔滨,南岗,征仪路,2006,多层,科研街55-57号,126.6327171,45.68591952,1.0,35.0,,1402,公寓住宅,民用,7.8,12,-0.55,7263.0,Heilongjiang,Haerbin,Nangang,Heilongjiang-Haerbin
262456,高法小区,哈尔滨,南岗,船舶,1996,多层,马端头道街110号,126.6652815,45.76548982,1.0,20.0,,353,公寓住宅,民用,8.1,12,0.0,9378.0,Heilongjiang,Haerbin,Nangang,Heilongjiang-Haerbin
262442,百盛家园,哈尔滨,南岗,征仪路,2006,多层,哈机路9号,126.6333426,45.68343604,1.0,30.0,,881,公寓住宅,民用,7.7,12,-0.21,7983.0,Heilongjiang,Haerbin,Nangang,Heilongjiang-Haerbin
262440,锦绣华城滨园,哈尔滨,南岗,征仪路,2015,高层,前卫大街39号,126.6247978,45.66477773,1.0,20.0,,919,公寓住宅,民用,7.5,12,-1.08,8882.0,Heilongjiang,Haerbin,Nangang,Heilongjiang-Haerbin
262416,学府三道街16-4号小区,哈尔滨,南岗,学府,2000,小高层,学府三道街16-4号,126.6223834,45.71118999,1.0,30.0,,36,公寓住宅,民用,7.3,12,0.0,6875.0,Heilongjiang,Haerbin,Nangang,Heilongjiang-Haerbin
262415,制氧机职工宿舍,哈尔滨,南岗,学府,1991,小高层,西沟街2号,126.6001753,45.71382684,1.0,20.0,,243,公寓住宅,民用,7.5,12,0.0,7741.0,Heilongjiang,Haerbin,Nangang,Heilongjiang-Haerbin
262413,振兴街47号小区,哈尔滨,南岗,学府,1991,小高层,振兴街47号,126.6083973,45.71972489,1.0,20.0,,198,公寓住宅,民用,8.0,12,0.0,7777.0,Heilongjiang,Haerbin,Nangang,Heilongjiang-Haerbin
262412,"西沟街小区(61-1,61-2)",哈尔滨,南岗,学府,2012,小高层,西沟街61-2号,126.5979279,45.70358609,1.0,30.0,,126,公寓住宅,民用,8.1,12,0.0,7825.0,Heilongjiang,Haerbin,Nangang,Heilongjiang-Haerbin
262411,学府二道街58号小区,哈尔滨,南岗,学府,2000,小高层,学府二道街58号,126.6026768,45.71226328,1.0,30.0,,0,公寓住宅,民用,7.6,12,0.0,9000.0,Heilongjiang,Haerbin,Nangang,Heilongjiang-Haerbin
262410,哈铅头道街8楼,哈尔滨,南岗,学府,2000,多层,哈铅头道街8号,126.6135958,45.71309135,,30.0,,0,公寓住宅,民用,7.4,12,0.0,9700.0,Heilongjiang,Haerbin,Nangang,Heilongjiang-Haerbin
262409,四道街100号楼,哈尔滨,南岗,学府,2000,多层,四道街100号,126.6163791,45.70295973,,30.0,,70,公寓住宅,民用,7.4,12,0.0,8500.0,Heilongjiang,Haerbin,Nangang,Heilongjiang-Haerbin
262417,学府三道街42号小区,哈尔滨,南岗,学府,2005,小高层,学府三道街42号,126.6150927,45.70997731,1.0,30.0,,222,公寓住宅,民用,7.8,12,0.0,9140.0,Heilongjiang,Haerbin,Nangang,Heilongjiang-Haerbin
262405,振兴街62号小区,哈尔滨,南岗,学府,1992,小高层,振兴街62号,126.6083479,45.71859136,1.0,20.0,,136,公寓住宅,民用,8.3,12,0.0,8315.0,Heilongjiang,Haerbin,Nangang,Heilongjiang-Haerbin
262404,创建小区,哈尔滨,南岗,学府,2005,多层|高层,学府东四道街200号,126.6143962,45.70263791,1.0,20.0,,1107,公寓住宅,民用,7.9,12,0.0,8409.0,Heilongjiang,Haerbin,Nangang,Heilongjiang-Haerbin
263031,保健路9号小区,哈尔滨,南岗,保健路,2000,多层,保健路9号,126.6319177,45.69825821,1.0,30.0,,70,公寓住宅,民用,7.3,12,0.0,7500.0,Heilongjiang,Haerbin,Nangang,Heilongjiang-Haerbin
263032,省林业科学院家属楼,哈尔滨,南岗,保健路,2000,小高层,保健路1号,126.6323328,45.6985052,1.0,30.0,,175,公寓住宅,民用,7.8,12,0.0,8154.0,Heilongjiang,Haerbin,Nangang,Heilongjiang-Haerbin
262403,酒精厂家属楼,哈尔滨,南岗,学府,2002,小高层,尤家街33号,126.5949244,45.70460491,,30.0,,72,公寓住宅,民用,7.4,12,0.0,8928.0,Heilongjiang,Haerbin,Nangang,Heilongjiang-Haerbin
262402,黑龙江省委党校家属区,哈尔滨,南岗,学府,2002,多层,清滨路72-15号,126.6092173,45.72386804,1.0,20.0,,862,公寓住宅,民用,8.0,12,0.0,9545.0,Heilongjiang,Haerbin,Nangang,Heilongjiang-Haerbin
262401,国测房产住宅楼,哈尔滨,南岗,学府,2000,多层|小高层,测绘路32号,126.6222778,45.70136829,1.0,20.0,,1718,公寓住宅,民用,7.7,12,0.0,10322.0,Heilongjiang,Haerbin,Nangang,Heilongjiang-Haerbin
262400,哈医大二院家属楼,哈尔滨,南岗,学府,2003,多层,铁三街5号,126.6186476,45.69543164,1.0,30.0,,1236,公寓住宅,民用,7.9,12,0.0,7386.0,Heilongjiang,Haerbin,Nangang,Heilongjiang-Haerbin
262418,哈电工仪表所家属小区,哈尔滨,南岗,学府,2005,小高层,保健副路4号,126.6339143,45.70229613,1.0,30.0,,433,公寓住宅,民用,7.8,12,0.0,7741.0,Heilongjiang,Haerbin,Nangang,Heilongjiang-Haerbin
262419,铁三街38号小区,哈尔滨,南岗,学府,1988,多层,铁三街38号,126.6207551,45.69391524,1.0,20.0,,611,公寓住宅,民用,7.3,12,0.0,7975.0,Heilongjiang,Haerbin,Nangang,Heilongjiang-Haerbin
262420,中国建设银行哈尔滨培圳中心家属楼,哈尔滨,南岗,学府,1998,多层,学府三道街20号,126.6206296,45.71058423,1.0,20.0,,174,公寓住宅,民用,7.7,12,0.0,7876.0,Heilongjiang,Haerbin,Nangang,Heilongjiang-Haerbin
262439,保健新区,哈尔滨,南岗,征仪路,2003,多层,保健副路25号,126.629589,45.70120877,1.0,32.0,,811,公寓住宅,民用,7.8,12,0.0,8777.0,Heilongjiang,Haerbin,Nangang,Heilongjiang-Haerbin
262438,和谐家园(南岗),哈尔滨,南岗,征仪路,2002,多层,征仪路298号,126.6258859,45.70119708,1.0,26.0,,1251,公寓住宅,民用,8.1,12,-2.51,8221.0,Heilongjiang,Haerbin,Nangang,Heilongjiang-Haerbin
262437,征跃小区,哈尔滨,南岗,征仪路,2010,高层,跃兴街3号,126.6371904,45.67614515,1.0,20.0,,4430,公寓住宅,民用,7.2,12,-0.54,6407.0,Heilongjiang,Haerbin,Nangang,Heilongjiang-Haerbin
262436,金博花园,哈尔滨,南岗,征仪路,2003,多层,"征仪路,近保健副路",126.62603,45.69886467,1.0,35.0,,1368,公寓住宅,民用,8.1,12,-0.4,6926.0,Heilongjiang,Haerbin,Nangang,Heilongjiang-Haerbin
262435,大众嘉园,哈尔滨,南岗,征仪路,2004,多层,征仪路239号,126.6301696,45.69839933,1.0,36.0,,799,公寓住宅,民用,7.9,12,-0.9,7790.0,Heilongjiang,Haerbin,Nangang,Heilongjiang-Haerbin
262432,电影机械厂家属小区,哈尔滨,南岗,学府,2009,多层,学府路300号,126.6117999,45.68944085,1.0,20.0,,175,公寓住宅,民用,7.7,12,0.0,7920.0,Heilongjiang,Haerbin,Nangang,Heilongjiang-Haerbin
262431,哈客小区,哈尔滨,南岗,学府,1998,多层,学府路237号,126.6089858,45.68439022,1.0,20.0,,608,公寓住宅,民用,7.5,12,0.0,7173.0,Heilongjiang,Haerbin,Nangang,Heilongjiang-Haerbin
262430,龙博名苑,哈尔滨,南岗,学府,2005,高层,学府路47-1号,126.606476,45.70706566,1.0,20.0,,128,公寓住宅,民用,7.8,12,0.0,8775.0,Heilongjiang,Haerbin,Nangang,Heilongjiang-Haerbin
262429,黑龙江省水科院综合楼,哈尔滨,南岗,学府,1993,多层|小高层,延兴路78号,126.6091959,45.71928542,1.0,20.0,,112,公寓住宅,民用,7.8,12,0.0,7960.0,Heilongjiang,Haerbin,Nangang,Heilongjiang-Haerbin
262428,交通科研所家属楼,哈尔滨,南岗,学府,2000,多层|小高层,延兴路96号,126.6145246,45.71841411,1.0,20.0,,340,公寓住宅,民用,7.7,12,0.0,10507.0,Heilongjiang,Haerbin,Nangang,Heilongjiang-Haerbin
262427,影城商住,哈尔滨,南岗,学府,2005,多层,学府路171号,126.6103206,45.69021491,1.0,40.0,,180,公寓住宅,民用,7.6,12,0.0,7251.0,Heilongjiang,Haerbin,Nangang,Heilongjiang-Haerbin
262426,学府家苑,哈尔滨,南岗,学府,2000,多层,学府路0-1号,126.603518,45.7206046,1.0,38.0,,149,公寓住宅,民用,8.1,12,0.0,10699.0,Heilongjiang,Haerbin,Nangang,Heilongjiang-Haerbin
262425,延兴路56号小区,哈尔滨,南岗,学府,1993,多层,延兴路56号,126.6106168,45.7192792,1.0,20.0,,105,公寓住宅,民用,7.7,12,0.0,7886.0,Heilongjiang,Haerbin,Nangang,Heilongjiang-Haerbin
262424,黑龙江省教委宿舍,哈尔滨,南岗,学府,1990,多层,振兴路62号,126.6089075,45.71855565,1.0,20.0,,138,公寓住宅,民用,7.8,12,0.0,8333.0,Heilongjiang,Haerbin,Nangang,Heilongjiang-Haerbin
262423,嘉和理工,哈尔滨,南岗,学府,2018,高层,学府路52号,126.6136999,45.71585779,1.0,30.0,,2210,公寓住宅,民用,7.8,12,0.0,11882.0,Heilongjiang,Haerbin,Nangang,Heilongjiang-Haerbin
262422,省工会干部学院家属楼,哈尔滨,南岗,学府,2000,多层,学府路376号,126.6191771,45.67403929,1.0,30.0,,65,公寓住宅,民用,7.8,12,0.0,7241.0,Heilongjiang,Haerbin,Nangang,Heilongjiang-Haerbin
262421,交研小区,哈尔滨,南岗,学府,2000,高层,延兴路96-1号,126.6077735,45.72007199,1.0,20.0,,340,公寓住宅,民用,8.1,12,0.0,12307.0,Heilongjiang,Haerbin,Nangang,Heilongjiang-Haerbin
262441,日出印象茗苑,哈尔滨,南岗,征仪路,2011,小高层|高层,征仪路425号,126.6305555,45.69236273,1.0,32.16,,978,公寓住宅,民用,7.9,12,0.07,9218.0,Heilongjiang,Haerbin,Nangang,Heilongjiang-Haerbin
262625,西桥铁路小区,哈尔滨,南岗,西大直街,1985,多层,铁路街535号,126.6182688,45.74021815,1.0,20.0,,236,公寓住宅,民用,8.0,12,0.0,14057.0,Heilongjiang,Haerbin,Nangang,Heilongjiang-Haerbin
268078,汉水路156号小区,哈尔滨,开发区,汉水路,2002,多层,汉水路156号,126.6844446,45.74384282,1.0,30.0,,0,公寓住宅,民用,8.2,12,0.0,8000.0,Heilongjiang,Haerbin,Nangang,Heilongjiang-Haerbin
268076,新春小区,哈尔滨,开发区,汉水路,2001,多层,闽江路175号,126.6932946,45.74558814,1.0,30.0,,1324,公寓住宅,民用,8.1,12,0.0,10000.0,Heilongjiang,Haerbin,Nangang,Heilongjiang-Haerbin
267596,农垦小区,哈尔滨,开发区,会展中心,1999,小高层,闽江路217号,126.6883715,45.74658506,1.0,20.0,,672,公寓住宅,民用,8.6,12,0.0,10633.0,Heilongjiang,Haerbin,Nangang,Heilongjiang-Haerbin
267597,国际会展名城,哈尔滨,开发区,会展中心,2008,高层|超高层,红旗大街272号,126.6875781,45.75742716,1.0,30.0,,649,公寓住宅,民用,8.3,12,0.03,12317.0,Heilongjiang,Haerbin,Nangang,Heilongjiang-Haerbin
267598,中浩华尔街,哈尔滨,开发区,会展中心,2005,高层,长江路205号,126.6880753,45.74927541,1.0,17.1,,496,公寓住宅,民用,8.2,12,-0.12,11627.0,Heilongjiang,Haerbin,Nangang,Heilongjiang-Haerbin
262480,光明街4号小区,哈尔滨,南岗,船舶,1986,小高层,光明街4号,126.6436643,45.75409811,1.0,20.0,,232,公寓住宅,民用,8.1,12,0.37,14000.0,Heilongjiang,Haerbin,Nangang,Heilongjiang-Haerbin
267599,新苑小区,哈尔滨,开发区,会展中心,2000,多层|高层,嵩山路99号,126.6838601,45.75383917,1.0,34.0,,662,公寓住宅,民用,8.3,12,1.66,7853.0,Heilongjiang,Haerbin,Nangang,Heilongjiang-Haerbin
267600,嵩山国际,哈尔滨,开发区,会展中心,2010,高层,嵩山路105号,126.6827867,45.7554536,1.0,27.24,,527,公寓住宅,民用,8.4,12,0.0,12412.0,Heilongjiang,Haerbin,Nangang,Heilongjiang-Haerbin
267601,吉星商住城,哈尔滨,开发区,会展中心,2000,高层,黄河路158号,126.6838135,45.75221568,1.0,20.0,,503,公寓住宅,民用,8.3,12,-2.31,8355.0,Heilongjiang,Haerbin,Nangang,Heilongjiang-Haerbin
262479,"光芒街小区(光芒街39号,45号)",哈尔滨,南岗,船舶,1991,小高层,"光芒街39号,45号",126.6511733,45.74940646,1.0,20.0,,161,公寓住宅,民用,7.9,12,0.0,9516.0,Heilongjiang,Haerbin,Nangang,Heilongjiang-Haerbin
267595,黄河嘉园,哈尔滨,开发区,会展中心,2008,多层,香山路15号,126.6860263,45.75718946,1.0,40.0,,312,公寓住宅,民用,8.5,12,-0.58,12710.0,Heilongjiang,Haerbin,Nangang,Heilongjiang-Haerbin
267602,龙珅花园,哈尔滨,开发区,会展中心,2008,多层,红旗大街289号,126.6907987,45.74412612,1.0,45.0,,699,公寓住宅,民用,8.8,12,0.99,7925.0,Heilongjiang,Haerbin,Nangang,Heilongjiang-Haerbin
267604,兴垦小区,哈尔滨,开发区,会展中心,1996,多层|高层,闽江路204号,126.6882003,45.74561994,1.0,20.0,,223,公寓住宅,民用,8.4,12,0.0,11176.0,Heilongjiang,Haerbin,Nangang,Heilongjiang-Haerbin
267605,华山小区,哈尔滨,开发区,会展中心,2002,小高层,嵩山路152号,126.6785765,45.76267606,1.0,35.0,,2718,公寓住宅,民用,8.3,12,0.0,8168.0,Heilongjiang,Haerbin,Nangang,Heilongjiang-Haerbin
267606,龙悦大厦,哈尔滨,开发区,会展中心,2004,多层|高层,闽江路200-2号,126.6905484,45.74551418,1.0,20.0,,226,公寓住宅,民用,8.5,12,0.0,12000.0,Heilongjiang,Haerbin,Nangang,Heilongjiang-Haerbin
267607,山水嘉园(北区),哈尔滨,开发区,会展中心,2007,小高层,汉水路84号,126.7004563,45.74090084,1.0,37.0,,953,公寓住宅,民用,8.5,12,0.2,11437.0,Heilongjiang,Haerbin,Nangang,Heilongjiang-Haerbin
262478,文昌街10-46号小区,哈尔滨,南岗,船舶,2016,小高层,"文昌街40,46号",126.6584689,45.74691162,1.0,30.0,,99,公寓住宅,民用,7.8,12,0.0,7661.0,Heilongjiang,Haerbin,Nangang,Heilongjiang-Haerbin
267608,时代广场,哈尔滨,开发区,会展中心,2000,高层,浦江路18号,126.686945,45.75036154,1.0,24.0,,612,公寓住宅,民用,8.1,12,0.05,9283.0,Heilongjiang,Haerbin,Nangang,Heilongjiang-Haerbin
262477,"巴陵街小区(巴陵街92号-120号(双号),宣化街143号)",哈尔滨,南岗,船舶,1991,小高层,"巴陵街92号-120号(双号),宣化街143号",126.6531574,45.75112276,1.0,20.0,,269,公寓住宅,民用,8.0,12,0.0,10346.0,Heilongjiang,Haerbin,Nangang,Heilongjiang-Haerbin
262476,"银行街小区(银行街18号,20号)",哈尔滨,南岗,船舶,2010,多层,"银行街18号,20号",126.6346471,45.76207952,1.0,30.0,,72,公寓住宅,民用,8.6,12,0.0,14666.0,Heilongjiang,Haerbin,Nangang,Heilongjiang-Haerbin
267603,益恒园,哈尔滨,开发区,会展中心,2003,高层,长江路382号,126.6873252,45.74783089,1.0,35.0,,168,公寓住宅,民用,8.8,12,-4.45,11219.0,Heilongjiang,Haerbin,Nangang,Heilongjiang-Haerbin
267594,香榭丽苑,哈尔滨,开发区,会展中心,2002,多层,黄河路136号,126.6807371,45.75198387,1.0,35.0,,720,公寓住宅,民用,8.2,12,0.0,9442.0,Heilongjiang,Haerbin,Nangang,Heilongjiang-Haerbin
267593,盟科时代,哈尔滨,开发区,会展中心,2012,小高层,辕东路22号,126.6806126,45.75020996,1.0,35.0,,648,公寓住宅,民用,8.4,12,-0.33,10521.0,Heilongjiang,Haerbin,Nangang,Heilongjiang-Haerbin
262481,"人和街小区(人和街47号,61号)",哈尔滨,南岗,船舶,2013,小高层,"人和街47号,61号",126.6521781,45.75614123,1.0,30.0,,200,公寓住宅,民用,8.2,12,0.0,9620.0,Heilongjiang,Haerbin,Nangang,Heilongjiang-Haerbin
266962,泰山路77号小区,哈尔滨,香坊,珠江路,1990,小高层,泰山路77号,126.6959119,45.73994479,1.0,20.0,,112,公寓住宅,民用,8.1,12,0.0,8524.0,Heilongjiang,Haerbin,Nangang,Heilongjiang-Haerbin
267101,幸福科技园,哈尔滨,香坊,安埠,2005,小高层|高层,汉水路126-1号,126.6950802,45.7416369,1.0,30.0,,48,公寓住宅,民用,8.1,12,0.0,10117.0,Heilongjiang,Haerbin,Nangang,Heilongjiang-Haerbin
267105,嵩山路17号小区,哈尔滨,香坊,安埠,2007,小高层,嵩山路17号,126.6830271,45.74016692,1.0,30.0,,136,公寓住宅,民用,8.5,12,0.0,8117.0,Heilongjiang,Haerbin,Nangang,Heilongjiang-Haerbin
267537,幸福科技园,哈尔滨,香坊,省医院,2005,小高层|高层,汉水路126-1号,126.6950802,45.7416369,1.0,30.0,,48,公寓住宅,民用,8.1,12,0.0,10117.0,Heilongjiang,Haerbin,Nangang,Heilongjiang-Haerbin
267542,嵩山路17号小区,哈尔滨,香坊,省医院,2007,小高层,嵩山路17号,126.6830271,45.74016692,1.0,30.0,,136,公寓住宅,民用,8.5,12,0.0,8117.0,Heilongjiang,Haerbin,Nangang,Heilongjiang-Haerbin
267569,湘江悦,哈尔滨,香坊,湘江路,2013,多层|高层,成标街41号,126.6986135,45.73926147,1.0,10.0,,887,公寓住宅,民用,8.0,12,1.44,12264.0,Heilongjiang,Haerbin,Nangang,Heilongjiang-Haerbin
267570,湘江家园,哈尔滨,香坊,湘江路,2002,多层,成标街77号,126.696814,45.7396181,1.0,20.0,,299,公寓住宅,民用,8.2,12,3.63,7749.0,Heilongjiang,Haerbin,Nangang,Heilongjiang-Haerbin
267572,哈尔滨软件园小区,哈尔滨,香坊,湘江路,2003,多层,泰山路91号,126.6968917,45.7406879,1.0,20.0,,577,公寓住宅,民用,8.4,12,-6.38,9964.0,Heilongjiang,Haerbin,Nangang,Heilongjiang-Haerbin
267573,科技公寓,哈尔滨,香坊,湘江路,2000,高层,珠江路27号,126.6913684,45.74069302,1.0,35.0,,1129,公寓住宅,民用,8.3,12,10.05,8219.0,Heilongjiang,Haerbin,Nangang,Heilongjiang-Haerbin
267576,博大公寓,哈尔滨,香坊,湘江路,2000,小高层,红旗大街259号,126.6897447,45.74110327,1.0,43.0,,156,公寓住宅,民用,8.7,12,0.0,9239.0,Heilongjiang,Haerbin,Nangang,Heilongjiang-Haerbin
267581,专家公寓,哈尔滨,香坊,湘江路,1991,小高层,乐山路1号,126.6907778,45.74029916,1.0,20.0,,112,公寓住宅,民用,7.9,12,0.0,8201.0,Heilongjiang,Haerbin,Nangang,Heilongjiang-Haerbin
267585,联通小区,哈尔滨,香坊,湘江路,2004,多层|高层,汉水路152号,126.6902793,45.74260211,1.0,30.0,,115,公寓住宅,民用,8.2,12,0.0,8909.0,Heilongjiang,Haerbin,Nangang,Heilongjiang-Haerbin
267586,高科新区,哈尔滨,香坊,湘江路,2000,多层,"汉水路,近建北街",126.6918818,45.74206028,1.0,40.0,,312,公寓住宅,民用,8.0,12,0.0,10303.0,Heilongjiang,Haerbin,Nangang,Heilongjiang-Haerbin
262482,河沟街33号小区,哈尔滨,南岗,船舶,2007,小高层,河沟街33号,126.6438212,45.75356823,1.0,30.0,,192,公寓住宅,民用,8.2,12,0.0,14316.0,Heilongjiang,Haerbin,Nangang,Heilongjiang-Haerbin
267588,泰山小区,哈尔滨,开发区,会展中心,2002,小高层,泰山路143号,126.699886,45.74316652,1.0,30.0,,2126,公寓住宅,民用,8.2,12,-0.01,11166.0,Heilongjiang,Haerbin,Nangang,Heilongjiang-Haerbin
267589,黄河绿园,哈尔滨,开发区,会展中心,2006,多层,黄河路99号,126.6872345,45.75418229,1.0,35.0,,1396,公寓住宅,民用,8.4,12,0.06,9658.0,Heilongjiang,Haerbin,Nangang,Heilongjiang-Haerbin
267590,赫时,哈尔滨,开发区,会展中心,2015,超高层,嵩山路105号,126.6840048,45.7557295,1.0,24.0,,660,公寓住宅,民用,8.4,12,0.0,18996.0,Heilongjiang,Haerbin,Nangang,Heilongjiang-Haerbin
267609,玉山公寓,哈尔滨,开发区,会展中心,1999,多层|高层,玉山路51号,126.6797742,45.74213298,1.0,20.0,,109,公寓住宅,民用,8.4,12,0.0,10896.0,Heilongjiang,Haerbin,Nangang,Heilongjiang-Haerbin
268077,会展银座公寓,哈尔滨,开发区,汉水路,2018,高层,长江路388号,126.693507,45.74844187,1.0,30.0,,928,商住楼,商用,7.8,12,0.0,11000.0,Heilongjiang,Haerbin,Nangang,Heilongjiang-Haerbin
267610,长江名苑,哈尔滨,开发区,会展中心,2008,小高层,燕山路7号,126.6855662,45.75157264,1.0,20.0,,112,公寓住宅,民用,8.5,12,0.0,10000.0,Heilongjiang,Haerbin,Nangang,Heilongjiang-Haerbin
267612,隆大商住,哈尔滨,开发区,会展中心,2006,多层,嵩山路89-2号,126.6837442,45.75107079,1.0,30.0,,84,公寓住宅,民用,8.1,12,0.0,8299.0,Heilongjiang,Haerbin,Nangang,Heilongjiang-Haerbin
262468,米兰国际公寓,哈尔滨,南岗,船舶,2008,高层,马端街401号,126.6611811,45.76175338,1.0,20.0,,741,公寓住宅,民用,8.3,12,0.0,8586.0,Heilongjiang,Haerbin,Nangang,Heilongjiang-Haerbin
262467,宣庆街10号小区,哈尔滨,南岗,船舶,1991,小高层,宣庆街10号,126.6669132,45.74795706,1.0,20.0,,221,公寓住宅,民用,7.6,12,0.0,9347.0,Heilongjiang,Haerbin,Nangang,Heilongjiang-Haerbin
267921,幸福科技园,哈尔滨,香坊,菜艺街,2005,小高层|高层,汉水路126-1号,126.6950802,45.7416369,1.0,30.0,,48,公寓住宅,民用,8.1,12,0.0,10117.0,Heilongjiang,Haerbin,Nangang,Heilongjiang-Haerbin
267926,嵩山路17号小区,哈尔滨,香坊,菜艺街,2007,小高层,嵩山路17号,126.6830271,45.74016692,1.0,30.0,,136,公寓住宅,民用,8.5,12,0.0,8117.0,Heilongjiang,Haerbin,Nangang,Heilongjiang-Haerbin
262466,龙兴大厦,哈尔滨,南岗,船舶,2005,高层,邮政街33-5号,126.6396694,45.76258097,1.0,30.0,,358,公寓住宅,民用,9.3,12,0.0,17500.0,Heilongjiang,Haerbin,Nangang,Heilongjiang-Haerbin
262465,哈尔滨工程大学第三生活小区,哈尔滨,南岗,船舶,1995,多层,"松鹤路,近松鹤路",126.6737085,45.76835825,1.0,20.0,,588,公寓住宅,民用,8.3,12,0.0,13230.0,Heilongjiang,Haerbin,Nangang,Heilongjiang-Haerbin
262464,民益街60号小区,哈尔滨,南岗,船舶,1991,小高层,民益街60号,126.6354618,45.76103138,1.0,20.0,,144,公寓住宅,民用,8.6,12,0.0,17763.0,Heilongjiang,Haerbin,Nangang,Heilongjiang-Haerbin
268066,军悦公寓,哈尔滨,开发区,赣水路,2006,小高层|高层,鸿翔路55号,126.6688549,45.74448066,1.0,20.0,,365,公寓住宅,民用,8.0,12,-1.87,8963.0,Heilongjiang,Haerbin,Nangang,Heilongjiang-Haerbin
262469,河沟街小区(河沟街30号-38号(双号)),哈尔滨,南岗,船舶,2007,小高层,河沟街30号-38号(双号),126.6442456,45.75324756,1.0,30.0,,63,公寓住宅,民用,8.3,12,0.0,14166.0,Heilongjiang,Haerbin,Nangang,Heilongjiang-Haerbin
262462,宣信街14-16号小区,哈尔滨,南岗,船舶,1991,小高层,"宣信街14号,16号",126.6667501,45.74741427,1.0,20.0,,225,公寓住宅,民用,7.8,12,0.0,8583.0,Heilongjiang,Haerbin,Nangang,Heilongjiang-Haerbin
268073,千山路15号小区,哈尔滨,开发区,汉水路,2002,小高层,千山路15号,126.6866159,45.74455625,1.0,30.0,,56,公寓住宅,民用,8.5,12,0.0,10121.0,Heilongjiang,Haerbin,Nangang,Heilongjiang-Haerbin
262461,鞍山街33号小区,哈尔滨,南岗,船舶,1991,小高层,鞍山街33号,126.6441167,45.76352713,1.0,20.0,,280,公寓住宅,民用,8.3,12,0.0,16000.0,Heilongjiang,Haerbin,Nangang,Heilongjiang-Haerbin
262460,果戈里大街58号小区,哈尔滨,南岗,船舶,1991,多层,果戈里大街58号,126.6555225,45.74833025,1.0,20.0,,141,公寓住宅,民用,7.6,12,0.0,10357.0,Heilongjiang,Haerbin,Nangang,Heilongjiang-Haerbin
262459,金河小区,哈尔滨,南岗,船舶,2008,多层,先锋路565号,126.6697712,45.76371795,1.0,46.0,,2125,公寓住宅,民用,8.5,12,0.0,10791.0,Heilongjiang,Haerbin,Nangang,Heilongjiang-Haerbin
262458,建筑街小区(建筑街90号-100号(双号)),哈尔滨,南岗,船舶,1991,小高层,建筑街90号-100号(双号),126.6281217,45.75593165,1.0,20.0,,205,公寓住宅,民用,8.3,12,0.0,11615.0,Heilongjiang,Haerbin,Nangang,Heilongjiang-Haerbin
262457,"人和街102,106号小区",哈尔滨,南岗,船舶,2013,小高层,"人和街102,106号",126.6512321,45.75400303,1.0,30.0,,211,公寓住宅,民用,8.1,12,0.0,9272.0,Heilongjiang,Haerbin,Nangang,Heilongjiang-Haerbin
268074,山水嘉园(南区),哈尔滨,开发区,汉水路,2007,多层,汉水路78-1号,126.6994131,45.74026319,1.0,37.0,,404,公寓住宅,民用,8.6,12,0.0,11752.0,Heilongjiang,Haerbin,Nangang,Heilongjiang-Haerbin
262463,宣武街1号小区,哈尔滨,南岗,船舶,2019,小高层,宣武街1号,126.6660547,45.75323485,1.0,30.0,,156,公寓住宅,民用,7.9,12,0.0,7653.0,Heilongjiang,Haerbin,Nangang,Heilongjiang-Haerbin
262470,禧年中心,哈尔滨,南岗,船舶,2006,高层,国民街10号,126.6425791,45.75317204,1.0,20.0,,318,公寓住宅,民用,8.6,12,0.22,11995.0,Heilongjiang,Haerbin,Nangang,Heilongjiang-Haerbin
267752,泰山公寓,哈尔滨,香坊,建北,1995,多层,泰山路80号,126.6951531,45.74032041,1.0,20.0,,124,公寓住宅,民用,8.0,12,0.0,10437.0,Heilongjiang,Haerbin,Nangang,Heilongjiang-Haerbin
267748,专家公寓,哈尔滨,香坊,建北,1991,小高层,乐山路1号,126.6907778,45.74029916,1.0,20.0,,112,公寓住宅,民用,7.9,12,0.0,8201.0,Heilongjiang,Haerbin,Nangang,Heilongjiang-Haerbin
267614,黄河小区,哈尔滨,开发区,会展中心,2000,多层|高层,浦江路69号,126.6875801,45.75181869,1.0,30.0,,207,公寓住宅,民用,8.1,12,0.0,9227.0,Heilongjiang,Haerbin,Nangang,Heilongjiang-Haerbin
267615,地煤小区,哈尔滨,开发区,会展中心,1999,小高层,红旗大街188-1号,126.6890999,45.74391067,1.0,20.0,,168,公寓住宅,民用,8.7,12,0.0,10322.0,Heilongjiang,Haerbin,Nangang,Heilongjiang-Haerbin
267616,华鸿国际中心,哈尔滨,开发区,会展中心,2013,超高层,南直路176号,126.7013425,45.74498164,1.0,32.0,400000.0,1669,公寓住宅,民用,8.5,12,0.1,11701.0,Heilongjiang,Haerbin,Nangang,Heilongjiang-Haerbin
262475,邮政街119号小区,哈尔滨,南岗,船舶,1991,小高层,邮政街119号,126.6352375,45.75811065,1.0,20.0,,133,公寓住宅,民用,8.2,12,0.0,12000.0,Heilongjiang,Haerbin,Nangang,Heilongjiang-Haerbin
267617,会展家园小区,哈尔滨,开发区,会展中心,1994,多层|小高层|高层,民福路29号,126.7071532,45.74489222,1.0,35.0,,3732,公寓住宅,民用,7.9,12,-0.44,8556.0,Heilongjiang,Haerbin,Nangang,Heilongjiang-Haerbin
267618,闽江小区(北区),哈尔滨,开发区,会展中心,1997,多层,闽江路134号,126.6935334,45.74466218,1.0,20.0,,3150,公寓住宅,民用,8.4,12,0.06,10643.0,Heilongjiang,Haerbin,Nangang,Heilongjiang-Haerbin
262474,一曼街160号小区,哈尔滨,南岗,船舶,2002,小高层,一曼街160号,126.639033,45.76419105,1.0,30.0,,483,公寓住宅,民用,8.5,12,0.0,9677.0,Heilongjiang,Haerbin,Nangang,Heilongjiang-Haerbin
267620,冬奥村(西区),哈尔滨,开发区,会展中心,2010,高层,泰山路192号,126.6964871,45.74695041,1.0,35.0,,520,公寓住宅,民用,8.4,12,1.19,15303.0,Heilongjiang,Haerbin,Nangang,Heilongjiang-Haerbin
267621,山水嘉园(南区),哈尔滨,开发区,会展中心,2007,多层,汉水路78-1号,126.6994131,45.74026319,1.0,37.0,,404,公寓住宅,民用,8.6,12,0.0,11752.0,Heilongjiang,Haerbin,Nangang,Heilongjiang-Haerbin
262473,华威大厦,哈尔滨,南岗,船舶,2004,高层,花园街368号,126.6410329,45.75512109,1.0,10.0,,348,公寓住宅,民用,8.3,12,0.4,12581.0,Heilongjiang,Haerbin,Nangang,Heilongjiang-Haerbin
262472,永和街62号小区,哈尔滨,南岗,船舶,2000,小高层,永和街62号,126.6476337,45.7528207,1.0,30.0,,203,公寓住宅,民用,8.0,12,0.0,8428.0,Heilongjiang,Haerbin,Nangang,Heilongjiang-Haerbin
267622,新春小区,哈尔滨,开发区,会展中心,2001,多层,闽江路175号,126.6932946,45.74558814,1.0,30.0,,1324,公寓住宅,民用,8.1,12,0.0,10000.0,Heilongjiang,Haerbin,Nangang,Heilongjiang-Haerbin
267623,会展银座公寓,哈尔滨,开发区,会展中心,2018,高层,长江路388号,126.693507,45.74844187,1.0,30.0,,928,商住楼,商用,7.8,12,0.0,11000.0,Heilongjiang,Haerbin,Nangang,Heilongjiang-Haerbin
267624,华鸿金色纽约,哈尔滨,开发区,会展中心,2019,高层,建成街27号,126.7083388,45.74695244,,30.0,,2868,公寓住宅,民用,7.7,12,0.0,13163.0,Heilongjiang,Haerbin,Nangang,Heilongjiang-Haerbin
262471,"东大直街小区(东大直街274号,276号)",哈尔滨,南岗,船舶,2017,小高层,"东大直街274号,276号",126.6433661,45.76086247,1.0,30.0,,36,公寓住宅,民用,8.7,12,0.0,19642.0,Heilongjiang,Haerbin,Nangang,Heilongjiang-Haerbin
267626,人和公寓,哈尔滨,开发区,会展中心,2000,高层,汉水路161-1号,126.6966612,45.74215405,1.0,23.0,,175,公寓住宅,民用,7.8,12,0.0,9677.0,Heilongjiang,Haerbin,Nangang,Heilongjiang-Haerbin
267627,软件园公寓,哈尔滨,开发区,会展中心,1999,多层,汉水路96号,126.6955528,45.74176441,1.0,20.0,,85,公寓住宅,民用,7.9,12,0.0,11578.0,Heilongjiang,Haerbin,Nangang,Heilongjiang-Haerbin
267747,沈后部队家属楼,哈尔滨,香坊,建北,2000,小高层,红旗大街261-1号,126.6902024,45.74173655,1.0,30.0,,0,公寓住宅,民用,8.1,12,0.0,7672.0,Heilongjiang,Haerbin,Nangang,Heilongjiang-Haerbin
267611,科技学院家属楼,哈尔滨,开发区,会展中心,1995,多层|小高层,嵩山路111号,126.6827639,45.75766855,1.0,20.0,,201,公寓住宅,民用,8.3,12,0.0,9146.0,Heilongjiang,Haerbin,Nangang,Heilongjiang-Haerbin
263715,巴陵街79号小区,哈尔滨,南岗,博物馆,1991,小高层,巴陵街79号,126.6526081,45.75123328,1.0,20.0,,154,公寓住宅,民用,8.0,12,0.0,10290.0,Heilongjiang,Haerbin,Nangang,Heilongjiang-Haerbin
262626,公司街60号楼,哈尔滨,南岗,西大直街,1980,小高层,公司街60号,126.6480547,45.75392295,1.0,20.0,,171,公寓住宅,民用,7.9,12,0.0,8653.0,Heilongjiang,Haerbin,Nangang,Heilongjiang-Haerbin
262628,文苑小区,哈尔滨,南岗,西大直街,2008,小高层|高层,西大直街504号,126.606546,45.72442613,1.0,25.0,,267,公寓住宅,民用,8.0,12,0.0,13295.0,Heilongjiang,Haerbin,Nangang,Heilongjiang-Haerbin
263427,"鞍山街小区(鞍山街24号,38号)",哈尔滨,南岗,铁岭街,1994,多层,"鞍山街24号,38号",126.64435,45.76297969,1.0,20.0,,84,公寓住宅,民用,8.6,12,0.0,18666.0,Heilongjiang,Haerbin,Nangang,Heilongjiang-Haerbin
263428,铁岭社区,哈尔滨,南岗,铁岭街,2000,多层|高层,铁岭街42号,126.6466029,45.76253266,1.0,30.0,,449,公寓住宅,民用,8.7,12,0.0,20666.0,Heilongjiang,Haerbin,Nangang,Heilongjiang-Haerbin
263429,儒贵园小区,哈尔滨,南岗,铁岭街,1998,多层|小高层,邮政街128号,126.6408867,45.76283502,1.0,30.0,,93,公寓住宅,民用,8.7,12,0.0,18300.0,Heilongjiang,Haerbin,Nangang,Heilongjiang-Haerbin
263430,龙邦大厦,哈尔滨,南岗,继红,1995,高层,"一曼街188号,吉林街101号",126.6371195,45.76338946,1.0,30.0,,686,公寓住宅,民用,8.7,12,0.43,16534.0,Heilongjiang,Haerbin,Nangang,Heilongjiang-Haerbin
263431,颐园府邸,哈尔滨,南岗,继红,2003,小高层,银行街70号,126.6323039,45.75852011,1.0,26.0,,179,公寓住宅,民用,9.2,12,0.0,21696.0,Heilongjiang,Haerbin,Nangang,Heilongjiang-Haerbin
263432,吉林街93号小区,哈尔滨,南岗,继红,1991,小高层,吉林街93号,126.6374574,45.76275877,1.0,20.0,,54,公寓住宅,民用,8.3,12,0.0,17000.0,Heilongjiang,Haerbin,Nangang,Heilongjiang-Haerbin
263433,东泰金谷,哈尔滨,南岗,继红,2013,高层,邮政街59-5号,126.6386642,45.7610308,1.0,10.0,,549,公寓住宅,民用,8.7,12,-0.95,20633.0,Heilongjiang,Haerbin,Nangang,Heilongjiang-Haerbin
263434,民益街小区(民益街21号-29号(单号)),哈尔滨,南岗,继红,2015,小高层,民益街21号-29号(单号),126.6386226,45.76329541,1.0,30.0,,186,公寓住宅,民用,8.5,12,0.0,14909.0,Heilongjiang,Haerbin,Nangang,Heilongjiang-Haerbin
263426,龙江街90号小区,哈尔滨,南岗,铁岭街,1991,小高层,龙江街90号,126.639888,45.76299877,1.0,20.0,,203,公寓住宅,民用,8.3,12,0.0,13731.0,Heilongjiang,Haerbin,Nangang,Heilongjiang-Haerbin
263435,阿什河街117号小区,哈尔滨,南岗,继红,1991,小高层,阿什河街117号,126.6358522,45.7623058,1.0,20.0,,157,公寓住宅,民用,8.5,12,0.0,16666.0,Heilongjiang,Haerbin,Nangang,Heilongjiang-Haerbin
263437,民益街60号小区,哈尔滨,南岗,继红,1991,小高层,民益街60号,126.6354618,45.76103138,1.0,20.0,,144,公寓住宅,民用,8.6,12,0.0,17763.0,Heilongjiang,Haerbin,Nangang,Heilongjiang-Haerbin
263438,省财政厅家属楼,哈尔滨,南岗,继红,1998,多层,建设街156号,126.6349719,45.75841375,1.0,20.0,,204,公寓住宅,民用,8.4,12,0.0,15230.0,Heilongjiang,Haerbin,Nangang,Heilongjiang-Haerbin
263439,龙之港小区,哈尔滨,南岗,继红,1998,多层|高层,阿什河街112号,126.6359193,45.76169448,1.0,10.0,,439,公寓住宅,民用,8.4,12,-1.41,17775.0,Heilongjiang,Haerbin,Nangang,Heilongjiang-Haerbin
263440,建设街小区(建设街158号-162号(双号)),哈尔滨,南岗,继红,2002,多层,建设街158号-162号(双号),126.633727,45.75993902,1.0,30.0,,84,公寓住宅,民用,8.3,12,0.0,13076.0,Heilongjiang,Haerbin,Nangang,Heilongjiang-Haerbin
263441,"民益街小区(民益街37号,北京街33号,33-3号)",哈尔滨,南岗,继红,1991,小高层,"民益街37号,北京街33号,33-3号",126.6367597,45.76218481,1.0,20.0,,204,公寓住宅,民用,8.4,12,0.0,13335.0,Heilongjiang,Haerbin,Nangang,Heilongjiang-Haerbin
263442,银行街28号小区,哈尔滨,南岗,继红,2000,小高层,银行街28号,126.6346064,45.76192481,1.0,30.0,,64,公寓住宅,民用,8.6,12,0.0,18750.0,Heilongjiang,Haerbin,Nangang,Heilongjiang-Haerbin
263443,民益街58号小区,哈尔滨,南岗,继红,1991,小高层,民益街58号,126.6366917,45.7610673,1.0,20.0,,80,公寓住宅,民用,8.3,12,0.0,19032.0,Heilongjiang,Haerbin,Nangang,Heilongjiang-Haerbin
263444,民益街64号小区,哈尔滨,南岗,继红,1991,小高层,民益街64号,126.6366451,45.76101061,1.0,20.0,,261,公寓住宅,民用,8.5,12,0.0,10533.0,Heilongjiang,Haerbin,Nangang,Heilongjiang-Haerbin
263436,一曼街168号小区,哈尔滨,南岗,继红,2002,小高层,一曼街168号,126.638207,45.76361822,1.0,30.0,,208,公寓住宅,民用,8.6,12,-0.13,15491.0,Heilongjiang,Haerbin,Nangang,Heilongjiang-Haerbin
263445,"银行街小区(银行街56号,58号)",哈尔滨,南岗,继红,2010,小高层,"银行街56号,58号",126.6326672,45.75982975,1.0,26.0,,48,公寓住宅,民用,8.4,12,0.0,16842.0,Heilongjiang,Haerbin,Nangang,Heilongjiang-Haerbin
263425,"宁江胡同小区(3号,鞍山街54号)",哈尔滨,南岗,铁岭街,1991,小高层,"宁江胡同3号,鞍山街54号",126.6452716,45.76103352,1.0,20.0,,80,公寓住宅,民用,8.5,12,0.0,17968.0,Heilongjiang,Haerbin,Nangang,Heilongjiang-Haerbin
263423,深业大厦,哈尔滨,南岗,铁岭街,1984,超高层,东大直街261号,126.6419891,45.76073951,1.0,20.0,,504,商住楼,商用,8.3,12,0.0,11748.0,Heilongjiang,Haerbin,Nangang,Heilongjiang-Haerbin
263405,"龙江街小区(龙江街60-88号(双号),87号,吉林街41-43(单号),邮政街124-128号(双号))",哈尔滨,南岗,铁岭街,1999,多层,"龙江街60-88号(双号),87号,吉林街41-43(单号),邮政街124-128号(双号)",126.6405138,45.76172733,1.0,20.0,,955,公寓住宅,民用,8.8,12,0.0,15477.0,Heilongjiang,Haerbin,Nangang,Heilongjiang-Haerbin
263406,"辽阳街小区(辽阳街53号,55号,57-1号,57-2号,57-3号,65号,邮政街38号-54号(双号))",哈尔滨,南岗,铁岭街,1999,多层,"辽阳街53号,55号,57-1号,57-2号,57-3号,65号,邮政街38号-54号(双号)",126.646464,45.76509922,1.0,20.0,,941,公寓住宅,民用,8.6,12,0.0,13777.0,Heilongjiang,Haerbin,Nangang,Heilongjiang-Haerbin
263407,铁岭街79号小区,哈尔滨,南岗,铁岭街,1989,多层,铁岭街79号,126.6444978,45.76429853,1.0,20.0,,283,公寓住宅,民用,8.8,12,0.0,17333.0,Heilongjiang,Haerbin,Nangang,Heilongjiang-Haerbin
263408,龙兴大厦,哈尔滨,南岗,铁岭街,2005,高层,邮政街33-5号,126.6396694,45.76258097,1.0,30.0,,358,公寓住宅,民用,9.3,12,0.0,17500.0,Heilongjiang,Haerbin,Nangang,Heilongjiang-Haerbin
263409,民益街煤管局大院,哈尔滨,南岗,铁岭街,1997,多层,民益街26号,126.6393876,45.76286072,1.0,20.0,,294,公寓住宅,民用,8.2,12,0.0,17205.0,Heilongjiang,Haerbin,Nangang,Heilongjiang-Haerbin
263410,友联小区,哈尔滨,南岗,铁岭街,2001,多层,铁岭街63号,126.6455965,45.76449651,,30.0,,411,公寓住宅,民用,8.9,12,0.0,14726.0,Heilongjiang,Haerbin,Nangang,Heilongjiang-Haerbin
263411,"东大直街小区(东大直街274号,276号)",哈尔滨,南岗,铁岭街,2017,小高层,"东大直街274号,276号",126.6433661,45.76086247,1.0,30.0,,36,公寓住宅,民用,8.7,12,0.0,19642.0,Heilongjiang,Haerbin,Nangang,Heilongjiang-Haerbin
263412,"辽阳街小区(辽阳街36号-40号(双号),36-1号)",哈尔滨,南岗,铁岭街,1991,小高层,"辽阳街36号-40号(双号),36-1号",126.6477456,45.76365203,1.0,20.0,,138,公寓住宅,民用,8.5,12,0.0,19889.0,Heilongjiang,Haerbin,Nangang,Heilongjiang-Haerbin
263424,邮政街小区(邮政街70号-78号(双号)),哈尔滨,南岗,铁岭街,1991,小高层,邮政街70号-78号(双号),126.6446684,45.76527136,1.0,20.0,,91,公寓住宅,民用,8.1,12,0.0,20974.0,Heilongjiang,Haerbin,Nangang,Heilongjiang-Haerbin
263413,"马家街小区(马家街46-60号(双号),52-1号,河渠街31号,33号)",哈尔滨,南岗,铁岭街,1998,小高层,"马家街46-60号(双号),52-1号,河渠街31号,33号",126.6484054,45.75934863,,20.0,,410,公寓住宅,民用,8.2,12,0.17,18577.0,Heilongjiang,Haerbin,Nangang,Heilongjiang-Haerbin
263415,龙江街9号小区,哈尔滨,南岗,铁岭街,1998,小高层,龙江街9号,126.6479858,45.76024636,,20.0,,139,公寓住宅,民用,8.0,12,0.0,18817.0,Heilongjiang,Haerbin,Nangang,Heilongjiang-Haerbin
263416,"鞍山街小区(花园街280号,马家街19号,鞍山街16-26号(双号))",哈尔滨,南岗,铁岭街,1994,小高层,"花园街280号,马家街19号,鞍山街16-26号(双号)",126.6482598,45.76116393,,20.0,,330,公寓住宅,民用,8.4,12,0.0,17098.0,Heilongjiang,Haerbin,Nangang,Heilongjiang-Haerbin
263417,辽阳街90号小区,哈尔滨,南岗,铁岭街,1996,小高层,辽阳街90号,126.6456496,45.76522426,1.0,20.0,,200,公寓住宅,民用,8.2,12,0.0,14736.0,Heilongjiang,Haerbin,Nangang,Heilongjiang-Haerbin
263418,唯家新青年公寓,哈尔滨,南岗,铁岭街,2017,小高层,辽阳街14号,126.6502387,45.76248843,1.0,30.0,,441,公寓住宅,民用,8.6,12,0.0,25678.0,Heilongjiang,Haerbin,Nangang,Heilongjiang-Haerbin
263419,铁岭街73号小区,哈尔滨,南岗,铁岭街,1994,多层,铁岭街73号,126.6450903,45.76431793,1.0,20.0,,98,公寓住宅,民用,8.9,12,0.0,18400.0,Heilongjiang,Haerbin,Nangang,Heilongjiang-Haerbin
263420,"吉林街小区(邮政街41号,33-5号,吉林街75号-89号(单号),民益街26号-32号(双号))",哈尔滨,南岗,铁岭街,1998,小高层,"邮政街41号,33-5号,吉林街75号-89号(单号),民益街26号-32号(双号)",126.6389451,45.76311439,,20.0,,835,公寓住宅,民用,8.1,12,0.0,19666.0,Heilongjiang,Haerbin,Nangang,Heilongjiang-Haerbin
263421,"邮政街小区(邮政街96号-110号(双号),鞍山街96号-104号(双号))",哈尔滨,南岗,铁岭街,1989,小高层,"邮政街96号-110号(双号),鞍山街96号-104号(双号)",126.6424224,45.76329504,,20.0,,510,公寓住宅,民用,8.3,12,0.0,16964.0,Heilongjiang,Haerbin,Nangang,Heilongjiang-Haerbin
263422,"民益街小区(鞍山街114号-128号(双号),邮政街27号,29号,民益街6号-20号(双号),4-1号,4-2号)",哈尔滨,南岗,铁岭街,1997,小高层,"鞍山街114号-128号(双号),邮政街27号,29号,民益街6号-20号(双号),4-1号,4-2号",126.6408832,45.76367842,,20.0,,669,公寓住宅,民用,8.7,12,-1.14,15194.0,Heilongjiang,Haerbin,Nangang,Heilongjiang-Haerbin
263414,"鞍山街小区(鞍山街34-82号(双号),46-1号,70-1号,花园街261号,267号,龙江街28号,23号-33(单号),宁江胡同6号-10号(双号))",哈尔滨,南岗,铁岭街,1994,小高层,"鞍山街34-82号(双号),46-1号,70-1号,花园街261号,267号,龙江街28号,23号-33(单号),宁江胡同6号-10号(双号)",126.64628,45.76111607,,20.0,,1264,公寓住宅,民用,8.6,12,0.17,17603.0,Heilongjiang,Haerbin,Nangang,Heilongjiang-Haerbin
263446,一曼街160号小区,哈尔滨,南岗,继红,2002,小高层,一曼街160号,126.639033,45.76419105,1.0,30.0,,483,公寓住宅,民用,8.5,12,0.0,9677.0,Heilongjiang,Haerbin,Nangang,Heilongjiang-Haerbin
263447,"银行街小区(银行街18号,20号)",哈尔滨,南岗,继红,2010,多层,"银行街18号,20号",126.6346471,45.76207952,1.0,30.0,,72,公寓住宅,民用,8.6,12,0.0,14666.0,Heilongjiang,Haerbin,Nangang,Heilongjiang-Haerbin
263448,"吉林街小区(邮政街51-57号(单号),民益街30号-42号(双号),阿什河街93号-95号(单号),93-1号,吉林街68号-100号(双号))",哈尔滨,南岗,继红,1990,小高层,"邮政街51-57号(单号),民益街30-42号(双号),阿什河街93-95号(单号),93-1号,吉林街68-100号(双号)",126.6394216,45.76133036,,20.0,,836,公寓住宅,民用,8.1,12,0.16,15344.0,Heilongjiang,Haerbin,Nangang,Heilongjiang-Haerbin
263472,苗圃小区(C区),哈尔滨,南岗,七政街,2004,小高层,汉兴街36号,126.6234806,45.73219938,1.0,40.0,,287,公寓住宅,民用,8.2,12,-4.3,12132.0,Heilongjiang,Haerbin,Nangang,Heilongjiang-Haerbin
263473,林业设计院家属楼(和兴路),哈尔滨,南岗,七政街,1991,小高层,和兴路199-6号,126.6085046,45.73226965,1.0,20.0,,495,公寓住宅,民用,8.0,12,0.0,9727.0,Heilongjiang,Haerbin,Nangang,Heilongjiang-Haerbin
263474,"汉广街小区(汉广街3号,29号)",哈尔滨,南岗,七政街,2002,多层,"汉广街3号,29号",126.621735,45.73639874,1.0,30.0,,176,公寓住宅,民用,8.0,12,0.0,8181.0,Heilongjiang,Haerbin,Nangang,Heilongjiang-Haerbin
263475,四明街18号小区,哈尔滨,南岗,七政街,1991,小高层,四明街18号,126.6226001,45.73280182,1.0,20.0,,112,公寓住宅,民用,7.8,12,0.0,14285.0,Heilongjiang,Haerbin,Nangang,Heilongjiang-Haerbin
263476,汉祥街13号小区,哈尔滨,南岗,七政街,2009,小高层,汉祥街13号,126.6200915,45.73512904,1.0,30.0,,96,公寓住宅,民用,8.0,12,0.0,8365.0,Heilongjiang,Haerbin,Nangang,Heilongjiang-Haerbin
263477,清明二道街一街区,哈尔滨,南岗,七政街,2002,小高层,清明二道街19-2号,126.6102625,45.73913691,1.0,30.0,,400,公寓住宅,民用,8.1,12,0.0,8992.0,Heilongjiang,Haerbin,Nangang,Heilongjiang-Haerbin
263478,元和街38号小区,哈尔滨,南岗,七政街,1991,小高层,元和街38号,126.6164231,45.73447685,1.0,20.0,,168,公寓住宅,民用,7.9,12,0.0,12845.0,Heilongjiang,Haerbin,Nangang,Heilongjiang-Haerbin
263471,清明小区(西区),哈尔滨,南岗,七政街,1996,小高层,清明二道街74号,126.609297,45.73705334,1.0,30.0,,912,公寓住宅,民用,8.3,12,0.0,8385.0,Heilongjiang,Haerbin,Nangang,Heilongjiang-Haerbin
263480,清明小区一街区,哈尔滨,南岗,七政街,1993,小高层,清明头道街1号,126.61013,45.73973111,1.0,30.0,,544,公寓住宅,民用,8.0,12,0.0,8514.0,Heilongjiang,Haerbin,Nangang,Heilongjiang-Haerbin
263482,清明二道街小区(清明二道街6号-14号(双号)),哈尔滨,南岗,七政街,2008,小高层,清明二道街6号-14号(双号),126.6113868,45.73934828,1.0,30.0,,98,公寓住宅,民用,8.2,12,0.0,11666.0,Heilongjiang,Haerbin,Nangang,Heilongjiang-Haerbin
263483,电车小区,哈尔滨,南岗,七政街,1998,多层,清明四道街110号,126.6081566,45.73477697,,20.0,,875,公寓住宅,民用,7.7,12,-2.51,8047.0,Heilongjiang,Haerbin,Nangang,Heilongjiang-Haerbin
263481,"汉祥街小区(汉祥街100号,106号)",哈尔滨,南岗,七政街,2009,小高层,"汉祥街100号,106号",126.6123422,45.73911277,1.0,30.0,,54,公寓住宅,民用,8.0,12,-0.81,8442.0,Heilongjiang,Haerbin,Nangang,Heilongjiang-Haerbin
263470,木兰小区,哈尔滨,南岗,七政街,1998,多层|高层,木兰街,126.6229257,45.73329596,1.0,35.0,,1994,公寓住宅,民用,8.4,12,-1.82,12603.0,Heilongjiang,Haerbin,Nangang,Heilongjiang-Haerbin
263469,马家街180号小区,哈尔滨,南岗,花园,1997,小高层,马家街180号,126.6432799,45.75539929,1.0,20.0,,77,公寓住宅,民用,8.4,12,0.0,14285.0,Heilongjiang,Haerbin,Nangang,Heilongjiang-Haerbin
263468,"阿什河街小区(邮政街178号,180-1号,阿什河街72号,78-1号,80号)",哈尔滨,南岗,花园,1985,小高层,"邮政街178号,180-1号,阿什河街72号,78-1号,80号",126.6389716,45.76028931,,20.0,,107,公寓住宅,民用,8.1,12,0.0,28000.0,Heilongjiang,Haerbin,Nangang,Heilongjiang-Haerbin
263449,颐园街23号院,哈尔滨,南岗,继红,1998,多层|小高层,颐园街23号,126.6330592,45.75904662,1.0,20.0,,82,公寓住宅,民用,8.9,12,0.0,14044.0,Heilongjiang,Haerbin,Nangang,Heilongjiang-Haerbin
263450,"阿什河街小区(90号,102号)",哈尔滨,南岗,继红,1985,多层,"阿什河街90号,102号",126.6378722,45.76083539,1.0,20.0,,213,公寓住宅,民用,8.7,12,0.0,19000.0,Heilongjiang,Haerbin,Nangang,Heilongjiang-Haerbin
263451,东煤基建局宿舍,哈尔滨,南岗,继红,1993,多层|小高层,"民益街,近吉林街",126.6391456,45.76313789,1.0,20.0,,605,公寓住宅,民用,8.7,12,0.0,18065.0,Heilongjiang,Haerbin,Nangang,Heilongjiang-Haerbin
263452,一曼街243号小区,哈尔滨,南岗,继红,1975,小高层,一曼街243号,126.636355,45.76409504,1.0,20.0,,42,公寓住宅,民用,8.4,12,0.0,19117.0,Heilongjiang,Haerbin,Nangang,Heilongjiang-Haerbin
263453,江南春公寓,哈尔滨,南岗,继红,2003,高层,"果戈里大街371号,邮政街105号",126.637601,45.75991432,1.0,20.0,,343,公寓住宅,民用,8.6,12,0.0,12323.0,Heilongjiang,Haerbin,Nangang,Heilongjiang-Haerbin
263454,吉林街120号小区,哈尔滨,南岗,继红,1991,小高层,吉林街120号,126.637149,45.76291862,1.0,20.0,,226,公寓住宅,民用,8.3,12,0.0,17446.0,Heilongjiang,Haerbin,Nangang,Heilongjiang-Haerbin
263455,平安家园(南岗),哈尔滨,南岗,继红,2000,多层,龙江街97号,126.6388791,45.76399903,1.0,30.0,,0,公寓住宅,民用,8.5,12,0.0,8400.0,Heilongjiang,Haerbin,Nangang,Heilongjiang-Haerbin
263457,阿什河街105号小区,哈尔滨,南岗,继红,1991,小高层,阿什河街105号,126.638042,45.76098171,1.0,20.0,,0,公寓住宅,民用,8.1,12,0.0,18823.0,Heilongjiang,Haerbin,Nangang,Heilongjiang-Haerbin
263458,江南国际大厦,哈尔滨,南岗,继红,2009,高层,邮政街105号,126.6378074,45.76000613,1.0,30.0,,630,公寓住宅,民用,9.0,12,0.0,13768.0,Heilongjiang,Haerbin,Nangang,Heilongjiang-Haerbin
263459,恒运大厦,哈尔滨,南岗,花园,2005,高层,花园街304号,126.6440326,45.75710838,1.0,20.0,,1372,商住楼,商用,8.7,12,-0.44,27362.0,Heilongjiang,Haerbin,Nangang,Heilongjiang-Haerbin
263460,"吉林街小区(吉林街2-32号(双号),43号,阿什河街19号,43号,25-1号)",哈尔滨,南岗,花园,1998,小高层,"吉林街2-32号(双号),43号,阿什河街19号,43号,25-1号",126.6437039,45.7592533,1.0,20.0,,683,公寓住宅,民用,8.6,12,0.04,26772.0,Heilongjiang,Haerbin,Nangang,Heilongjiang-Haerbin
263461,祥泰公寓,哈尔滨,南岗,花园,2002,多层,马家街150号,126.6453654,45.7560109,1.0,30.0,,657,公寓住宅,民用,8.7,12,0.0,31168.0,Heilongjiang,Haerbin,Nangang,Heilongjiang-Haerbin
263462,民益街小区(民益街21号-29号(单号)),哈尔滨,南岗,花园,2015,小高层,民益街21号-29号(单号),126.6386226,45.76329541,1.0,30.0,,186,公寓住宅,民用,8.5,12,0.0,14909.0,Heilongjiang,Haerbin,Nangang,Heilongjiang-Haerbin
263463,邮政街172号小区,哈尔滨,南岗,花园,1991,小高层,邮政街172号,126.6387432,45.76014938,1.0,20.0,,56,公寓住宅,民用,8.9,12,0.0,27857.0,Heilongjiang,Haerbin,Nangang,Heilongjiang-Haerbin
263464,"阿什河街小区(马家街140-2号,阿什河街1号,2-6号(双号),河沟街1号)",哈尔滨,南岗,花园,1985,小高层,"马家街140-2号,阿什河街1号,2-6号(双号),河沟街1号",126.6461798,45.75603517,,20.0,,718,公寓住宅,民用,8.0,12,0.32,26203.0,Heilongjiang,Haerbin,Nangang,Heilongjiang-Haerbin
263465,"马家街小区(阿什河街3号,龙江街4号,河渠街41号-83号(单号),马家街66号,84号-136号(双号))",哈尔滨,南岗,花园,1999,小高层,"阿什河街3号,龙江街4号,河渠街41号-83号(单号),马家街66号,84号-136号(双号)",126.64642,45.75806547,,20.0,,1172,公寓住宅,民用,8.3,12,0.0,23319.0,Heilongjiang,Haerbin,Nangang,Heilongjiang-Haerbin
263466,阿什河街小区(阿什河街32号-46号(双号)),哈尔滨,南岗,花园,1985,多层,阿什河街32号-46号(双号),126.6421636,45.75836682,1.0,20.0,,255,公寓住宅,民用,8.7,12,-2.78,29937.0,Heilongjiang,Haerbin,Nangang,Heilongjiang-Haerbin
263467,"邮政街小区(吉林街44-64号(双号),邮政街140-150号(双号),阿什河街65号,65-1号,东大直街299号)",哈尔滨,南岗,花园,1989,多层,"吉林街44-64号(双号),邮政街140-150号(双号),阿什河街65号,65-1号,东大直街299号",126.6396349,45.76096875,1.0,20.0,,704,公寓住宅,民用,8.5,12,0.0,26000.0,Heilongjiang,Haerbin,Nangang,Heilongjiang-Haerbin
263404,"辽阳街小区(铁岭街1号,3号,9号,辽阳街2-12号(双号),副8-1号)",哈尔滨,南岗,铁岭街,1998,小高层,"铁岭街1号,3号,9号,辽阳街2-12号(双号),副8-1号",126.6506148,45.76167167,,20.0,,1036,公寓住宅,民用,8.3,12,-1.56,17325.0,Heilongjiang,Haerbin,Nangang,Heilongjiang-Haerbin
263403,鞍山街33号小区,哈尔滨,南岗,铁岭街,1991,小高层,鞍山街33号,126.6441167,45.76352713,1.0,20.0,,280,公寓住宅,民用,8.3,12,0.0,16000.0,Heilongjiang,Haerbin,Nangang,Heilongjiang-Haerbin
263402,铁岭街小区(铁岭街31号-41号(单号)),哈尔滨,南岗,铁岭街,1998,小高层,铁岭街31号-41号(单号),126.6481311,45.76245606,1.0,60.0,,315,公寓住宅,民用,8.7,12,0.0,19800.0,Heilongjiang,Haerbin,Nangang,Heilongjiang-Haerbin
263401,民益街小区(民益街21号-29号(单号)),哈尔滨,南岗,铁岭街,2015,小高层,民益街21号-29号(单号),126.6386226,45.76329541,1.0,30.0,,186,公寓住宅,民用,8.5,12,0.0,14909.0,Heilongjiang,Haerbin,Nangang,Heilongjiang-Haerbin
263337,民益街173号小区,哈尔滨,南岗,哈站,1991,小高层,民益街173号,126.6282057,45.75435255,1.0,20.0,,159,公寓住宅,民用,8.3,12,0.0,10769.0,Heilongjiang,Haerbin,Nangang,Heilongjiang-Haerbin
263338,下夹树街小区(下夹树街8号-16号(双号)),哈尔滨,南岗,哈站,1991,小高层,下夹树街8号-16号(双号),126.6244112,45.75107192,1.0,20.0,,256,公寓住宅,民用,8.2,12,0.0,11418.0,Heilongjiang,Haerbin,Nangang,Heilongjiang-Haerbin
263339,"凤翥街小区(凤翥街24-30号(双号),37-39号(单号))",哈尔滨,南岗,哈站,1987,多层,"凤翥街24-30号(双号),37-39号(单号)",126.6228137,45.75216123,1.0,20.0,,992,公寓住宅,民用,8.4,12,0.34,10717.0,Heilongjiang,Haerbin,Nangang,Heilongjiang-Haerbin
263340,"上方街小区(上方街5号,5-1号,7号)",哈尔滨,南岗,哈站,1999,小高层,"上方街5号,5-1号,7号",126.6266616,45.75103199,1.0,20.0,,153,公寓住宅,民用,8.2,12,0.0,11447.0,Heilongjiang,Haerbin,Nangang,Heilongjiang-Haerbin
263341,"工程师街小区(工程师街28号,30号,铁路街122号)",哈尔滨,南岗,哈站,2020,多层,"工程师街28号,30号,铁路街122号",126.6220159,45.75163106,1.0,30.0,,728,公寓住宅,民用,8.5,12,0.0,9411.0,Heilongjiang,Haerbin,Nangang,Heilongjiang-Haerbin
263342,民益街小区(民益街111号-121号(单号)),哈尔滨,南岗,哈站,1991,小高层,民益街111号-121号(单号),126.6305102,45.75629849,1.0,20.0,,119,公寓住宅,民用,8.5,12,0.0,11300.0,Heilongjiang,Haerbin,Nangang,Heilongjiang-Haerbin
263343,建筑街小区(建筑街24号-40号(双号)),哈尔滨,南岗,哈站,1991,小高层,建筑街24号-40号(双号),126.629671,45.75730813,1.0,20.0,,192,公寓住宅,民用,8.3,12,0.0,10583.0,Heilongjiang,Haerbin,Nangang,Heilongjiang-Haerbin
263344,上方街小区(上方街22号-46号(双号)),哈尔滨,南岗,哈站,2000,小高层,上方街22号-46号(双号),126.6237215,45.75230936,1.0,30.0,,437,公寓住宅,民用,8.1,12,0.0,11000.0,Heilongjiang,Haerbin,Nangang,Heilongjiang-Haerbin
263336,"民益街小区(北京街102号-114号(双号),满洲里街65号-67号(双号),海城街115-1号,民益街176号-186号(双号))",哈尔滨,南岗,哈站,1991,小高层,"北京街102号-114号(双号),满洲里街65号-67号(双号),海城街115-1号,民益街176号-186号(双号)",126.628059,45.75425084,1.0,20.0,,435,公寓住宅,民用,8.7,12,0.0,11153.0,Heilongjiang,Haerbin,Nangang,Heilongjiang-Haerbin
263345,"松花江街小区(松花江街121号,邮政街420号)",哈尔滨,南岗,哈站,2000,小高层,"松花江街121号,邮政街420号",126.6247525,45.74705618,1.0,30.0,,142,公寓住宅,民用,8.1,12,0.0,10800.0,Heilongjiang,Haerbin,Nangang,Heilongjiang-Haerbin
263347,建筑街29号小区,哈尔滨,南岗,哈站,2002,小高层,建筑街29号,126.6274399,45.75581712,1.0,30.0,,342,公寓住宅,民用,8.4,12,0.0,10270.0,Heilongjiang,Haerbin,Nangang,Heilongjiang-Haerbin
263348,"满洲里街小区(满洲里街30号,58号)",哈尔滨,南岗,哈站,1996,小高层,"满洲里街30号,58号",126.6317456,45.75361371,1.0,20.0,,203,公寓住宅,民用,8.5,12,0.0,11357.0,Heilongjiang,Haerbin,Nangang,Heilongjiang-Haerbin
263349,"民益街小区(民益街172号,174号)",哈尔滨,南岗,哈站,1999,多层,"民益街172号,174号",126.629155,45.75449277,1.0,20.0,,42,公寓住宅,民用,8.8,12,0.0,11000.0,Heilongjiang,Haerbin,Nangang,Heilongjiang-Haerbin
263350,"海城街小区(海城街170号,凤翥街2号)",哈尔滨,南岗,哈站,1990,多层,"海城街170号,凤翥街2号",126.62502,45.75500777,1.0,20.0,,211,公寓住宅,民用,8.3,12,0.0,11666.0,Heilongjiang,Haerbin,Nangang,Heilongjiang-Haerbin
263351,高铁家园,哈尔滨,南岗,哈站,1990,高层,"铁路街,近货栈街",126.6198382,45.75117434,1.0,20.0,,1289,公寓住宅,民用,8.5,12,0.0,15137.0,Heilongjiang,Haerbin,Nangang,Heilongjiang-Haerbin
263352,"海关街小区(邮政街299号,海关街128号-138号(双号))",哈尔滨,南岗,哈站,1985,多层,"邮政街299号,海关街128号-138号(双号)",126.6308985,45.75534185,1.0,20.0,,361,公寓住宅,民用,8.4,12,-1.21,9562.0,Heilongjiang,Haerbin,Nangang,Heilongjiang-Haerbin
263353,"民益街小区(民益街37号,北京街33号,33-3号)",哈尔滨,南岗,哈站,1991,小高层,"民益街37号,北京街33号,33-3号",126.6367597,45.76218481,1.0,20.0,,204,公寓住宅,民用,8.4,12,0.0,13335.0,Heilongjiang,Haerbin,Nangang,Heilongjiang-Haerbin
263354,银行街28号小区,哈尔滨,南岗,哈站,2000,小高层,银行街28号,126.6346064,45.76192481,1.0,30.0,,64,公寓住宅,民用,8.6,12,0.0,18750.0,Heilongjiang,Haerbin,Nangang,Heilongjiang-Haerbin
263346,满洲里街62号小区,哈尔滨,南岗,哈站,1996,小高层,满洲里街62号,126.6297911,45.75315361,1.0,20.0,,120,公寓住宅,民用,8.7,12,0.0,12714.0,Heilongjiang,Haerbin,Nangang,Heilongjiang-Haerbin
263335,"北京街小区(建筑街122号-130号(双号),北京街122号-136号(双号))",哈尔滨,南岗,哈站,1981,小高层,"建筑街122号-130号(双号),北京街122号-136号(双号)",126.6272376,45.75491803,1.0,43.0,,456,公寓住宅,民用,8.4,12,0.07,10766.0,Heilongjiang,Haerbin,Nangang,Heilongjiang-Haerbin
263334,"满洲里街小区(满洲里街69号-75号(单号),民益街188号-194号(双号),公司路127号,海城街146号-152号(双号))",哈尔滨,南岗,哈站,1996,小高层,"满洲里街69号-75号(单号),民益街188号-194号(双号),公司路127号,海城街146号-152号(双号)",126.6281896,45.75294274,1.0,20.0,,446,公寓住宅,民用,8.3,12,-0.93,10743.0,Heilongjiang,Haerbin,Nangang,Heilongjiang-Haerbin
263333,机务小区,哈尔滨,南岗,哈站,1993,多层|小高层,北京街49号,126.628084,45.75535373,1.0,20.0,,826,公寓住宅,民用,8.6,12,0.0,10966.0,Heilongjiang,Haerbin,Nangang,Heilongjiang-Haerbin
263314,新地小区(南岗),哈尔滨,南岗,黄河路,1992,多层,嵩山路2号,126.6828754,45.75100454,1.0,38.0,,585,公寓住宅,民用,8.4,12,0.0,7557.0,Heilongjiang,Haerbin,Nangang,Heilongjiang-Haerbin
263317,华山国际商务中心,哈尔滨,南岗,黄河路,2001,小高层,轩辕路6号,126.677277,45.75023501,1.0,30.0,,147,公寓住宅,民用,7.9,12,0.0,9310.0,Heilongjiang,Haerbin,Nangang,Heilongjiang-Haerbin
262204,红星凯悦,哈尔滨,南岗,哈西,2015,小高层,三环路,126.5520441,45.66670368,1.0,20.0,,4568,公寓住宅,民用,7.5,12,0.44,8064.0,Heilongjiang,Haerbin,Nangang,Heilongjiang-Haerbin
263318,缤纷假日公寓,哈尔滨,南岗,黄河路,2009,高层,闽江路233号,126.6831038,45.74684443,1.0,20.0,,0,公寓住宅,民用,8.1,12,0.0,12000.0,Heilongjiang,Haerbin,Nangang,Heilongjiang-Haerbin
263319,黑龙江省残疾人联合会住宅楼,哈尔滨,南岗,黄河路,2017,小高层,黄河路130号,126.6799799,45.75154687,1.0,30.0,,98,公寓住宅,民用,8.2,12,0.0,9984.0,Heilongjiang,Haerbin,Nangang,Heilongjiang-Haerbin
263320,国际会展金融大厦,哈尔滨,南岗,黄河路,1999,高层,"长江路,近红旗大街",126.6927556,45.74845903,1.0,20.0,,644,商住楼,商用,7.9,12,0.0,14740.0,Heilongjiang,Haerbin,Nangang,Heilongjiang-Haerbin
263321,世贸翡翠公馆,哈尔滨,南岗,黄河路,2018,超高层,菜库街5号,126.7050988,45.74996046,,30.0,,0,商住楼,商用,7.3,12,0.0,18292.0,Heilongjiang,Haerbin,Nangang,Heilongjiang-Haerbin
263323,鼎新小区,哈尔滨,南岗,黄河路,1995,多层,辽河路239号,126.6753043,45.76208376,1.0,20.0,,1146,公寓住宅,民用,8.1,12,0.0,7826.0,Heilongjiang,Haerbin,Nangang,Heilongjiang-Haerbin
263324,平准街55号小区,哈尔滨,南岗,黄河路,1996,小高层,平准街55号,126.6645232,45.75649123,1.0,20.0,,184,公寓住宅,民用,7.9,12,0.0,8493.0,Heilongjiang,Haerbin,Nangang,Heilongjiang-Haerbin
263325,日丰名宅,哈尔滨,南岗,黄河路,2002,小高层,宣庆街116-2号,126.6680042,45.75881073,1.0,20.0,,97,公寓住宅,民用,8.0,12,0.0,12717.0,Heilongjiang,Haerbin,Nangang,Heilongjiang-Haerbin
263326,烟草街小区,哈尔滨,南岗,黄河路,2000,多层|小高层,烟草街,126.6631387,45.75934548,1.0,20.0,,865,公寓住宅,民用,7.9,12,0.0,8978.0,Heilongjiang,Haerbin,Nangang,Heilongjiang-Haerbin
263327,铂金湾,哈尔滨,南岗,黄河路,2010,小高层,中和街68号,126.6620966,45.75118494,1.0,33.0,,160,公寓住宅,民用,8.1,12,0.0,9028.0,Heilongjiang,Haerbin,Nangang,Heilongjiang-Haerbin
263328,上方小区,哈尔滨,南岗,哈站,1999,多层|高层,凤翥路27号,126.6233524,45.75363589,1.0,38.0,,827,公寓住宅,民用,8.7,12,-1.14,11228.0,Heilongjiang,Haerbin,Nangang,Heilongjiang-Haerbin
263329,利群小区,哈尔滨,南岗,哈站,1995,小高层,邮政街353-7号,126.6234593,45.7483668,1.0,30.0,,1396,公寓住宅,民用,8.4,12,0.31,10761.0,Heilongjiang,Haerbin,Nangang,Heilongjiang-Haerbin
263330,哈铁路局局长楼,哈尔滨,南岗,哈站,2000,多层|小高层,上夹树街15号,126.6196793,45.74606697,1.0,20.0,,223,公寓住宅,民用,8.4,12,0.0,15104.0,Heilongjiang,Haerbin,Nangang,Heilongjiang-Haerbin
263331,颐园府邸,哈尔滨,南岗,哈站,2003,小高层,银行街70号,126.6323039,45.75852011,1.0,26.0,,179,公寓住宅,民用,9.2,12,0.0,21696.0,Heilongjiang,Haerbin,Nangang,Heilongjiang-Haerbin
263332,"建筑街小区(建筑街54号,58号)",哈尔滨,南岗,哈站,1991,小高层,"建筑街54号,58号",126.6288621,45.75659335,1.0,20.0,,84,公寓住宅,民用,8.4,12,0.0,10833.0,Heilongjiang,Haerbin,Nangang,Heilongjiang-Haerbin
263355,上夹树街75号小区,哈尔滨,南岗,哈站,1991,小高层,上夹树街75号,126.6198339,45.74628887,1.0,20.0,,240,公寓住宅,民用,8.1,12,0.0,10070.0,Heilongjiang,Haerbin,Nangang,Heilongjiang-Haerbin
263356,木工街14-16号小区,哈尔滨,南岗,哈站,2000,小高层,"木工街14号,16号",126.6195572,45.74655484,1.0,30.0,,179,公寓住宅,民用,8.2,12,0.0,8684.0,Heilongjiang,Haerbin,Nangang,Heilongjiang-Haerbin
263358,元和街小区(元和街40号-48号(双号)),哈尔滨,南岗,哈站,1991,小高层,元和街40号-48号(双号),126.6160741,45.73429078,1.0,20.0,,265,公寓住宅,民用,7.8,12,0.0,14146.0,Heilongjiang,Haerbin,Nangang,Heilongjiang-Haerbin
263383,铁路局老奔腾楼,哈尔滨,南岗,哈站,1999,多层,满洲里街118号,126.6229564,45.75103654,,20.0,,75,公寓住宅,民用,8.2,12,0.0,9000.0,Heilongjiang,Haerbin,Nangang,Heilongjiang-Haerbin
263384,香东街25号小区,哈尔滨,南岗,哈站,2002,小高层,香东街25号,126.6244191,45.7523375,,30.0,,70,公寓住宅,民用,8.2,12,0.0,7300.0,Heilongjiang,Haerbin,Nangang,Heilongjiang-Haerbin
263385,松明街33号小区,哈尔滨,南岗,哈站,1991,多层,松明街33号,126.616132,45.73635189,1.0,20.0,,123,公寓住宅,民用,7.8,12,0.0,10000.0,Heilongjiang,Haerbin,Nangang,Heilongjiang-Haerbin
263386,松明街14号小区,哈尔滨,南岗,哈站,1991,小高层,松明街14号,126.6185341,45.73769967,1.0,20.0,,72,公寓住宅,民用,7.8,12,0.0,9818.0,Heilongjiang,Haerbin,Nangang,Heilongjiang-Haerbin
263387,元和街22号小区,哈尔滨,南岗,哈站,1991,小高层,元和街22号,126.6167333,45.73472729,1.0,20.0,,28,公寓住宅,民用,7.8,12,0.0,8300.0,Heilongjiang,Haerbin,Nangang,Heilongjiang-Haerbin
263388,"北京街小区(北京街9号,11号)",哈尔滨,南岗,哈站,1981,小高层,"北京街9号,11号",126.6324533,45.75305839,1.0,20.0,,228,公寓住宅,民用,8.0,12,0.0,11764.0,Heilongjiang,Haerbin,Nangang,Heilongjiang-Haerbin
263389,松明街小区(松明街42号-46号(双号)),哈尔滨,南岗,哈站,1991,小高层,松明街42号-46号(双号),126.6150776,45.73482276,1.0,20.0,,72,公寓住宅,民用,7.6,12,0.0,10000.0,Heilongjiang,Haerbin,Nangang,Heilongjiang-Haerbin
263390,松明街29号小区,哈尔滨,南岗,哈站,1991,小高层,松明街29号,126.6170856,45.73715666,1.0,20.0,,144,公寓住宅,民用,7.7,12,0.0,9567.0,Heilongjiang,Haerbin,Nangang,Heilongjiang-Haerbin
263382,满洲里街154号小区,哈尔滨,南岗,哈站,2005,多层,满洲里街154号,126.6202586,45.75015179,1.0,30.0,,133,公寓住宅,民用,7.9,12,0.0,7500.0,Heilongjiang,Haerbin,Nangang,Heilongjiang-Haerbin
263391,松明街小区(28-30号(双号)),哈尔滨,南岗,哈站,1991,小高层,松明街28-30号(双号),126.6163428,45.73567851,1.0,20.0,,87,公寓住宅,民用,7.6,12,0.0,9750.0,Heilongjiang,Haerbin,Nangang,Heilongjiang-Haerbin
263393,曲线街小区(曲线街66号-70号(双号)),哈尔滨,南岗,哈站,1996,小高层,曲线街66号-70号(双号),126.6183239,45.74321362,1.0,20.0,,0,公寓住宅,民用,8.3,12,0.0,8500.0,Heilongjiang,Haerbin,Nangang,Heilongjiang-Haerbin
263394,木工街3号小区,哈尔滨,南岗,哈站,2000,小高层,木工街3号,126.6211027,45.74630743,1.0,30.0,,45,公寓住宅,民用,8.5,12,0.0,9480.0,Heilongjiang,Haerbin,Nangang,Heilongjiang-Haerbin
263395,"松明街小区(松明街40号,40-2号)",哈尔滨,南岗,哈站,1991,小高层,"松明街40号,40-2号",126.6151767,45.73496644,1.0,20.0,,63,公寓住宅,民用,7.6,12,0.0,8823.0,Heilongjiang,Haerbin,Nangang,Heilongjiang-Haerbin
263396,元士街21-3号小区,哈尔滨,南岗,哈站,1985,小高层,元士街21-3号,126.6183427,45.73500701,1.0,20.0,,126,公寓住宅,民用,7.6,12,0.0,8750.0,Heilongjiang,Haerbin,Nangang,Heilongjiang-Haerbin
263397,先锋领地,哈尔滨,南岗,先锋路南岗段,2012,多层|小高层,先锋路545号,126.6717959,45.76404111,1.0,45.0,,286,公寓住宅,民用,8.4,12,0.0,12823.0,Heilongjiang,Haerbin,Nangang,Heilongjiang-Haerbin
263398,锋华城,哈尔滨,南岗,先锋路南岗段,2009,高层,华山北路110号,126.6725745,45.76282931,1.0,29.0,,212,公寓住宅,民用,8.6,12,0.0,10000.0,Heilongjiang,Haerbin,Nangang,Heilongjiang-Haerbin
263399,铁岭街小区,哈尔滨,南岗,铁岭街,1998,多层|小高层,"铁岭街21号,35号,41号,42-1号,42-2号,42-3号,43号,43-1号,44-48号(双号),49号,49-1号,53号,辽阳街18号,20号,30-34号(双号),38号,40号,46号,58号,花园街221号,237号,鞍山街17号,21号,25号,东大直街250号,250-1号",126.6464892,45.76271479,1.0,35.2,,2593,公寓住宅,民用,8.8,12,-0.05,16822.0,Heilongjiang,Haerbin,Nangang,Heilongjiang-Haerbin
263400,河渠街小区,哈尔滨,南岗,铁岭街,2000,多层|小高层,"河渠街23号,29号,鞍山街1号,13号,花园街258号,262号,270-276号(双号),272-2号,铁岭街2号,4号,8号,14-18号(双号),28号,马家街1号,5号,6号,13号,12-40号(双号)",126.6491585,45.76068385,1.0,20.0,,1295,公寓住宅,民用,8.6,12,0.74,17076.0,Heilongjiang,Haerbin,Nangang,Heilongjiang-Haerbin
263392,清明头道街2号小区,哈尔滨,南岗,哈站,2000,小高层,清明头道街2号,126.6106285,45.74001325,1.0,30.0,,88,公寓住宅,民用,7.8,12,0.0,8947.0,Heilongjiang,Haerbin,Nangang,Heilongjiang-Haerbin
263359,砖街小区(砖街32号-42号(双号)),哈尔滨,南岗,哈站,1987,小高层,砖街32号-42号(双号),126.6176966,45.74219216,1.0,20.0,,63,公寓住宅,民用,8.1,12,0.0,8923.0,Heilongjiang,Haerbin,Nangang,Heilongjiang-Haerbin
263360,曲线街46号小区,哈尔滨,南岗,哈站,2000,小高层,曲线街46号,126.6182326,45.74649368,1.0,30.0,,42,公寓住宅,民用,8.3,12,0.0,10300.0,Heilongjiang,Haerbin,Nangang,Heilongjiang-Haerbin
263361,松明街37号小区,哈尔滨,南岗,哈站,1991,小高层,松明街37号,126.6160716,45.73623984,1.0,20.0,,56,公寓住宅,民用,8.0,12,0.0,9977.0,Heilongjiang,Haerbin,Nangang,Heilongjiang-Haerbin
263362,尚品公寓,哈尔滨,南岗,哈站,2005,多层,铁路街110号,126.6215718,45.75135034,1.0,20.0,,313,公寓住宅,民用,8.6,12,0.0,13166.0,Heilongjiang,Haerbin,Nangang,Heilongjiang-Haerbin
263364,建筑街110号小区,哈尔滨,南岗,哈站,2000,多层,建筑街110号,126.6276698,45.75551321,1.0,30.0,,0,公寓住宅,民用,8.6,12,0.0,10714.0,Heilongjiang,Haerbin,Nangang,Heilongjiang-Haerbin
263365,"松花江街小区(松花江街61号,63号,公司街143号)",哈尔滨,南岗,哈站,1998,小高层,"松花江街61号,63号,公司街143号",126.6258957,45.75339655,1.0,20.0,,344,公寓住宅,民用,8.7,12,-0.05,11061.0,Heilongjiang,Haerbin,Nangang,Heilongjiang-Haerbin
263366,民益街149号小区,哈尔滨,南岗,哈站,2000,多层,民益街149号,126.6292087,45.75520501,1.0,30.0,,317,公寓住宅,民用,8.3,12,-0.21,11210.0,Heilongjiang,Haerbin,Nangang,Heilongjiang-Haerbin
263367,公司街177号小区,哈尔滨,南岗,哈站,1991,高层,公司街177号,126.6236881,45.75463059,1.0,20.0,,499,公寓住宅,民用,8.2,12,0.46,10646.0,Heilongjiang,Haerbin,Nangang,Heilongjiang-Haerbin
263369,满洲里街104号小区,哈尔滨,南岗,哈站,1985,多层,满洲里街104号,126.6282956,45.75260655,1.0,20.0,,0,公寓住宅,民用,8.1,12,0.0,9890.0,Heilongjiang,Haerbin,Nangang,Heilongjiang-Haerbin
263370,下夹树街29号小区,哈尔滨,南岗,哈站,1991,小高层,下夹树街29号,126.6238255,45.7510689,1.0,20.0,,0,公寓住宅,民用,8.3,12,0.0,10000.0,Heilongjiang,Haerbin,Nangang,Heilongjiang-Haerbin
263371,松花江街16号小区,哈尔滨,南岗,哈站,2006,小高层,松花江街16号,126.6270447,45.75625901,1.0,30.0,,0,公寓住宅,民用,8.6,12,0.0,11026.0,Heilongjiang,Haerbin,Nangang,Heilongjiang-Haerbin
263372,货栈街9-11号小区,哈尔滨,南岗,哈站,1985,小高层,货栈街9-11号,126.6225918,45.74998635,1.0,20.0,,0,公寓住宅,民用,8.3,12,0.0,8955.0,Heilongjiang,Haerbin,Nangang,Heilongjiang-Haerbin
263373,中海胡同小区,哈尔滨,南岗,哈站,2005,多层,中海胡同,126.6251089,45.75285263,1.0,30.0,,462,公寓住宅,民用,8.3,12,-0.53,10990.0,Heilongjiang,Haerbin,Nangang,Heilongjiang-Haerbin
263374,"清明五道街小区(2号,8号)",哈尔滨,南岗,哈站,2006,小高层,"清明五道街2号,8号",126.6139857,45.73960401,1.0,30.0,,177,公寓住宅,民用,8.2,12,0.0,9326.0,Heilongjiang,Haerbin,Nangang,Heilongjiang-Haerbin
263375,凤翥街18号住宅楼,哈尔滨,南岗,哈站,2000,多层,凤翥街18号,126.6234056,45.7528413,,30.0,,70,公寓住宅,民用,8.1,12,0.0,8900.0,Heilongjiang,Haerbin,Nangang,Heilongjiang-Haerbin
263357,下夹树街35-41号小区,哈尔滨,南岗,哈站,1991,多层,"下夹树街35号,41号",126.623222,45.75049536,1.0,20.0,,134,公寓住宅,民用,8.1,12,0.0,10357.0,Heilongjiang,Haerbin,Nangang,Heilongjiang-Haerbin
263313,哈尔滨市军队离休退休干部第二休养所,哈尔滨,南岗,黄河路,1996,多层,黄河路,126.6707213,45.75350714,,20.0,,407,公寓住宅,民用,7.9,12,0.0,8800.0,Heilongjiang,Haerbin,Nangang,Heilongjiang-Haerbin
263649,银行街28号小区,哈尔滨,南岗,博物馆,2000,小高层,银行街28号,126.6346064,45.76192481,1.0,30.0,,64,公寓住宅,民用,8.6,12,0.0,18750.0,Heilongjiang,Haerbin,Nangang,Heilongjiang-Haerbin
263650,五瑞街45号小区,哈尔滨,南岗,博物馆,1991,小高层,五瑞街45号,126.6227522,45.73218467,1.0,20.0,,252,公寓住宅,民用,8.3,12,0.0,14732.0,Heilongjiang,Haerbin,Nangang,Heilongjiang-Haerbin
263651,四明街16号小区,哈尔滨,南岗,博物馆,1991,多层,四明街16号,126.6230434,45.73238716,1.0,20.0,,102,公寓住宅,民用,7.8,12,0.0,13750.0,Heilongjiang,Haerbin,Nangang,Heilongjiang-Haerbin
263652,"东大直街小区(东大直街274号,276号)",哈尔滨,南岗,博物馆,2017,小高层,"东大直街274号,276号",126.6433661,45.76086247,1.0,30.0,,36,公寓住宅,民用,8.7,12,0.0,19642.0,Heilongjiang,Haerbin,Nangang,Heilongjiang-Haerbin
263653,上夹树街75号小区,哈尔滨,南岗,博物馆,1991,小高层,上夹树街75号,126.6198339,45.74628887,1.0,20.0,,240,公寓住宅,民用,8.1,12,0.0,10070.0,Heilongjiang,Haerbin,Nangang,Heilongjiang-Haerbin
263654,"新永和街小区(新永和街34号-42号(双号),永和街26号,小阿什河街1号)",哈尔滨,南岗,博物馆,2002,小高层,"新永和街34号-42号(双号),小阿什河街1号,永和街32号",126.6498198,45.75481506,1.0,30.0,,455,公寓住宅,民用,8.2,12,0.0,9560.0,Heilongjiang,Haerbin,Nangang,Heilongjiang-Haerbin
263655,永和街62号小区,哈尔滨,南岗,博物馆,2000,小高层,永和街62号,126.6476337,45.7528207,1.0,30.0,,203,公寓住宅,民用,8.0,12,0.0,8428.0,Heilongjiang,Haerbin,Nangang,Heilongjiang-Haerbin
263656,华威大厦,哈尔滨,南岗,博物馆,2004,高层,花园街368号,126.6410329,45.75512109,1.0,10.0,,348,公寓住宅,民用,8.3,12,0.4,12581.0,Heilongjiang,Haerbin,Nangang,Heilongjiang-Haerbin
263648,"民益街小区(民益街37号,北京街33号,33-3号)",哈尔滨,南岗,博物馆,1991,小高层,"民益街37号,北京街33号,33-3号",126.6367597,45.76218481,1.0,20.0,,204,公寓住宅,民用,8.4,12,0.0,13335.0,Heilongjiang,Haerbin,Nangang,Heilongjiang-Haerbin
263657,民益街146号小区,哈尔滨,南岗,博物馆,1991,小高层,民益街146号,126.6278807,45.75468275,1.0,20.0,,0,公寓住宅,民用,8.4,12,0.0,12857.0,Heilongjiang,Haerbin,Nangang,Heilongjiang-Haerbin
263659,"复华三道街小区(耀景街2号-4号(双号),复华三道街2号-6号(双号))",哈尔滨,南岗,博物馆,2011,小高层,"耀景街2号-4号(双号),复华三道街2号-6号(双号)",126.6335335,45.74664112,1.0,30.0,,73,公寓住宅,民用,8.4,12,0.0,13333.0,Heilongjiang,Haerbin,Nangang,Heilongjiang-Haerbin
263660,复华三道街47号小区,哈尔滨,南岗,博物馆,2011,小高层,复华三道街47号,126.6289884,45.74325879,1.0,30.0,,120,公寓住宅,民用,8.5,12,0.0,8500.0,Heilongjiang,Haerbin,Nangang,Heilongjiang-Haerbin
263661,复华三道街54号小区,哈尔滨,南岗,博物馆,2011,小高层,复华三道街54号,126.6294459,45.74304875,1.0,30.0,,166,公寓住宅,民用,8.5,12,0.0,13473.0,Heilongjiang,Haerbin,Nangang,Heilongjiang-Haerbin
263662,复华四道街5号小区,哈尔滨,南岗,博物馆,2017,小高层,复华四道街5号,126.6330519,45.74564509,1.0,30.0,,72,公寓住宅,民用,8.1,12,0.0,13442.0,Heilongjiang,Haerbin,Nangang,Heilongjiang-Haerbin
263663,复兴街10号小区,哈尔滨,南岗,博物馆,2002,小高层,复兴街10号,126.6326198,45.74515288,1.0,30.0,,54,公寓住宅,民用,8.2,12,0.0,12000.0,Heilongjiang,Haerbin,Nangang,Heilongjiang-Haerbin
263664,耀景街8-10号小区,哈尔滨,南岗,博物馆,1991,小高层,"耀景街8号,10号",126.6344022,45.74613676,1.0,20.0,,129,公寓住宅,民用,7.9,12,0.0,11428.0,Heilongjiang,Haerbin,Nangang,Heilongjiang-Haerbin
263665,邮政街162号小区,哈尔滨,南岗,博物馆,1991,高层,邮政街162号,126.6394184,45.76085309,1.0,20.0,,198,公寓住宅,民用,8.7,12,0.0,19541.0,Heilongjiang,Haerbin,Nangang,Heilongjiang-Haerbin
263666,上夹树街38号小区,哈尔滨,南岗,博物馆,1991,小高层,上夹树街38号,126.6240198,45.74965112,1.0,20.0,,72,公寓住宅,民用,8.1,12,0.0,13142.0,Heilongjiang,Haerbin,Nangang,Heilongjiang-Haerbin
263658,"下夹树街小区(下夹树街65号,67号,曲线街46号,48号)",哈尔滨,南岗,博物馆,1991,小高层,"下夹树街65号,67号,曲线街46号,48号",126.6187175,45.74630442,1.0,20.0,,224,公寓住宅,民用,8.6,12,0.0,9310.0,Heilongjiang,Haerbin,Nangang,Heilongjiang-Haerbin
263667,民益街58号小区,哈尔滨,南岗,博物馆,1991,小高层,民益街58号,126.6366917,45.7610673,1.0,20.0,,80,公寓住宅,民用,8.3,12,0.0,19032.0,Heilongjiang,Haerbin,Nangang,Heilongjiang-Haerbin
263647,禧年中心,哈尔滨,南岗,博物馆,2006,高层,国民街10号,126.6425791,45.75317204,1.0,20.0,,318,公寓住宅,民用,8.6,12,0.22,11995.0,Heilongjiang,Haerbin,Nangang,Heilongjiang-Haerbin
263645,河沟街小区(河沟街30号-38号(双号)),哈尔滨,南岗,博物馆,2007,小高层,河沟街30号-38号(双号),126.6442456,45.75324756,1.0,30.0,,63,公寓住宅,民用,8.3,12,0.0,14166.0,Heilongjiang,Haerbin,Nangang,Heilongjiang-Haerbin
263627,果戈里大街316号小区,哈尔滨,南岗,博物馆,1991,小高层,果戈里大街316号,126.6425598,45.7563831,1.0,20.0,,84,公寓住宅,民用,8.2,12,0.0,9578.0,Heilongjiang,Haerbin,Nangang,Heilongjiang-Haerbin
263628,民益街179号小区,哈尔滨,南岗,博物馆,1991,小高层,民益街179号,126.6272463,45.75350065,1.0,20.0,,276,公寓住宅,民用,8.1,12,0.0,12052.0,Heilongjiang,Haerbin,Nangang,Heilongjiang-Haerbin
263629,海城街小区(海城街143号-157号(单号)),哈尔滨,南岗,博物馆,2007,小高层,海城街143号-157号(单号),126.6258673,45.75526373,1.0,30.0,,221,公寓住宅,民用,8.4,12,0.0,9454.0,Heilongjiang,Haerbin,Nangang,Heilongjiang-Haerbin
263630,民益街小区(民益街111号-121号(单号)),哈尔滨,南岗,博物馆,1991,小高层,民益街111号-121号(单号),126.6305102,45.75629849,1.0,20.0,,119,公寓住宅,民用,8.5,12,0.0,11300.0,Heilongjiang,Haerbin,Nangang,Heilongjiang-Haerbin
263631,建筑街小区(建筑街24号-40号(双号)),哈尔滨,南岗,博物馆,1991,小高层,建筑街24号-40号(双号),126.629671,45.75730813,1.0,20.0,,192,公寓住宅,民用,8.3,12,0.0,10583.0,Heilongjiang,Haerbin,Nangang,Heilongjiang-Haerbin
263632,铁岭街小区(铁岭街31号-41号(单号)),哈尔滨,南岗,博物馆,1998,小高层,铁岭街31号-41号(单号),126.6481311,45.76245606,1.0,60.0,,315,公寓住宅,民用,8.7,12,0.0,19800.0,Heilongjiang,Haerbin,Nangang,Heilongjiang-Haerbin
263633,上方街小区(上方街22号-46号(双号)),哈尔滨,南岗,博物馆,2000,小高层,上方街22号-46号(双号),126.6237215,45.75230936,1.0,30.0,,437,公寓住宅,民用,8.1,12,0.0,11000.0,Heilongjiang,Haerbin,Nangang,Heilongjiang-Haerbin
263634,果戈里大街58号小区,哈尔滨,南岗,博物馆,1991,多层,果戈里大街58号,126.6555225,45.74833025,1.0,20.0,,141,公寓住宅,民用,7.6,12,0.0,10357.0,Heilongjiang,Haerbin,Nangang,Heilongjiang-Haerbin
263646,红军街1号小区,哈尔滨,南岗,博物馆,2012,超高层,红军街1号,126.6428444,45.75246827,1.0,30.0,,976,公寓住宅,民用,8.5,12,-0.95,15057.0,Heilongjiang,Haerbin,Nangang,Heilongjiang-Haerbin
263635,鞍山街33号小区,哈尔滨,南岗,博物馆,1991,小高层,鞍山街33号,126.6441167,45.76352713,1.0,20.0,,280,公寓住宅,民用,8.3,12,0.0,16000.0,Heilongjiang,Haerbin,Nangang,Heilongjiang-Haerbin
263637,宣信街14-16号小区,哈尔滨,南岗,博物馆,1991,小高层,"宣信街14号,16号",126.6667501,45.74741427,1.0,20.0,,225,公寓住宅,民用,7.8,12,0.0,8583.0,Heilongjiang,Haerbin,Nangang,Heilongjiang-Haerbin
263638,建筑街29号小区,哈尔滨,南岗,博物馆,2002,小高层,建筑街29号,126.6274399,45.75581712,1.0,30.0,,342,公寓住宅,民用,8.4,12,0.0,10270.0,Heilongjiang,Haerbin,Nangang,Heilongjiang-Haerbin
263639,宣武街1号小区,哈尔滨,南岗,博物馆,2019,小高层,宣武街1号,126.6660547,45.75323485,1.0,30.0,,156,公寓住宅,民用,7.9,12,0.0,7653.0,Heilongjiang,Haerbin,Nangang,Heilongjiang-Haerbin
263640,民益街60号小区,哈尔滨,南岗,博物馆,1991,小高层,民益街60号,126.6354618,45.76103138,1.0,20.0,,144,公寓住宅,民用,8.6,12,0.0,17763.0,Heilongjiang,Haerbin,Nangang,Heilongjiang-Haerbin
263641,民益街103号小区,哈尔滨,南岗,博物馆,1996,小高层,民益街103号,126.6313211,45.75716289,1.0,20.0,,126,公寓住宅,民用,8.4,12,0.0,10855.0,Heilongjiang,Haerbin,Nangang,Heilongjiang-Haerbin
263642,龙兴大厦,哈尔滨,南岗,博物馆,2005,高层,邮政街33-5号,126.6396694,45.76258097,1.0,30.0,,358,公寓住宅,民用,9.3,12,0.0,17500.0,Heilongjiang,Haerbin,Nangang,Heilongjiang-Haerbin
263643,宣庆街10号小区,哈尔滨,南岗,博物馆,1991,小高层,宣庆街10号,126.6669132,45.74795706,1.0,20.0,,221,公寓住宅,民用,7.6,12,0.0,9347.0,Heilongjiang,Haerbin,Nangang,Heilongjiang-Haerbin
263644,木兰街34号小区,哈尔滨,南岗,博物馆,1991,小高层,木兰街34号,126.6220359,45.73308423,1.0,20.0,,234,公寓住宅,民用,8.2,12,0.0,13160.0,Heilongjiang,Haerbin,Nangang,Heilongjiang-Haerbin
263636,"松花江街小区(松花江街121号,邮政街420号)",哈尔滨,南岗,博物馆,2000,小高层,"松花江街121号,邮政街420号",126.6247525,45.74705618,1.0,30.0,,142,公寓住宅,民用,8.1,12,0.0,10800.0,Heilongjiang,Haerbin,Nangang,Heilongjiang-Haerbin
263668,民益街64号小区,哈尔滨,南岗,博物馆,1991,小高层,民益街64号,126.6366451,45.76101061,1.0,20.0,,261,公寓住宅,民用,8.5,12,0.0,10533.0,Heilongjiang,Haerbin,Nangang,Heilongjiang-Haerbin
263669,花园街小区(花园街326-344号(双号)),哈尔滨,南岗,博物馆,1991,小高层,花园街326-344号(双号),126.6421773,45.75610129,1.0,20.0,,100,公寓住宅,民用,8.3,12,0.0,20000.0,Heilongjiang,Haerbin,Nangang,Heilongjiang-Haerbin
263670,光芒大厦,哈尔滨,南岗,博物馆,2000,高层,光芒街138号,126.6458591,45.75299302,1.0,20.0,,328,公寓住宅,民用,8.4,12,0.0,11236.0,Heilongjiang,Haerbin,Nangang,Heilongjiang-Haerbin
263695,革新街192号小区,哈尔滨,南岗,博物馆,2006,小高层,革新街192号,126.6479747,45.74625931,1.0,30.0,,64,公寓住宅,民用,8.7,12,0.0,8478.0,Heilongjiang,Haerbin,Nangang,Heilongjiang-Haerbin
263696,砖街小区(砖街32号-42号(双号)),哈尔滨,南岗,博物馆,1987,小高层,砖街32号-42号(双号),126.6176966,45.74219216,1.0,20.0,,63,公寓住宅,民用,8.1,12,0.0,8923.0,Heilongjiang,Haerbin,Nangang,Heilongjiang-Haerbin
263697,耀景街32号小区,哈尔滨,南岗,博物馆,1991,小高层,耀景街32号,126.631277,45.74801693,1.0,20.0,,105,公寓住宅,民用,8.5,12,0.0,12792.0,Heilongjiang,Haerbin,Nangang,Heilongjiang-Haerbin
263698,果戈里大街268号小区,哈尔滨,南岗,博物馆,1991,小高层,果戈里大街268号,126.6448221,45.75326898,1.0,20.0,,0,公寓住宅,民用,8.0,12,0.0,14925.0,Heilongjiang,Haerbin,Nangang,Heilongjiang-Haerbin
263699,马家街57号小区,哈尔滨,南岗,博物馆,1991,小高层,马家街57号,126.6429868,45.75540166,1.0,20.0,,84,公寓住宅,民用,8.4,12,0.0,9866.0,Heilongjiang,Haerbin,Nangang,Heilongjiang-Haerbin
263700,元和街小区(元和街16号-18号(双号)),哈尔滨,南岗,博物馆,1991,小高层,"元和街16号-18号(双号),汉祥街32号",126.6174677,45.73538132,1.0,20.0,,186,公寓住宅,民用,7.9,12,0.0,9290.0,Heilongjiang,Haerbin,Nangang,Heilongjiang-Haerbin
263701,曲线街46号小区,哈尔滨,南岗,博物馆,2000,小高层,曲线街46号,126.6182326,45.74649368,1.0,30.0,,42,公寓住宅,民用,8.3,12,0.0,10300.0,Heilongjiang,Haerbin,Nangang,Heilongjiang-Haerbin
263702,革新街145号小区,哈尔滨,南岗,博物馆,2006,小高层,革新街145号,126.6455996,45.74527514,1.0,30.0,,91,公寓住宅,民用,7.9,12,0.0,10288.0,Heilongjiang,Haerbin,Nangang,Heilongjiang-Haerbin
263694,元和街小区(元和街40号-48号(双号)),哈尔滨,南岗,博物馆,1991,小高层,元和街40号-48号(双号),126.6160741,45.73429078,1.0,20.0,,265,公寓住宅,民用,7.8,12,0.0,14146.0,Heilongjiang,Haerbin,Nangang,Heilongjiang-Haerbin
263703,海河路211号小区,哈尔滨,南岗,博物馆,2021,小高层,海河路211号,126.670539,45.75515391,1.0,30.0,,96,公寓住宅,民用,8.1,12,0.0,9315.0,Heilongjiang,Haerbin,Nangang,Heilongjiang-Haerbin
263705,比乐街125号小区,哈尔滨,南岗,博物馆,2012,小高层,比乐街125号,126.6514183,45.7523886,1.0,30.0,,144,公寓住宅,民用,8.2,12,0.0,8378.0,Heilongjiang,Haerbin,Nangang,Heilongjiang-Haerbin
263706,哈尔滨市第五军休所,哈尔滨,南岗,博物馆,2000,多层,鸿翔路16号,126.6672166,45.74227047,1.0,30.0,,72,公寓住宅,民用,7.6,12,0.0,7906.0,Heilongjiang,Haerbin,Nangang,Heilongjiang-Haerbin
263707,"光芒街小区(光芒街72号-80号(双号),巴陵街117号)",哈尔滨,南岗,博物馆,1991,小高层,"光芒街72号-80号(双号),巴陵街117号",126.6500238,45.74999686,1.0,20.0,,427,公寓住宅,民用,7.9,12,0.0,9754.0,Heilongjiang,Haerbin,Nangang,Heilongjiang-Haerbin
263708,"革新街小区(革新街232-1号,232-2号,232-3号)",哈尔滨,南岗,博物馆,2006,小高层,"革新街232-1号,232-2号,232-3号",126.6457309,45.74487692,1.0,30.0,,189,公寓住宅,民用,8.2,12,0.0,8251.0,Heilongjiang,Haerbin,Nangang,Heilongjiang-Haerbin
263709,大庆驻哈尔滨办事处家属楼,哈尔滨,南岗,博物馆,2000,小高层,光明街11号,126.6428445,45.75373172,1.0,30.0,,133,公寓住宅,民用,9.0,12,0.0,12000.0,Heilongjiang,Haerbin,Nangang,Heilongjiang-Haerbin
263710,永和街小区(永和街18号-28号(双号)),哈尔滨,南岗,博物馆,2000,小高层,永和街22号-28号(双号),126.6499652,45.75440623,1.0,30.0,,140,公寓住宅,民用,8.3,12,0.0,9777.0,Heilongjiang,Haerbin,Nangang,Heilongjiang-Haerbin
263711,"河沟街小区(河沟街16号,18号)",哈尔滨,南岗,博物馆,2007,小高层,"河沟街16号,18号",126.6451254,45.75383238,1.0,30.0,,70,公寓住宅,民用,8.5,12,0.0,14062.0,Heilongjiang,Haerbin,Nangang,Heilongjiang-Haerbin
263712,人和街65号小区,哈尔滨,南岗,博物馆,2013,多层,人和街65号,126.6515841,45.75574195,1.0,30.0,,99,公寓住宅,民用,8.4,12,0.0,9620.0,Heilongjiang,Haerbin,Nangang,Heilongjiang-Haerbin
263704,中学胡同小区(中学胡同2号-14号(双号)),哈尔滨,南岗,博物馆,1991,多层,中学胡同2号-14号(双号),126.6322992,45.75594693,1.0,20.0,,216,公寓住宅,民用,8.4,12,0.0,10000.0,Heilongjiang,Haerbin,Nangang,Heilongjiang-Haerbin
263693,河沟街33号小区,哈尔滨,南岗,博物馆,2007,小高层,河沟街33号,126.6438212,45.75356823,1.0,30.0,,192,公寓住宅,民用,8.2,12,0.0,14316.0,Heilongjiang,Haerbin,Nangang,Heilongjiang-Haerbin
263692,"人和街小区(人和街47号,61号)",哈尔滨,南岗,博物馆,2013,小高层,"人和街47号,61号",126.6521781,45.75614123,1.0,30.0,,200,公寓住宅,民用,8.2,12,0.0,9620.0,Heilongjiang,Haerbin,Nangang,Heilongjiang-Haerbin
263691,五瑞街35号小区,哈尔滨,南岗,博物馆,2018,小高层,五瑞街35号,126.6240185,45.7313865,1.0,30.0,,63,公寓住宅,民用,8.2,12,0.0,13142.0,Heilongjiang,Haerbin,Nangang,Heilongjiang-Haerbin
263671,复兴街15号小区,哈尔滨,南岗,博物馆,1991,小高层,复兴街15号,126.6308094,45.74652348,1.0,20.0,,96,公寓住宅,民用,8.2,12,0.0,11750.0,Heilongjiang,Haerbin,Nangang,Heilongjiang-Haerbin
263672,民益街小区(民益街158号-170号(双号)),哈尔滨,南岗,博物馆,1991,多层,民益街158号-170号(双号),126.6292334,45.75509141,1.0,20.0,,84,公寓住宅,民用,8.7,12,0.0,11038.0,Heilongjiang,Haerbin,Nangang,Heilongjiang-Haerbin
263673,建设街小区(建设街52号-76号(双号)),哈尔滨,南岗,博物馆,1991,小高层,建设街52号-76号(双号),126.6406012,45.75591166,1.0,20.0,,112,公寓住宅,民用,8.3,12,0.0,11818.0,Heilongjiang,Haerbin,Nangang,Heilongjiang-Haerbin
263674,颐园街15号小区,哈尔滨,南岗,博物馆,2008,小高层,颐园街15号,126.634128,45.75838166,1.0,30.0,,42,公寓住宅,民用,8.7,12,0.0,9166.0,Heilongjiang,Haerbin,Nangang,Heilongjiang-Haerbin
263676,邮政街389号小区,哈尔滨,南岗,博物馆,1991,小高层,邮政街389号,126.6230282,45.74726179,1.0,20.0,,75,公寓住宅,民用,8.0,12,0.0,10868.0,Heilongjiang,Haerbin,Nangang,Heilongjiang-Haerbin
263677,下夹树街55号小区,哈尔滨,南岗,博物馆,1991,小高层,下夹树街55号,126.6212717,45.74882325,1.0,20.0,,520,公寓住宅,民用,7.9,12,0.0,9836.0,Heilongjiang,Haerbin,Nangang,Heilongjiang-Haerbin
263678,"银行街小区(银行街56号,58号)",哈尔滨,南岗,博物馆,2010,小高层,"银行街56号,58号",126.6326672,45.75982975,1.0,26.0,,48,公寓住宅,民用,8.4,12,0.0,16842.0,Heilongjiang,Haerbin,Nangang,Heilongjiang-Haerbin
263679,革新街117号小区,哈尔滨,南岗,博物馆,2006,小高层,革新街117号,126.6498786,45.748089,1.0,30.0,,144,公寓住宅,民用,8.0,12,0.0,7731.0,Heilongjiang,Haerbin,Nangang,Heilongjiang-Haerbin
263680,建设街27-29号小区,哈尔滨,南岗,博物馆,2004,小高层,建设街27-29号,126.6435133,45.75472906,1.0,30.0,,136,公寓住宅,民用,8.1,12,0.0,12304.0,Heilongjiang,Haerbin,Nangang,Heilongjiang-Haerbin
263681,光芒街小区(光芒街3-13号(单号)),哈尔滨,南岗,博物馆,1991,小高层,光芒街3-13号(单号),126.6548426,45.74612395,1.0,20.0,,233,公寓住宅,民用,7.7,12,0.0,7270.0,Heilongjiang,Haerbin,Nangang,Heilongjiang-Haerbin
263682,下夹树街35-41号小区,哈尔滨,南岗,博物馆,1991,多层,"下夹树街35号,41号",126.623222,45.75049536,1.0,20.0,,134,公寓住宅,民用,8.1,12,0.0,10357.0,Heilongjiang,Haerbin,Nangang,Heilongjiang-Haerbin
263683,一曼街160号小区,哈尔滨,南岗,博物馆,2002,小高层,一曼街160号,126.639033,45.76419105,1.0,30.0,,483,公寓住宅,民用,8.5,12,0.0,9677.0,Heilongjiang,Haerbin,Nangang,Heilongjiang-Haerbin
263684,邮政街119号小区,哈尔滨,南岗,博物馆,1991,小高层,邮政街119号,126.6352375,45.75811065,1.0,20.0,,133,公寓住宅,民用,8.2,12,0.0,12000.0,Heilongjiang,Haerbin,Nangang,Heilongjiang-Haerbin
263685,"银行街小区(银行街18号,20号)",哈尔滨,南岗,博物馆,2010,多层,"银行街18号,20号",126.6346471,45.76207952,1.0,30.0,,72,公寓住宅,民用,8.6,12,0.0,14666.0,Heilongjiang,Haerbin,Nangang,Heilongjiang-Haerbin
263686,"巴陵街小区(巴陵街92号-120号(双号),宣化街143号)",哈尔滨,南岗,博物馆,1991,小高层,"巴陵街92号-120号(双号),宣化街143号",126.6531574,45.75112276,1.0,20.0,,269,公寓住宅,民用,8.0,12,0.0,10346.0,Heilongjiang,Haerbin,Nangang,Heilongjiang-Haerbin
263687,汉广街87号小区,哈尔滨,南岗,博物馆,2004,多层,汉广街87号,126.6161386,45.73077383,1.0,30.0,,140,公寓住宅,民用,8.2,12,0.0,13333.0,Heilongjiang,Haerbin,Nangang,Heilongjiang-Haerbin
263688,文昌街10-46号小区,哈尔滨,南岗,博物馆,2016,小高层,"文昌街40,46号",126.6584689,45.74691162,1.0,30.0,,99,公寓住宅,民用,7.8,12,0.0,7661.0,Heilongjiang,Haerbin,Nangang,Heilongjiang-Haerbin
263689,"光芒街小区(光芒街39号,45号)",哈尔滨,南岗,博物馆,1991,小高层,"光芒街39号,45号",126.6511733,45.74940646,1.0,20.0,,161,公寓住宅,民用,7.9,12,0.0,9516.0,Heilongjiang,Haerbin,Nangang,Heilongjiang-Haerbin
263690,光明街4号小区,哈尔滨,南岗,博物馆,1986,小高层,光明街4号,126.6436643,45.75409811,1.0,20.0,,232,公寓住宅,民用,8.1,12,0.37,14000.0,Heilongjiang,Haerbin,Nangang,Heilongjiang-Haerbin
263626,阿什河街117号小区,哈尔滨,南岗,博物馆,1991,小高层,阿什河街117号,126.6358522,45.7623058,1.0,20.0,,157,公寓住宅,民用,8.5,12,0.0,16666.0,Heilongjiang,Haerbin,Nangang,Heilongjiang-Haerbin
263625,海城街176号小区,哈尔滨,南岗,博物馆,2007,小高层,海城街176号,126.6253063,45.75482407,1.0,30.0,,273,公寓住宅,民用,8.3,12,0.0,10540.0,Heilongjiang,Haerbin,Nangang,Heilongjiang-Haerbin
263624,民益街小区(民益街21号-29号(单号)),哈尔滨,南岗,博物馆,2015,小高层,民益街21号-29号(单号),126.6386226,45.76329541,1.0,30.0,,186,公寓住宅,民用,8.5,12,0.0,14909.0,Heilongjiang,Haerbin,Nangang,Heilongjiang-Haerbin
263623,"民益街小区(民益街86号,86-4号)",哈尔滨,南岗,博物馆,1991,小高层,"民益街86号,86-4号",126.6344613,45.75892812,1.0,20.0,,180,公寓住宅,民用,8.6,12,0.0,10787.0,Heilongjiang,Haerbin,Nangang,Heilongjiang-Haerbin
263564,医大一院社区,哈尔滨,南岗,医大一院,2011,多层,邮政街86-6号,126.6431736,45.76354813,1.0,30.0,,120,公寓住宅,民用,8.3,12,0.0,16400.0,Heilongjiang,Haerbin,Nangang,Heilongjiang-Haerbin
263565,邮政街66号楼,哈尔滨,南岗,医大一院,2008,多层,邮政街66号,126.64315,45.76393012,1.0,30.0,,172,公寓住宅,民用,8.4,12,0.0,13000.0,Heilongjiang,Haerbin,Nangang,Heilongjiang-Haerbin
263566,崇德小区,哈尔滨,南岗,医大一院,2005,小高层,建新街,126.6544191,45.75880647,,30.0,,298,公寓住宅,民用,8.0,12,0.0,9000.0,Heilongjiang,Haerbin,Nangang,Heilongjiang-Haerbin
263567,龙江街33号小区,哈尔滨,南岗,医大一院,1999,多层,龙江街33号,126.6447525,45.76064359,1.0,20.0,,63,公寓住宅,民用,8.7,12,0.0,17000.0,Heilongjiang,Haerbin,Nangang,Heilongjiang-Haerbin
263568,花园街281号小区,哈尔滨,南岗,医大一院,2003,多层,花园街281号,126.6456908,45.76015392,1.0,30.0,,0,公寓住宅,民用,8.5,12,0.0,17000.0,Heilongjiang,Haerbin,Nangang,Heilongjiang-Haerbin
263569,医大一家属楼,哈尔滨,南岗,医大一院,1990,小高层,邮政街110号,126.6419017,45.76280767,1.0,20.0,,154,公寓住宅,民用,8.6,12,0.0,20526.0,Heilongjiang,Haerbin,Nangang,Heilongjiang-Haerbin
263571,建工小区,哈尔滨,南岗,宣化,1999,多层|小高层,海河路204号,126.67397,45.75337782,1.0,20.0,,959,公寓住宅,民用,8.0,12,0.0,9249.0,Heilongjiang,Haerbin,Nangang,Heilongjiang-Haerbin
263572,大成小区,哈尔滨,南岗,宣化,1999,多层,宣庆街102号,126.6671674,45.75835559,1.0,30.0,,489,公寓住宅,民用,8.3,12,0.0,8045.0,Heilongjiang,Haerbin,Nangang,Heilongjiang-Haerbin
263573,平公小区,哈尔滨,南岗,宣化,2003,多层|高层,平公街113号,126.661269,45.75548368,1.0,20.0,,987,公寓住宅,民用,8.2,12,-0.77,7991.0,Heilongjiang,Haerbin,Nangang,Heilongjiang-Haerbin
263574,傲城国际,哈尔滨,南岗,宣化,2000,高层,平准街69号,126.6629941,45.75689079,1.0,25.0,,467,公寓住宅,民用,8.2,12,0.0,11177.0,Heilongjiang,Haerbin,Nangang,Heilongjiang-Haerbin
263575,龙福家园(南岗),哈尔滨,南岗,宣化,2007,高层,马端街65号,126.66655,45.76196277,1.0,20.0,,1557,公寓住宅,民用,8.2,12,-0.85,8956.0,Heilongjiang,Haerbin,Nangang,Heilongjiang-Haerbin
263576,奇升公寓,哈尔滨,南岗,宣化,2002,多层|小高层,中宣街18号,126.6599576,45.74161453,1.0,40.0,,304,公寓住宅,民用,8.0,12,0.0,9301.0,Heilongjiang,Haerbin,Nangang,Heilongjiang-Haerbin
263577,沿河路小区,哈尔滨,南岗,宣化,2002,多层|高层,沿河路4-2号,126.6695206,45.76539302,1.0,20.0,,137,公寓住宅,民用,8.2,12,0.0,9638.0,Heilongjiang,Haerbin,Nangang,Heilongjiang-Haerbin
263578,宣化小区,哈尔滨,南岗,宣化,1993,小高层,宣化街171号,126.6622126,45.75290232,1.0,40.0,,1143,公寓住宅,民用,8.2,12,0.0,9960.0,Heilongjiang,Haerbin,Nangang,Heilongjiang-Haerbin
263570,马端小区,哈尔滨,南岗,宣化,1996,多层|小高层,马端街,126.6602136,45.76220724,1.0,20.0,,524,公寓住宅,民用,8.1,12,0.0,8166.0,Heilongjiang,Haerbin,Nangang,Heilongjiang-Haerbin
263495,七政街81号小区,哈尔滨,南岗,七政街,2005,多层,七政街81号,126.6136745,45.73403305,1.0,30.0,,252,公寓住宅,民用,8.0,12,0.0,10400.0,Heilongjiang,Haerbin,Nangang,Heilongjiang-Haerbin
263496,"松明街小区(松明街57号,63号)",哈尔滨,南岗,七政街,2000,多层,"松明街57号,63号",126.615214,45.7354781,1.0,30.0,,146,公寓住宅,民用,7.8,12,0.0,8000.0,Heilongjiang,Haerbin,Nangang,Heilongjiang-Haerbin
263497,七政街47号小区,哈尔滨,南岗,七政街,1991,小高层,七政街47号,126.6154715,45.73350939,1.0,20.0,,173,公寓住宅,民用,7.8,12,0.0,13888.0,Heilongjiang,Haerbin,Nangang,Heilongjiang-Haerbin
263498,清明四道街69号小区,哈尔滨,南岗,七政街,2006,多层,清明四道街69号,126.6056277,45.73299763,1.0,30.0,,0,公寓住宅,民用,8.0,12,0.0,6916.0,Heilongjiang,Haerbin,Nangang,Heilongjiang-Haerbin
263499,西大直街310号小区,哈尔滨,南岗,七政街,2005,小高层,西大直街310号,126.6129202,45.73456245,1.0,30.0,,0,公寓住宅,民用,7.9,12,0.0,9977.0,Heilongjiang,Haerbin,Nangang,Heilongjiang-Haerbin
263500,松明街38号小区,哈尔滨,南岗,七政街,1991,小高层,松明街38号,126.6155118,45.73521515,1.0,20.0,,102,公寓住宅,民用,7.6,12,0.0,10327.0,Heilongjiang,Haerbin,Nangang,Heilongjiang-Haerbin
263501,"和兴路小区(和兴路235号,239号)",哈尔滨,南岗,七政街,2004,小高层,"和兴路235号,239号",126.6054481,45.73357074,1.0,30.0,,208,公寓住宅,民用,8.2,12,0.0,12800.0,Heilongjiang,Haerbin,Nangang,Heilongjiang-Haerbin
263546,医大一院博士公寓,哈尔滨,南岗,医大一院,2000,多层|小高层,花园街238号,126.6495317,45.76247881,1.0,20.0,,455,公寓住宅,民用,8.7,12,0.0,17796.0,Heilongjiang,Haerbin,Nangang,Heilongjiang-Haerbin
263547,烟厂家属楼,哈尔滨,南岗,医大一院,2003,小高层,一曼街114号,126.6496315,45.76803812,1.0,30.0,,510,公寓住宅,民用,8.2,12,0.0,8330.0,Heilongjiang,Haerbin,Nangang,Heilongjiang-Haerbin
263548,一曼街168号小区,哈尔滨,南岗,医大一院,2002,小高层,一曼街168号,126.638207,45.76361822,1.0,30.0,,208,公寓住宅,民用,8.6,12,-0.13,15491.0,Heilongjiang,Haerbin,Nangang,Heilongjiang-Haerbin
263549,吉林街120号小区,哈尔滨,南岗,医大一院,1991,小高层,吉林街120号,126.637149,45.76291862,1.0,20.0,,226,公寓住宅,民用,8.3,12,0.0,17446.0,Heilongjiang,Haerbin,Nangang,Heilongjiang-Haerbin
263550,平安家园(南岗),哈尔滨,南岗,医大一院,2000,多层,龙江街97号,126.6388791,45.76399903,1.0,30.0,,0,公寓住宅,民用,8.5,12,0.0,8400.0,Heilongjiang,Haerbin,Nangang,Heilongjiang-Haerbin
263551,铁岭街101号小区,哈尔滨,南岗,医大一院,1998,多层,铁岭街101号,126.6442486,45.76485389,1.0,20.0,,42,公寓住宅,民用,8.5,12,0.0,15000.0,Heilongjiang,Haerbin,Nangang,Heilongjiang-Haerbin
263552,龙江大厦,哈尔滨,南岗,医大一院,2004,高层,龙江街56号,126.6427701,45.76123928,1.0,30.0,,120,公寓住宅,民用,8.6,12,0.0,12300.0,Heilongjiang,Haerbin,Nangang,Heilongjiang-Haerbin
263553,鞍山街88号小区,哈尔滨,南岗,医大一院,2014,多层,鞍山街88号,126.6437634,45.76262676,1.0,30.0,,300,公寓住宅,民用,8.9,12,0.0,18918.0,Heilongjiang,Haerbin,Nangang,Heilongjiang-Haerbin
263554,三姓街小区(98号-106号(双号)),哈尔滨,南岗,医大一院,1991,小高层,98号-106号(双号),126.6501172,45.76608413,1.0,20.0,,254,公寓住宅,民用,8.4,12,0.0,16368.0,Heilongjiang,Haerbin,Nangang,Heilongjiang-Haerbin
263555,邮政街62号小区,哈尔滨,南岗,医大一院,1991,小高层,邮政街62号,126.6450988,45.76527951,1.0,20.0,,160,公寓住宅,民用,8.3,12,0.0,15714.0,Heilongjiang,Haerbin,Nangang,Heilongjiang-Haerbin
263579,紫金相府,哈尔滨,南岗,宣化,2004,高层,先锋路326号,126.671333,45.76293875,1.0,20.0,,147,公寓住宅,民用,8.5,12,0.0,7409.0,Heilongjiang,Haerbin,Nangang,Heilongjiang-Haerbin
263580,东平公寓,哈尔滨,南岗,宣化,2012,高层,十字街60号,126.6644613,45.75617591,1.0,20.0,,288,公寓住宅,民用,8.2,12,0.0,10396.0,Heilongjiang,Haerbin,Nangang,Heilongjiang-Haerbin
263582,宣威街小区,哈尔滨,南岗,宣化,1984,多层|高层,宣威街,126.6641946,45.75287592,1.0,20.0,,232,公寓住宅,民用,8.1,12,0.0,8827.0,Heilongjiang,Haerbin,Nangang,Heilongjiang-Haerbin
263606,"货栈街小区(上夹树街40号-44号(双号),货栈街3号,5号)",哈尔滨,南岗,博物馆,1985,小高层,"上夹树街40号-44号(双号),货栈街3号,5号",126.6241219,45.74899685,1.0,20.0,,339,公寓住宅,民用,8.1,12,-1.49,10292.0,Heilongjiang,Haerbin,Nangang,Heilongjiang-Haerbin
263607,"建筑街小区(建筑街54号,58号)",哈尔滨,南岗,博物馆,1991,小高层,"建筑街54号,58号",126.6288621,45.75659335,1.0,20.0,,84,公寓住宅,民用,8.4,12,0.0,10833.0,Heilongjiang,Haerbin,Nangang,Heilongjiang-Haerbin
263608,"满洲里街小区(满洲里街69号-75号(单号),民益街188号-194号(双号),公司路127号,海城街146号-152号(双号))",哈尔滨,南岗,博物馆,1996,小高层,"满洲里街69号-75号(单号),民益街188号-194号(双号),公司路127号,海城街146号-152号(双号)",126.6281896,45.75294274,1.0,20.0,,446,公寓住宅,民用,8.3,12,-0.93,10743.0,Heilongjiang,Haerbin,Nangang,Heilongjiang-Haerbin
262203,新苑家园,哈尔滨,南岗,哈西,1990,多层,哈双路216号,126.5533536,45.67484366,1.0,20.0,,935,公寓住宅,民用,7.3,12,0.0,7058.0,Heilongjiang,Haerbin,Nangang,Heilongjiang-Haerbin
263609,"北京街小区(建筑街122号-130号(双号),北京街122号-136号(双号))",哈尔滨,南岗,博物馆,1981,小高层,"建筑街122号-130号(双号),北京街122号-136号(双号)",126.6272376,45.75491803,1.0,43.0,,456,公寓住宅,民用,8.4,12,0.07,10766.0,Heilongjiang,Haerbin,Nangang,Heilongjiang-Haerbin
263610,"民益街小区(北京街102号-114号(双号),满洲里街65号-67号(双号),海城街115-1号,民益街176号-186号(双号))",哈尔滨,南岗,博物馆,1991,小高层,"北京街102号-114号(双号),满洲里街65号-67号(双号),海城街115-1号,民益街176号-186号(双号)",126.628059,45.75425084,1.0,20.0,,435,公寓住宅,民用,8.7,12,0.0,11153.0,Heilongjiang,Haerbin,Nangang,Heilongjiang-Haerbin
263611,"人和街102,106号小区",哈尔滨,南岗,博物馆,2013,小高层,"人和街102,106号",126.6512321,45.75400303,1.0,30.0,,211,公寓住宅,民用,8.1,12,0.0,9272.0,Heilongjiang,Haerbin,Nangang,Heilongjiang-Haerbin
263612,建筑街小区(建筑街90号-100号(双号)),哈尔滨,南岗,博物馆,1991,小高层,建筑街90号-100号(双号),126.6281217,45.75593165,1.0,20.0,,205,公寓住宅,民用,8.3,12,0.0,11615.0,Heilongjiang,Haerbin,Nangang,Heilongjiang-Haerbin
263605,永和街5号小区,哈尔滨,南岗,博物馆,2000,小高层,永和街5号,126.650813,45.75606138,1.0,30.0,,251,公寓住宅,民用,8.1,12,0.0,8810.0,Heilongjiang,Haerbin,Nangang,Heilongjiang-Haerbin
263613,民益街173号小区,哈尔滨,南岗,博物馆,1991,小高层,民益街173号,126.6282057,45.75435255,1.0,20.0,,159,公寓住宅,民用,8.3,12,0.0,10769.0,Heilongjiang,Haerbin,Nangang,Heilongjiang-Haerbin
263615,下夹树街小区(下夹树街8号-16号(双号)),哈尔滨,南岗,博物馆,1991,小高层,下夹树街8号-16号(双号),126.6244112,45.75107192,1.0,20.0,,256,公寓住宅,民用,8.2,12,0.0,11418.0,Heilongjiang,Haerbin,Nangang,Heilongjiang-Haerbin
263616,海城街138号小区,哈尔滨,南岗,博物馆,2007,小高层,海城街138号,126.6304907,45.75175044,1.0,30.0,,0,公寓住宅,民用,8.5,12,0.0,9293.0,Heilongjiang,Haerbin,Nangang,Heilongjiang-Haerbin
263617,"工程师街小区(工程师街28号,30号,铁路街122号)",哈尔滨,南岗,博物馆,2020,多层,"工程师街28号,30号,铁路街122号",126.6220159,45.75163106,1.0,30.0,,728,公寓住宅,民用,8.5,12,0.0,9411.0,Heilongjiang,Haerbin,Nangang,Heilongjiang-Haerbin
263618,下夹树街17号小区,哈尔滨,南岗,博物馆,1991,多层,下夹树街17号,126.6250365,45.75231008,1.0,20.0,,57,公寓住宅,民用,8.4,12,0.0,12200.0,Heilongjiang,Haerbin,Nangang,Heilongjiang-Haerbin
263619,"松花江街小区(松花江街26号-36号(双号),海城街160号,162号)",哈尔滨,南岗,博物馆,2000,小高层,"松花江街26号-36号(双号),海城街160号,162号",126.6264933,45.75387386,1.0,30.0,,212,公寓住宅,民用,8.4,12,-3.14,11626.0,Heilongjiang,Haerbin,Nangang,Heilongjiang-Haerbin
263620,复华三道街小区(复华三道街26号-32号(双号)),哈尔滨,南岗,博物馆,2011,小高层,复华三道街26号-32号(双号),126.6315067,45.74492912,1.0,30.0,,93,公寓住宅,民用,8.3,12,0.0,11431.0,Heilongjiang,Haerbin,Nangang,Heilongjiang-Haerbin
263621,公司街小区(公司街116号-118号(双号)),哈尔滨,南岗,博物馆,1991,小高层,公司街116号-118号(双号),126.62705,45.75208153,1.0,20.0,,172,公寓住宅,民用,8.1,12,0.0,12285.0,Heilongjiang,Haerbin,Nangang,Heilongjiang-Haerbin
263622,松花江街101号小区,哈尔滨,南岗,博物馆,2000,小高层,松花江街101号,126.6248929,45.74882029,1.0,30.0,,63,公寓住宅,民用,8.3,12,0.0,11176.0,Heilongjiang,Haerbin,Nangang,Heilongjiang-Haerbin
263614,建设街12号小区,哈尔滨,南岗,博物馆,2000,小高层,建设街12号,126.6441701,45.75403125,1.0,30.0,,200,公寓住宅,民用,8.6,12,0.0,13877.0,Heilongjiang,Haerbin,Nangang,Heilongjiang-Haerbin
263604,龙邦大厦,哈尔滨,南岗,博物馆,1995,高层,"一曼街188号,吉林街101号",126.6371195,45.76338946,1.0,30.0,,686,公寓住宅,民用,8.7,12,0.43,16534.0,Heilongjiang,Haerbin,Nangang,Heilongjiang-Haerbin
263603,"海关街小区(海关街81号,副89号,中学胡同8-1号)",哈尔滨,南岗,博物馆,2000,小高层,"海关街81号,副89号,中学胡同8-1号",126.6310809,45.75567914,1.0,30.0,,194,公寓住宅,民用,8.4,12,0.19,10123.0,Heilongjiang,Haerbin,Nangang,Heilongjiang-Haerbin
263602,得意居,哈尔滨,南岗,宣化,2004,多层|高层,宣化街66号,126.6601963,45.74579138,1.0,30.0,,204,公寓住宅,民用,8.0,12,0.0,9000.0,Heilongjiang,Haerbin,Nangang,Heilongjiang-Haerbin
263583,天顺香都,哈尔滨,南岗,宣化,2004,小高层,沿河路1号,126.667144,45.76607383,1.0,20.0,,84,公寓住宅,民用,8.2,12,0.0,9349.0,Heilongjiang,Haerbin,Nangang,Heilongjiang-Haerbin
263584,锦宸家园,哈尔滨,南岗,宣化,2009,小高层,宣化街60号,126.6601532,45.74465141,1.0,32.0,,348,公寓住宅,民用,8.0,12,0.0,14800.0,Heilongjiang,Haerbin,Nangang,Heilongjiang-Haerbin
263585,恒润嘉园,哈尔滨,南岗,宣化,2002,多层|小高层|高层,宣化街412号,126.6611516,45.76565625,1.0,20.0,,652,公寓住宅,民用,8.2,12,0.0,10750.0,Heilongjiang,Haerbin,Nangang,Heilongjiang-Haerbin
263586,红星名苑(西区),哈尔滨,南岗,宣化,2003,多层,宣化街88号,126.6604012,45.74769998,1.0,35.0,,397,公寓住宅,民用,8.2,12,0.0,13189.0,Heilongjiang,Haerbin,Nangang,Heilongjiang-Haerbin
263587,宣庆街55号小区,哈尔滨,南岗,宣化,1991,小高层,宣庆街55号,126.6691686,45.75462956,1.0,20.0,,280,公寓住宅,民用,7.8,12,0.0,8583.0,Heilongjiang,Haerbin,Nangang,Heilongjiang-Haerbin
263588,"十字街小区(宣威街33号,35号,十字街32号,34号)",哈尔滨,南岗,宣化,1991,小高层,"宣威街33号,35号,十字街32号,34号",126.6643107,45.75308857,1.0,20.0,,352,公寓住宅,民用,7.7,12,0.0,9365.0,Heilongjiang,Haerbin,Nangang,Heilongjiang-Haerbin
263589,海河路6号小区,哈尔滨,南岗,宣化,1990,多层,海河路6号,126.6703074,45.75480472,1.0,20.0,,180,公寓住宅,民用,7.9,12,0.0,8863.0,Heilongjiang,Haerbin,Nangang,Heilongjiang-Haerbin
263590,"宣信街小区(宣信街52号,54号,56号)",哈尔滨,南岗,宣化,1991,小高层,"宣信街52号,54号,56号",126.6631902,45.74822528,1.0,20.0,,168,公寓住宅,民用,7.6,12,0.0,9032.0,Heilongjiang,Haerbin,Nangang,Heilongjiang-Haerbin
263598,宣信街3号小区,哈尔滨,南岗,宣化,1991,多层,宣信街3号,126.6658335,45.7485744,1.0,20.0,,72,公寓住宅,民用,7.7,12,0.0,9340.0,Heilongjiang,Haerbin,Nangang,Heilongjiang-Haerbin
263599,宣化街97号院,哈尔滨,南岗,宣化,1989,小高层,宣化街97号,126.6618969,45.74767396,1.0,20.0,,181,公寓住宅,民用,7.4,12,0.0,8493.0,Heilongjiang,Haerbin,Nangang,Heilongjiang-Haerbin
263600,理智小区,哈尔滨,南岗,宣化,1988,小高层,理治街16号,126.6642886,45.75159533,1.0,30.0,,509,公寓住宅,民用,7.7,12,0.0,10360.0,Heilongjiang,Haerbin,Nangang,Heilongjiang-Haerbin
263601,芦家片住宅楼,哈尔滨,南岗,宣化,1998,多层|小高层,十字街88号,126.6555,45.75689432,1.0,20.0,,767,公寓住宅,民用,8.0,12,0.0,8008.0,Heilongjiang,Haerbin,Nangang,Heilongjiang-Haerbin
263581,宣德小区,哈尔滨,南岗,宣化,1994,小高层,宣德街29号,126.6591368,45.75395608,1.0,20.0,,1142,公寓住宅,民用,8.2,12,0.0,9300.0,Heilongjiang,Haerbin,Nangang,Heilongjiang-Haerbin
263312,超高压综合家属楼,哈尔滨,南岗,黄河路,2004,多层,嵩山路89-2号,126.6819654,45.75142531,1.0,20.0,,252,公寓住宅,民用,8.1,12,0.0,9401.0,Heilongjiang,Haerbin,Nangang,Heilongjiang-Haerbin
263311,辰能大厦,哈尔滨,南岗,黄河路,2005,小高层,长江路99-9号,126.6759452,45.74807742,1.0,36.0,,624,公寓住宅,民用,8.3,12,0.0,9306.0,Heilongjiang,Haerbin,Nangang,Heilongjiang-Haerbin
263310,先锋小区,哈尔滨,南岗,黄河路,1998,小高层,先锋路360-2号,126.6739015,45.76291437,1.0,30.0,,437,公寓住宅,民用,8.4,12,0.0,7692.0,Heilongjiang,Haerbin,Nangang,Heilongjiang-Haerbin
263178,文德街小区(文德街2号-28号(双号)),哈尔滨,南岗,省政府南岗片,1991,小高层,文德街2号-28号(双号),126.6472768,45.7421153,1.0,20.0,,278,公寓住宅,民用,7.3,12,0.0,9401.0,Heilongjiang,Haerbin,Nangang,Heilongjiang-Haerbin
263179,文化街129号小区,哈尔滨,南岗,省政府南岗片,2012,小高层,文化街129号,126.6458098,45.74175989,1.0,30.0,,60,公寓住宅,民用,7.7,12,0.0,8962.0,Heilongjiang,Haerbin,Nangang,Heilongjiang-Haerbin
263180,第四方圆里36号小区,哈尔滨,南岗,省政府南岗片,1991,小高层,第四方圆里36号,126.6588976,45.74347995,1.0,20.0,,63,公寓住宅,民用,7.9,12,0.0,7692.0,Heilongjiang,Haerbin,Nangang,Heilongjiang-Haerbin
263181,宏洋大厦,哈尔滨,南岗,省政府南岗片,1999,高层,长江路380号,126.6844767,45.74768597,1.0,20.0,,352,商住楼,商用,8.5,12,0.0,12389.0,Heilongjiang,Haerbin,Nangang,Heilongjiang-Haerbin
263182,第五方圆里,哈尔滨,南岗,省政府南岗片,1995,小高层,第四方圆里1号,126.6559263,45.74392241,1.0,20.0,,726,公寓住宅,民用,8.0,12,0.0,7538.0,Heilongjiang,Haerbin,Nangang,Heilongjiang-Haerbin
263183,第四方园里3号院,哈尔滨,南岗,省政府南岗片,1995,小高层,第四方园里3号,126.6565988,45.74347865,1.0,20.0,,63,公寓住宅,民用,7.5,12,0.0,7616.0,Heilongjiang,Haerbin,Nangang,Heilongjiang-Haerbin
263184,文昌街38号小区,哈尔滨,南岗,省政府南岗片,1986,多层,文昌街38号,126.6584469,45.7470708,1.0,20.0,,36,公寓住宅,民用,7.1,12,0.0,8881.0,Heilongjiang,Haerbin,Nangang,Heilongjiang-Haerbin
263185,长江路85号小区,哈尔滨,南岗,省政府南岗片,2000,小高层,长江路85号,126.670585,45.7482158,1.0,30.0,,353,公寓住宅,民用,7.6,12,0.0,8668.0,Heilongjiang,Haerbin,Nangang,Heilongjiang-Haerbin
263177,文敏街小区(文敏街4号-8号(双号)),哈尔滨,南岗,省政府南岗片,2004,小高层,文敏街4号-8号(双号),126.6534553,45.74109312,1.0,30.0,,60,公寓住宅,民用,7.6,12,0.0,7777.0,Heilongjiang,Haerbin,Nangang,Heilongjiang-Haerbin
263186,第四方圆里15号小区,哈尔滨,南岗,省政府南岗片,1991,多层,文昌街,126.6573385,45.74414806,1.0,20.0,,60,公寓住宅,民用,7.5,12,0.0,7352.0,Heilongjiang,Haerbin,Nangang,Heilongjiang-Haerbin
263188,天福航空小区,哈尔滨,南岗,省政府南岗片,2008,多层|高层,长江路87号,126.6723812,45.74756276,1.0,30.0,,320,公寓住宅,民用,7.6,12,0.0,7608.0,Heilongjiang,Haerbin,Nangang,Heilongjiang-Haerbin
263189,人达小区,哈尔滨,南岗,省政府南岗片,2006,多层|高层,中山路262号,126.6438222,45.74994103,1.0,20.0,,151,公寓住宅,民用,8.2,12,0.0,8521.0,Heilongjiang,Haerbin,Nangang,Heilongjiang-Haerbin
263191,明和彩座,哈尔滨,南岗,省政府南岗片,2005,高层,文成街31号,126.6428142,45.74360965,1.0,20.0,,175,公寓住宅,民用,8.0,12,0.0,10798.0,Heilongjiang,Haerbin,Nangang,Heilongjiang-Haerbin
263193,清滨花园,哈尔滨,南岗,和兴三道街,2018,高层,清滨路52号,126.609626,45.72771968,1.0,35.5,,779,公寓住宅,民用,8.4,12,-0.41,23007.0,Heilongjiang,Haerbin,Nangang,Heilongjiang-Haerbin
263194,水院小区,哈尔滨,南岗,和兴三道街,2004,多层|小高层,和兴三道街33号,126.6119628,45.72662513,1.0,20.0,,638,公寓住宅,民用,8.3,12,-1.0,21868.0,Heilongjiang,Haerbin,Nangang,Heilongjiang-Haerbin
263195,康宁小区,哈尔滨,南岗,和兴三道街,2001,小高层,康宁路45号,126.6003954,45.72379918,1.0,20.0,,835,公寓住宅,民用,8.0,12,0.0,8457.0,Heilongjiang,Haerbin,Nangang,Heilongjiang-Haerbin
263196,师大产业园,哈尔滨,南岗,和兴三道街,2013,高层,林兴街3-1号,126.6216079,45.72476039,1.0,30.0,,792,公寓住宅,民用,7.7,12,0.0,19375.0,Heilongjiang,Haerbin,Nangang,Heilongjiang-Haerbin
263197,市委党校家属楼,哈尔滨,南岗,和兴三道街,1985,小高层,"利兴街1号,文兴街26-1号",126.6168576,45.71964198,1.0,20.0,,584,公寓住宅,民用,8.0,12,0.0,9555.0,Heilongjiang,Haerbin,Nangang,Heilongjiang-Haerbin
263187,辰能小区,哈尔滨,南岗,省政府南岗片,2003,多层,宣和街2号,126.6757845,45.7486838,1.0,30.0,,360,公寓住宅,民用,8.0,12,0.0,9813.0,Heilongjiang,Haerbin,Nangang,Heilongjiang-Haerbin
263198,牛房小区(二期),哈尔滨,南岗,和兴三道街,1989,小高层,康宁四道街1号,126.6031237,45.72412289,1.0,35.0,,915,公寓住宅,民用,8.3,12,0.0,9634.0,Heilongjiang,Haerbin,Nangang,Heilongjiang-Haerbin
263176,文明街24号小区,哈尔滨,南岗,省政府南岗片,1993,小高层,文明街24号,126.647206,45.74238999,1.0,20.0,,63,公寓住宅,民用,7.4,12,0.0,8163.0,Heilongjiang,Haerbin,Nangang,Heilongjiang-Haerbin
263173,文成花园,哈尔滨,南岗,省政府南岗片,2002,多层,文成街35号,126.6369551,45.7393514,1.0,20.0,,259,公寓住宅,民用,8.0,12,0.0,8666.0,Heilongjiang,Haerbin,Nangang,Heilongjiang-Haerbin
263149,枫林时代,哈尔滨,南岗,和兴路,2009,多层|高层,林兴路8号,126.6182019,45.71745314,1.0,32.0,,1251,公寓住宅,民用,7.7,12,0.0,10640.0,Heilongjiang,Haerbin,Nangang,Heilongjiang-Haerbin
263150,蓝天嘉园,哈尔滨,南岗,省政府南岗片,2007,多层|小高层,长江路4号,126.6625697,45.74255592,1.0,20.0,,1872,公寓住宅,民用,8.0,12,0.0,9932.0,Heilongjiang,Haerbin,Nangang,Heilongjiang-Haerbin
263151,星河国际(南岗),哈尔滨,南岗,省政府南岗片,2016,高层,湘江路134号,126.6783782,45.74056217,1.0,20.0,,566,公寓住宅,民用,8.4,12,-0.28,9587.0,Heilongjiang,Haerbin,Nangang,Heilongjiang-Haerbin
263152,南航嘉园,哈尔滨,南岗,省政府南岗片,2017,高层,十字街2号,126.6629544,45.74659651,1.0,34.0,,1029,公寓住宅,民用,8.1,12,-0.06,10796.0,Heilongjiang,Haerbin,Nangang,Heilongjiang-Haerbin
263154,湘江公寓,哈尔滨,南岗,省政府南岗片,2014,多层|高层,嵩山路36-1号,126.6810595,45.7424196,1.0,26.0,,118,公寓住宅,民用,8.5,12,0.0,15047.0,Heilongjiang,Haerbin,Nangang,Heilongjiang-Haerbin
263157,金马大厦,哈尔滨,南岗,省政府南岗片,2003,高层,汉水路190号,126.678574,45.74396702,1.0,23.0,,352,公寓住宅,民用,8.3,12,0.0,7846.0,Heilongjiang,Haerbin,Nangang,Heilongjiang-Haerbin
263158,"宣仁街小区(宣仁街30号,十字街12号-16号(双号))",哈尔滨,南岗,省政府南岗片,1992,多层,"宣仁街30号,十字街12号-16号(双号)",126.664691,45.75074004,1.0,20.0,,403,公寓住宅,民用,8.0,12,0.0,9731.0,Heilongjiang,Haerbin,Nangang,Heilongjiang-Haerbin
263174,市检察院住宅区,哈尔滨,南岗,省政府南岗片,2000,多层|小高层,红旗大街188号,126.6883089,45.74296105,1.0,20.0,,139,公寓住宅,民用,8.3,12,0.0,11066.0,Heilongjiang,Haerbin,Nangang,Heilongjiang-Haerbin
263160,南航花园,哈尔滨,南岗,省政府南岗片,2002,多层|高层,长江路89号,126.6722357,45.74816057,1.0,20.0,,298,公寓住宅,民用,8.2,12,0.0,11739.0,Heilongjiang,Haerbin,Nangang,Heilongjiang-Haerbin
263162,金地大厦,哈尔滨,南岗,省政府南岗片,2001,高层,闽江路248号,126.6847584,45.74576743,2.0,20.0,,846,公寓住宅,民用,8.5,12,0.0,10290.0,Heilongjiang,Haerbin,Nangang,Heilongjiang-Haerbin
263163,世纪广场,哈尔滨,南岗,省政府南岗片,2007,多层|高层,顺益街21号,126.6781702,45.74908164,1.0,30.0,,319,公寓住宅,民用,8.4,12,0.0,9946.0,Heilongjiang,Haerbin,Nangang,Heilongjiang-Haerbin
263165,第二方圆里小区,哈尔滨,南岗,省政府南岗片,1995,多层,"第二方园里10,15号",126.6581452,45.74407013,1.0,20.0,,1306,公寓住宅,民用,7.9,12,0.0,9490.0,Heilongjiang,Haerbin,Nangang,Heilongjiang-Haerbin
263168,文敏街小区(文敏街14号-18号(双号)),哈尔滨,南岗,省政府南岗片,2002,小高层,文敏街14号-18号(双号),126.6529341,45.7407907,1.0,30.0,,101,公寓住宅,民用,8.0,12,0.0,9555.0,Heilongjiang,Haerbin,Nangang,Heilongjiang-Haerbin
263169,法院家属楼(南岗),哈尔滨,南岗,省政府南岗片,1995,多层,宣和街36-4号,126.6709881,45.74819282,1.0,20.0,,308,公寓住宅,民用,7.9,12,0.0,8064.0,Heilongjiang,Haerbin,Nangang,Heilongjiang-Haerbin
263170,文敏街21号小区,哈尔滨,南岗,省政府南岗片,1997,多层,文敏街21号,126.6519552,45.74104513,1.0,20.0,,288,公寓住宅,民用,7.9,12,0.0,8500.0,Heilongjiang,Haerbin,Nangang,Heilongjiang-Haerbin
263171,宣化街2号小区,哈尔滨,南岗,省政府南岗片,1993,多层,宣化街2号,126.6604946,45.74313821,1.0,20.0,,49,公寓住宅,民用,7.6,12,0.0,7865.0,Heilongjiang,Haerbin,Nangang,Heilongjiang-Haerbin
263172,哈工大建筑科技大厦,哈尔滨,南岗,省政府南岗片,2009,超高层,黄河路88号,126.6770069,45.75149895,1.0,30.0,,301,公寓住宅,民用,8.3,12,0.0,9994.0,Heilongjiang,Haerbin,Nangang,Heilongjiang-Haerbin
263161,文道花园,哈尔滨,南岗,省政府南岗片,2007,多层,文道街23号,126.6343199,45.73882706,1.0,40.8,,525,公寓住宅,民用,8.3,12,0.0,11150.0,Heilongjiang,Haerbin,Nangang,Heilongjiang-Haerbin
263199,文兴街49-2号小区,哈尔滨,南岗,和兴三道街,1987,小高层,文兴街49-2号,126.6125285,45.72022379,1.0,20.0,,180,公寓住宅,民用,7.8,12,0.0,8108.0,Heilongjiang,Haerbin,Nangang,Heilongjiang-Haerbin
263200,振兴家园,哈尔滨,南岗,和兴三道街,2002,多层,振兴街31号,126.611674,45.72516133,1.0,20.0,,777,公寓住宅,民用,8.2,12,0.0,9189.0,Heilongjiang,Haerbin,Nangang,Heilongjiang-Haerbin
263201,"和兴七道街小区(和兴七道街48号,60号)",哈尔滨,南岗,和兴三道街,2002,小高层,"和兴七道街48号,60号",126.6075284,45.7249826,1.0,30.0,,246,公寓住宅,民用,8.1,12,0.0,9772.0,Heilongjiang,Haerbin,Nangang,Heilongjiang-Haerbin
263225,清滨路53号小区,哈尔滨,南岗,和兴三道街,2010,多层,清滨路53号,126.6079144,45.72484137,1.0,30.0,,154,公寓住宅,民用,7.7,12,0.0,18400.0,Heilongjiang,Haerbin,Nangang,Heilongjiang-Haerbin
263226,振兴街47号小区,哈尔滨,南岗,和兴三道街,1991,小高层,振兴街47号,126.6083973,45.71972489,1.0,20.0,,198,公寓住宅,民用,8.0,12,0.0,7777.0,Heilongjiang,Haerbin,Nangang,Heilongjiang-Haerbin
263227,水利家属楼,哈尔滨,南岗,和兴三道街,1988,多层,利兴街6号,126.617426,45.71960005,1.0,20.0,,144,公寓住宅,民用,7.9,12,0.0,8823.0,Heilongjiang,Haerbin,Nangang,Heilongjiang-Haerbin
263228,和兴路108号小区,哈尔滨,南岗,和兴三道街,1996,小高层,和兴路108号,126.6113663,45.72986354,,20.0,,212,公寓住宅,民用,7.7,12,0.0,13500.0,Heilongjiang,Haerbin,Nangang,Heilongjiang-Haerbin
263229,振兴街58号小区,哈尔滨,南岗,和兴三道街,1991,小高层,振兴街58号,126.6084912,45.71842922,1.0,20.0,,84,公寓住宅,民用,7.4,12,0.0,7949.0,Heilongjiang,Haerbin,Nangang,Heilongjiang-Haerbin
263230,清滨胡同6号小区,哈尔滨,南岗,和兴三道街,2002,小高层,清滨胡同6号,126.6098331,45.72932848,1.0,30.0,,160,公寓住宅,民用,7.8,12,0.0,8613.0,Heilongjiang,Haerbin,Nangang,Heilongjiang-Haerbin
263231,尤家街92-3号小区,哈尔滨,南岗,和兴三道街,2000,小高层,尤家街92-3号,126.5932885,45.70365337,1.0,30.0,,112,公寓住宅,民用,7.4,12,0.0,9000.0,Heilongjiang,Haerbin,Nangang,Heilongjiang-Haerbin
263232,炉具胡同10号小区,哈尔滨,南岗,和兴三道街,2000,多层,炉具胡同10号,126.6061365,45.72359748,1.0,30.0,,370,公寓住宅,民用,8.0,12,0.0,8000.0,Heilongjiang,Haerbin,Nangang,Heilongjiang-Haerbin
263224,延兴路70号小区,哈尔滨,南岗,和兴三道街,1991,小高层,"延兴路66,70号",126.6124568,45.71862782,1.0,20.0,,224,公寓住宅,民用,7.3,12,0.0,8760.0,Heilongjiang,Haerbin,Nangang,Heilongjiang-Haerbin
263233,省粮食学校家属院,哈尔滨,南岗,和兴三道街,2000,小高层,和兴三道街91号,126.6025247,45.7291767,1.0,30.0,,567,公寓住宅,民用,7.8,12,0.0,8636.0,Heilongjiang,Haerbin,Nangang,Heilongjiang-Haerbin
263235,振兴街51号小区,哈尔滨,南岗,和兴三道街,1988,多层,振兴街51号,126.6079529,45.71885833,1.0,20.0,,118,公寓住宅,民用,7.8,12,0.0,10000.0,Heilongjiang,Haerbin,Nangang,Heilongjiang-Haerbin
263236,神舟名邸,哈尔滨,南岗,教化,2009,多层|高层,邮政街446号,126.6229083,45.74441248,1.0,30.0,,553,公寓住宅,民用,8.4,12,1.32,16296.0,Heilongjiang,Haerbin,Nangang,Heilongjiang-Haerbin
263237,桥北小区(西区),哈尔滨,南岗,教化,2010,多层|小高层,汉阳街18号,126.6131999,45.74137015,1.0,20.0,,618,公寓住宅,民用,8.3,12,-0.24,9498.0,Heilongjiang,Haerbin,Nangang,Heilongjiang-Haerbin
263238,上夹树街小区(上夹树街34号-38号(双号)),哈尔滨,南岗,教化,1986,小高层,上夹树街34号-38号(双号),126.6244528,45.75000137,1.0,30.0,,153,公寓住宅,民用,7.9,12,0.0,13000.0,Heilongjiang,Haerbin,Nangang,Heilongjiang-Haerbin
263239,邮政街391号小区,哈尔滨,南岗,教化,1991,小高层,邮政街391号,126.6227042,45.74695061,1.0,20.0,,130,公寓住宅,民用,7.8,12,0.0,10625.0,Heilongjiang,Haerbin,Nangang,Heilongjiang-Haerbin
263240,汉祥家园,哈尔滨,南岗,教化,2001,多层,汉祥街副95号,126.6117911,45.7404612,1.0,31.0,,607,公寓住宅,民用,8.3,12,-1.03,8452.0,Heilongjiang,Haerbin,Nangang,Heilongjiang-Haerbin
263241,西苑小区,哈尔滨,南岗,教化,1989,小高层,护军街13号,126.6231417,45.74025287,1.0,20.0,,850,公寓住宅,民用,8.4,12,0.0,13606.0,Heilongjiang,Haerbin,Nangang,Heilongjiang-Haerbin
263242,锦绣花园(南岗),哈尔滨,南岗,教化,2008,多层,汉阳街30号,126.617819,45.7368858,1.0,30.0,,109,公寓住宅,民用,8.3,12,0.0,10077.0,Heilongjiang,Haerbin,Nangang,Heilongjiang-Haerbin
263234,振兴街45号小区,哈尔滨,南岗,和兴三道街,1993,多层,振兴路45号,126.6084934,45.7200031,1.0,20.0,,68,公寓住宅,民用,7.7,12,0.0,7066.0,Heilongjiang,Haerbin,Nangang,Heilongjiang-Haerbin
263223,哈尔滨师范大学职工住宅(江南),哈尔滨,南岗,和兴三道街,2000,小高层,振兴街80号,126.6095235,45.71789199,1.0,30.0,,321,公寓住宅,民用,7.9,12,0.0,9032.0,Heilongjiang,Haerbin,Nangang,Heilongjiang-Haerbin
263222,振兴街57号小区,哈尔滨,南岗,和兴三道街,1991,小高层,"振兴街57号,育兴街1号",126.608346,45.71762043,1.0,20.0,,122,公寓住宅,民用,7.6,12,0.0,8200.0,Heilongjiang,Haerbin,Nangang,Heilongjiang-Haerbin
263221,建兴街20-1号小区,哈尔滨,南岗,和兴三道街,1998,小高层,建兴街20-1号,126.6063711,45.72948781,1.0,20.0,,0,公寓住宅,民用,7.8,12,0.0,9000.0,Heilongjiang,Haerbin,Nangang,Heilongjiang-Haerbin
263202,"和兴路小区(64号,66号,70号)",哈尔滨,南岗,和兴三道街,2008,小高层,"和兴路64号,66号,70号",126.6159247,45.72833918,1.0,30.0,,135,公寓住宅,民用,7.9,12,-3.43,24428.0,Heilongjiang,Haerbin,Nangang,Heilongjiang-Haerbin
263203,"西大直街小区(408号,440号)",哈尔滨,南岗,和兴三道街,2001,小高层,"西大直街408号,440号",126.6092617,45.72924767,1.0,30.0,,159,公寓住宅,民用,7.6,12,0.0,9932.0,Heilongjiang,Haerbin,Nangang,Heilongjiang-Haerbin
263204,和兴头道街副20号小区,哈尔滨,南岗,和兴三道街,1991,小高层,和兴头道街副20号,126.6169265,45.72550178,1.0,20.0,,147,公寓住宅,民用,8.1,12,1.08,24324.0,Heilongjiang,Haerbin,Nangang,Heilongjiang-Haerbin
263205,中兴街25号小区,哈尔滨,南岗,和兴三道街,1995,小高层,中兴街25号,126.6145033,45.72504525,1.0,20.0,,104,公寓住宅,民用,8.1,12,0.0,20920.0,Heilongjiang,Haerbin,Nangang,Heilongjiang-Haerbin
263206,汉广街小区(汉广街89号-99号(单号)),哈尔滨,南岗,和兴三道街,2002,小高层,汉广街89号-99号(单号),126.6155649,45.73007096,1.0,30.0,,102,公寓住宅,民用,8.2,12,0.0,12509.0,Heilongjiang,Haerbin,Nangang,Heilongjiang-Haerbin
263207,西沟街57-2号小区,哈尔滨,南岗,和兴三道街,2012,多层,西沟街57-2号,126.59621,45.70505443,1.0,30.0,,104,公寓住宅,民用,7.8,12,0.0,8253.0,Heilongjiang,Haerbin,Nangang,Heilongjiang-Haerbin
263208,"清滨路小区(92-4号,92-8号)",哈尔滨,南岗,和兴三道街,2000,多层,"清滨路92-4号,92-8号",126.605805,45.71926322,1.0,30.0,,142,公寓住宅,民用,8.1,12,0.0,8674.0,Heilongjiang,Haerbin,Nangang,Heilongjiang-Haerbin
263209,炼油厂家属楼,哈尔滨,南岗,和兴三道街,2002,小高层,和兴路121号,126.6161215,45.73328156,1.0,30.0,,592,公寓住宅,民用,8.3,12,0.0,13295.0,Heilongjiang,Haerbin,Nangang,Heilongjiang-Haerbin
263210,鸿朗花园(四期),哈尔滨,南岗,和兴三道街,2008,小高层,尤家街92号,126.5947624,45.70362186,1.0,20.0,,2019,公寓住宅,民用,8.2,12,0.0,10816.0,Heilongjiang,Haerbin,Nangang,Heilongjiang-Haerbin
263219,清滨路27号楼,哈尔滨,南岗,和兴三道街,2002,多层,清滨路27号,126.6109153,45.72897291,1.0,30.0,,70,公寓住宅,民用,7.9,12,0.0,18000.0,Heilongjiang,Haerbin,Nangang,Heilongjiang-Haerbin
263220,西大直街488号小区,哈尔滨,南岗,和兴三道街,2002,多层,西大直街488号,126.6065096,45.72538955,1.0,30.0,,77,公寓住宅,民用,7.6,12,0.0,9000.0,Heilongjiang,Haerbin,Nangang,Heilongjiang-Haerbin
263148,林园小区丽麓园,哈尔滨,南岗,和兴路,1996,小高层,林兴路2号,126.6235268,45.72466746,1.0,20.0,,517,公寓住宅,民用,7.5,12,0.0,11088.0,Heilongjiang,Haerbin,Nangang,Heilongjiang-Haerbin
263147,军乐园小区,哈尔滨,南岗,和兴路,2008,多层|小高层,汉广街83号,126.6167835,45.73164409,1.0,20.0,,426,公寓住宅,民用,8.2,12,0.0,13253.0,Heilongjiang,Haerbin,Nangang,Heilongjiang-Haerbin
263146,丽云阁,哈尔滨,南岗,和兴路,2003,高层,西大直街372号,126.6107602,45.73118362,1.0,30.0,,260,公寓住宅,民用,8.2,12,0.0,9090.0,Heilongjiang,Haerbin,Nangang,Heilongjiang-Haerbin
263145,龙房名苑,哈尔滨,南岗,和兴路,2000,多层,电兴街35号,126.6007446,45.72885362,1.0,26.0,,322,公寓住宅,民用,8.0,12,0.0,9308.0,Heilongjiang,Haerbin,Nangang,Heilongjiang-Haerbin
262233,学府二道街13号小区,哈尔滨,南岗,哈西,2010,小高层,学府二道街13号,126.6085527,45.70962376,1.0,30.0,,670,公寓住宅,民用,7.7,12,0.0,7803.0,Heilongjiang,Haerbin,Nangang,Heilongjiang-Haerbin
262232,新华家属楼,哈尔滨,南岗,哈西,2000,小高层,保健路243号,126.6012934,45.69694534,1.0,30.0,,336,公寓住宅,民用,7.8,12,0.0,8750.0,Heilongjiang,Haerbin,Nangang,Heilongjiang-Haerbin
262231,哈西商厦,哈尔滨,南岗,哈西,2011,高层,中兴大道99号,126.604071,45.7034009,1.0,30.28,,768,公寓住宅,民用,7.5,12,0.0,9285.0,Heilongjiang,Haerbin,Nangang,Heilongjiang-Haerbin
262230,尤家街92-3号小区,哈尔滨,南岗,哈西,2000,小高层,尤家街92-3号,126.5932885,45.70365337,1.0,30.0,,112,公寓住宅,民用,7.4,12,0.0,9000.0,Heilongjiang,Haerbin,Nangang,Heilongjiang-Haerbin
262229,华润凯旋门(商住楼),哈尔滨,南岗,哈西,2016,高层,哈尔滨大街509号,126.5736557,45.69764875,1.0,30.0,,1336,商住楼,商用,8.1,12,0.0,11230.0,Heilongjiang,Haerbin,Nangang,Heilongjiang-Haerbin
262228,红旗机械厂家属楼,哈尔滨,南岗,哈西,2005,小高层,三环路,126.553348,45.67134198,,30.0,,126,公寓住宅,民用,6.8,12,0.0,6849.0,Heilongjiang,Haerbin,Nangang,Heilongjiang-Haerbin
262227,丽景春天,哈尔滨,南岗,哈西,2007,多层,哈双路237号,126.5490434,45.67650878,,30.0,,767,公寓住宅,民用,7.3,12,0.0,6875.0,Heilongjiang,Haerbin,Nangang,Heilongjiang-Haerbin
262226,鸿朗花园(四期),哈尔滨,南岗,哈西,2008,小高层,尤家街92号,126.5947624,45.70362186,1.0,20.0,,2019,公寓住宅,民用,8.2,12,0.0,10816.0,Heilongjiang,Haerbin,Nangang,Heilongjiang-Haerbin
262234,恒大珺睿府,哈尔滨,南岗,哈西,2002,高层,中兴左街117号,126.5661514,45.69282825,1.0,30.0,,1332,公寓住宅,民用,7.6,12,0.0,15192.0,Heilongjiang,Haerbin,Nangang,Heilongjiang-Haerbin
262225,爱达晶品,哈尔滨,南岗,哈西,2020,高层,永兴路9号,126.5627866,45.70448317,,31.0,,1103,公寓住宅,民用,8.1,12,0.0,11105.0,Heilongjiang,Haerbin,Nangang,Heilongjiang-Haerbin
262223,汇智中心,哈尔滨,南岗,哈西,2018,高层,丽江路,126.5650998,45.70798819,1.0,30.0,,4394,商住楼,商用,8.4,12,0.0,15306.0,Heilongjiang,Haerbin,Nangang,Heilongjiang-Haerbin
262222,金爵万象(一期),哈尔滨,南岗,哈西,2013,高层,哈尔滨大街640号,126.5808518,45.69407342,1.0,24.0,,2013,商住楼,商用,7.8,12,0.0,14903.0,Heilongjiang,Haerbin,Nangang,Heilongjiang-Haerbin
262221,汇龙北纬45度(商住楼),哈尔滨,南岗,哈西,2017,高层,"王岗大街,近中兴左街",126.57155,45.69281949,1.0,30.0,,1575,商住楼,商用,8.4,12,0.0,15550.0,Heilongjiang,Haerbin,Nangang,Heilongjiang-Haerbin
262220,华润置地公馆,哈尔滨,南岗,哈西,2019,高层,发展大道,126.5626479,45.70162921,1.0,30.0,,1499,商住楼,商用,7.9,12,0.0,15082.0,Heilongjiang,Haerbin,Nangang,Heilongjiang-Haerbin
262219,金谷城(C区),哈尔滨,南岗,哈西,1991,多层,农机街35-23号,126.5580738,45.67411348,1.0,20.0,,878,公寓住宅,民用,7.0,12,-0.73,5806.0,Heilongjiang,Haerbin,Nangang,Heilongjiang-Haerbin
262224,万达SOHO公寓,哈尔滨,南岗,哈西,2013,高层,中兴大道162号,126.5863061,45.69896769,1.0,30.0,,3840,商住楼,商用,8.0,12,0.0,10010.0,Heilongjiang,Haerbin,Nangang,Heilongjiang-Haerbin
262235,哈西交警队家属楼,哈尔滨,南岗,哈西,2000,多层,学府四道街1号,126.5999863,45.70123946,1.0,30.0,,72,公寓住宅,民用,7.7,12,0.0,8800.0,Heilongjiang,Haerbin,Nangang,Heilongjiang-Haerbin
262236,建筑公司家属楼,哈尔滨,南岗,哈西,2000,小高层,哈双路,126.5534834,45.67560595,,30.0,,30,公寓住宅,民用,6.9,12,0.0,4912.0,Heilongjiang,Haerbin,Nangang,Heilongjiang-Haerbin
262237,尤家街92-1号小区,哈尔滨,南岗,哈西,1989,小高层,尤家街92-1号,126.5934046,45.70355826,1.0,20.0,,84,公寓住宅,民用,7.2,12,0.0,8156.0,Heilongjiang,Haerbin,Nangang,Heilongjiang-Haerbin
262629,绿馨园小区(北区),哈尔滨,南岗,西大直街,2000,多层|小高层,元士街副1号,126.6210846,45.73663059,1.0,30.0,,1044,公寓住宅,民用,8.0,12,0.0,11000.0,Heilongjiang,Haerbin,Nangang,Heilongjiang-Haerbin
262630,林业设计院家属楼(西沟街),哈尔滨,南岗,西大直街,1986,多层,西沟街65-5号,126.5964195,45.70310089,1.0,20.0,,290,公寓住宅,民用,7.5,12,0.0,7866.0,Heilongjiang,Haerbin,Nangang,Heilongjiang-Haerbin
262631,工大名苑,哈尔滨,南岗,西大直街,2000,高层,木兰街36号,126.6209783,45.73199542,1.0,30.0,,307,公寓住宅,民用,8.2,12,0.0,8823.0,Heilongjiang,Haerbin,Nangang,Heilongjiang-Haerbin
262632,哈尔滨工业大学繁荣小区,哈尔滨,南岗,西大直街,1980,多层,西大直街92号,126.6277753,45.73877491,1.0,20.0,,318,公寓住宅,民用,7.9,12,0.0,14442.0,Heilongjiang,Haerbin,Nangang,Heilongjiang-Haerbin
262633,大众新城(一二期),哈尔滨,南岗,大众新城,2007,多层|小高层,征仪路436号,126.625847,45.69131958,1.0,40.0,,6745,公寓住宅,民用,8.0,12,-0.63,8425.0,Heilongjiang,Haerbin,Nangang,Heilongjiang-Haerbin
262634,学院新城(一期),哈尔滨,南岗,大众新城,2012,多层|高层,哈平路160号,126.6371231,45.67864543,1.0,32.0,,2310,公寓住宅,民用,7.6,12,0.3,8256.0,Heilongjiang,Haerbin,Nangang,Heilongjiang-Haerbin
262635,大众新城(三期),哈尔滨,南岗,大众新城,2007,小高层,征仪路377号,126.6301984,45.69595433,1.0,40.0,,1125,公寓住宅,民用,8.3,12,-1.23,10326.0,Heilongjiang,Haerbin,Nangang,Heilongjiang-Haerbin
262636,理工家属楼(南岗),哈尔滨,南岗,大众新城,1991,多层,学府头道街52号,126.6098159,45.71506826,1.0,20.0,,1161,公寓住宅,民用,7.7,12,0.0,8229.0,Heilongjiang,Haerbin,Nangang,Heilongjiang-Haerbin
262248,科大工程家属楼,哈尔滨,南岗,哈西,1996,多层|小高层,学府路66号,126.607121,45.709559,1.0,20.0,,1152,公寓住宅,民用,7.6,12,0.0,8250.0,Heilongjiang,Haerbin,Nangang,Heilongjiang-Haerbin
262247,农垦医院家属楼,哈尔滨,南岗,哈西,2005,多层|小高层,哈双路235号,126.55319,45.67835953,1.0,30.0,,455,公寓住宅,民用,7.1,12,0.0,7750.0,Heilongjiang,Haerbin,Nangang,Heilongjiang-Haerbin
262246,雄师家园,哈尔滨,南岗,哈西,2005,多层,中兴大道28号,126.6063022,45.70172201,1.0,20.0,,438,公寓住宅,民用,7.8,12,0.0,9895.0,Heilongjiang,Haerbin,Nangang,Heilongjiang-Haerbin
262245,金谷城(B区),哈尔滨,南岗,哈西,2011,多层|高层,哈双路,126.5567694,45.67388229,1.0,30.0,,994,公寓住宅,民用,7.0,12,0.0,7419.0,Heilongjiang,Haerbin,Nangang,Heilongjiang-Haerbin
262244,蓝钻公寓,哈尔滨,南岗,哈西,2010,多层|高层,学府路1号,126.6040096,45.71827128,1.0,35.0,,1377,公寓住宅,民用,7.7,12,0.0,10709.0,Heilongjiang,Haerbin,Nangang,Heilongjiang-Haerbin
262243,博海大厦,哈尔滨,南岗,哈西,2015,高层,尤家街210号,126.5936131,45.70529902,1.0,30.0,,286,公寓住宅,民用,7.7,12,0.0,11212.0,Heilongjiang,Haerbin,Nangang,Heilongjiang-Haerbin
262242,金典家园,哈尔滨,南岗,哈西,1991,多层,哈双路,126.5514702,45.68049518,1.0,20.0,,2088,公寓住宅,民用,6.6,12,0.0,6100.0,Heilongjiang,Haerbin,Nangang,Heilongjiang-Haerbin
262241,爱达壹号(商住楼),哈尔滨,南岗,哈西,2018,高层|超高层,哈西大街,126.5941522,45.69159509,1.0,45.05,,696,商住楼,商用,7.9,12,0.0,20689.0,Heilongjiang,Haerbin,Nangang,Heilongjiang-Haerbin
262240,金爵万象(二三期),哈尔滨,南岗,哈西,2013,高层,"哈尔滨大街,近南兴街",126.5790077,45.69552641,1.0,20.0,135000.0,2082,商住楼,商用,7.6,12,0.0,17857.0,Heilongjiang,Haerbin,Nangang,Heilongjiang-Haerbin
262239,红旗农垦现代城,哈尔滨,南岗,哈西,2002,小高层,新山路10-5号,126.5557509,45.67003056,1.0,30.0,,0,公寓住宅,民用,7.0,12,0.0,8717.0,Heilongjiang,Haerbin,Nangang,Heilongjiang-Haerbin
262238,"南开街小区(南开街70号,72号)",哈尔滨,南岗,哈西,2001,多层,"南开街70号,72号",126.6015414,45.70895397,1.0,30.0,,114,公寓住宅,民用,7.6,12,0.0,7551.0,Heilongjiang,Haerbin,Nangang,Heilongjiang-Haerbin
263243,桥北新城,哈尔滨,南岗,教化,2010,小高层,桥北街9号,126.6139302,45.7429358,1.0,20.0,,586,公寓住宅,民用,8.3,12,-1.05,10970.0,Heilongjiang,Haerbin,Nangang,Heilongjiang-Haerbin
262206,西沟街57-2号小区,哈尔滨,南岗,哈西,2012,多层,西沟街57-2号,126.59621,45.70505443,1.0,30.0,,104,公寓住宅,民用,7.8,12,0.0,8253.0,Heilongjiang,Haerbin,Nangang,Heilongjiang-Haerbin
270072,哈达新区,哈尔滨,五常,五常城区,2008,多层,电缆街,126.601734,45.66591239,,30.0,,0,公寓住宅,民用,7.0,12,0.0,4500.0,Heilongjiang,Haerbin,Nangang,Heilongjiang-Haerbin
262205,农建新苑四期,哈尔滨,南岗,哈西,1991,高层,农机街35号,126.5564255,45.67507228,1.0,20.0,,2032,公寓住宅,民用,7.1,12,0.0,7000.0,Heilongjiang,Haerbin,Nangang,Heilongjiang-Haerbin
263130,康宁三道街301栋,哈尔滨,南岗,和兴路,2000,小高层,康宁三道街8号,126.6026529,45.72469095,1.0,30.0,,333,公寓住宅,民用,8.0,12,0.0,8623.0,Heilongjiang,Haerbin,Nangang,Heilongjiang-Haerbin
263131,"和兴路小区(和兴路235号,239号)",哈尔滨,南岗,和兴路,2004,小高层,"和兴路235号,239号",126.6054481,45.73357074,1.0,30.0,,208,公寓住宅,民用,8.2,12,0.0,12800.0,Heilongjiang,Haerbin,Nangang,Heilongjiang-Haerbin
263132,元和街37号小区,哈尔滨,南岗,和兴路,1991,小高层,元和街37号,126.6152083,45.73386893,1.0,20.0,,32,公寓住宅,民用,7.6,12,0.0,12545.0,Heilongjiang,Haerbin,Nangang,Heilongjiang-Haerbin
263133,清滨胡同6号小区,哈尔滨,南岗,和兴路,2002,小高层,清滨胡同6号,126.6098331,45.72932848,1.0,30.0,,160,公寓住宅,民用,7.8,12,0.0,8613.0,Heilongjiang,Haerbin,Nangang,Heilongjiang-Haerbin
262207,西沟街小区,哈尔滨,南岗,哈西,2005,小高层,西沟街49号,126.5972752,45.70557293,1.0,15.0,,1022,公寓住宅,民用,7.4,12,0.0,8947.0,Heilongjiang,Haerbin,Nangang,Heilongjiang-Haerbin
263134,苗圃街112号小区,哈尔滨,南岗,和兴路,1991,小高层,苗圃街112号,126.6226191,45.72930118,1.0,20.0,,45,公寓住宅,民用,7.5,12,0.0,14090.0,Heilongjiang,Haerbin,Nangang,Heilongjiang-Haerbin
263136,清明四道街172-1号小区,哈尔滨,南岗,和兴路,2006,小高层,清明四道街172-1号,126.6064307,45.73280997,1.0,30.0,,220,公寓住宅,民用,7.9,12,0.0,8333.0,Heilongjiang,Haerbin,Nangang,Heilongjiang-Haerbin
263137,炉具胡同10号小区,哈尔滨,南岗,和兴路,2000,多层,炉具胡同10号,126.6061365,45.72359748,1.0,30.0,,370,公寓住宅,民用,8.0,12,0.0,8000.0,Heilongjiang,Haerbin,Nangang,Heilongjiang-Haerbin
263138,省文化厅宿舍,哈尔滨,南岗,和兴路,2004,小高层,和兴路90-4号,126.6123412,45.72816938,1.0,30.0,,472,公寓住宅,民用,7.8,12,0.0,17487.0,Heilongjiang,Haerbin,Nangang,Heilongjiang-Haerbin
263139,省粮食学校家属院,哈尔滨,南岗,和兴路,2000,小高层,和兴三道街91号,126.6025247,45.7291767,1.0,30.0,,567,公寓住宅,民用,7.8,12,0.0,8636.0,Heilongjiang,Haerbin,Nangang,Heilongjiang-Haerbin
263140,和兴路217号小区,哈尔滨,南岗,和兴路,2010,小高层,和兴路217号,126.6059881,45.73272353,1.0,30.0,,72,公寓住宅,民用,7.8,12,0.0,12250.0,Heilongjiang,Haerbin,Nangang,Heilongjiang-Haerbin
263142,和兴家园,哈尔滨,南岗,和兴路,1998,小高层,和兴路130号,126.6044748,45.73070738,1.0,20.0,,384,公寓住宅,民用,8.4,12,0.0,14500.0,Heilongjiang,Haerbin,Nangang,Heilongjiang-Haerbin
263143,和兴商厦,哈尔滨,南岗,和兴路,1998,高层,西大直街400号,126.6107741,45.73117682,1.0,20.0,,347,公寓住宅,民用,8.0,12,0.0,9172.0,Heilongjiang,Haerbin,Nangang,Heilongjiang-Haerbin
263144,清明四道街86号小区,哈尔滨,南岗,和兴路,1999,多层,清明四道街86号,126.6094856,45.73595882,1.0,20.0,,105,公寓住宅,民用,7.9,12,0.0,7763.0,Heilongjiang,Haerbin,Nangang,Heilongjiang-Haerbin
263135,清明四道街55号小区,哈尔滨,南岗,和兴路,2006,小高层,清明四道街55号,126.6072358,45.73478191,1.0,30.0,,168,公寓住宅,民用,7.8,12,0.0,9230.0,Heilongjiang,Haerbin,Nangang,Heilongjiang-Haerbin
262208,农机校家属楼(南岗),哈尔滨,南岗,哈西,1999,多层,哈双路236号,126.5505379,45.67535375,1.0,20.0,,138,公寓住宅,民用,7.1,12,0.0,6951.0,Heilongjiang,Haerbin,Nangang,Heilongjiang-Haerbin
262209,拖配小区,哈尔滨,南岗,哈西,1999,多层,尤家街,126.5939464,45.70387087,1.0,20.0,,720,公寓住宅,民用,7.6,12,0.0,8888.0,Heilongjiang,Haerbin,Nangang,Heilongjiang-Haerbin
262210,经济干部学院家属楼,哈尔滨,南岗,哈西,1995,多层,北航街9号,126.6006751,45.71292966,1.0,20.0,,1081,公寓住宅,民用,7.8,12,0.0,8409.0,Heilongjiang,Haerbin,Nangang,Heilongjiang-Haerbin
263120,清滨路27号楼,哈尔滨,南岗,和兴路,2002,多层,清滨路27号,126.6109153,45.72897291,1.0,30.0,,70,公寓住宅,民用,7.9,12,0.0,18000.0,Heilongjiang,Haerbin,Nangang,Heilongjiang-Haerbin
263121,西大直街488号小区,哈尔滨,南岗,和兴路,2002,多层,西大直街488号,126.6065096,45.72538955,1.0,30.0,,77,公寓住宅,民用,7.6,12,0.0,9000.0,Heilongjiang,Haerbin,Nangang,Heilongjiang-Haerbin
263122,建兴街20-1号小区,哈尔滨,南岗,和兴路,1998,小高层,建兴街20-1号,126.6063711,45.72948781,1.0,20.0,,0,公寓住宅,民用,7.8,12,0.0,9000.0,Heilongjiang,Haerbin,Nangang,Heilongjiang-Haerbin
263123,清明四道街69号小区,哈尔滨,南岗,和兴路,2006,多层,清明四道街69号,126.6056277,45.73299763,1.0,30.0,,0,公寓住宅,民用,8.0,12,0.0,6916.0,Heilongjiang,Haerbin,Nangang,Heilongjiang-Haerbin
263124,清滨路53号小区,哈尔滨,南岗,和兴路,2010,多层,清滨路53号,126.6079144,45.72484137,1.0,30.0,,154,公寓住宅,民用,7.7,12,0.0,18400.0,Heilongjiang,Haerbin,Nangang,Heilongjiang-Haerbin
263125,"通达街小区(通达街81号,107号)",哈尔滨,南岗,和兴路,2000,小高层,"通达街81号,107号",126.6142297,45.73682273,1.0,30.0,,124,公寓住宅,民用,8.0,12,0.0,10365.0,Heilongjiang,Haerbin,Nangang,Heilongjiang-Haerbin
263126,元和街15号小区,哈尔滨,南岗,和兴路,1991,小高层,元和街15号,126.6171979,45.73550353,1.0,20.0,,80,公寓住宅,民用,7.7,12,0.0,10752.0,Heilongjiang,Haerbin,Nangang,Heilongjiang-Haerbin
263127,通达街46号小区,哈尔滨,南岗,和兴路,1991,小高层,通达街46号,126.6157081,45.73542152,1.0,20.0,,63,公寓住宅,民用,7.6,12,0.0,11111.0,Heilongjiang,Haerbin,Nangang,Heilongjiang-Haerbin
263128,松明街38号小区,哈尔滨,南岗,和兴路,1991,小高层,松明街38号,126.6155118,45.73521515,1.0,20.0,,102,公寓住宅,民用,7.6,12,0.0,10327.0,Heilongjiang,Haerbin,Nangang,Heilongjiang-Haerbin
263129,和兴路108号小区,哈尔滨,南岗,和兴路,1996,小高层,和兴路108号,126.6113663,45.72986354,,20.0,,212,公寓住宅,民用,7.7,12,0.0,13500.0,Heilongjiang,Haerbin,Nangang,Heilongjiang-Haerbin
262218,辰能溪树庭院(商住楼),哈尔滨,南岗,哈西,2017,高层,哈尔滨大街760号,126.5859878,45.69631607,1.0,35.0,,1636,商住楼,商用,8.5,12,0.0,14367.0,Heilongjiang,Haerbin,Nangang,Heilongjiang-Haerbin
262217,哈西华府(一期),哈尔滨,南岗,哈西,2017,多层|高层,"哈双南路,近三环路",126.5508769,45.66595349,1.0,38.0,500000.0,4474,公寓住宅,民用,7.8,12,-0.85,7658.0,Heilongjiang,Haerbin,Nangang,Heilongjiang-Haerbin
262216,爱达九溪(商住楼),哈尔滨,南岗,哈西,2019,高层,中兴左街,126.5755725,45.69589475,1.0,30.0,,2304,商住楼,商用,7.9,12,0.0,12100.0,Heilongjiang,Haerbin,Nangang,Heilongjiang-Haerbin
262215,家合城,哈尔滨,南岗,哈西,2009,多层,哈双路305号,126.5446426,45.67072102,1.0,30.11,,888,公寓住宅,民用,7.1,12,1.08,6917.0,Heilongjiang,Haerbin,Nangang,Heilongjiang-Haerbin
262214,旗凯丽园,哈尔滨,南岗,哈西,2013,小高层,哈双路398号,126.5457737,45.66665399,1.0,30.07,420358.0,2651,公寓住宅,民用,7.3,12,-0.45,7315.0,Heilongjiang,Haerbin,Nangang,Heilongjiang-Haerbin
262213,金莉园,哈尔滨,南岗,哈西,2011,多层|小高层,哈双路391号,126.5427428,45.66908489,1.0,30.0,,1092,公寓住宅,民用,7.2,12,-0.49,7017.0,Heilongjiang,Haerbin,Nangang,Heilongjiang-Haerbin
262212,艺体花园,哈尔滨,南岗,哈西,1990,多层,哈前公路539号,126.5363095,45.66104573,1.0,20.0,,3122,公寓住宅,民用,6.8,12,0.21,6290.0,Heilongjiang,Haerbin,Nangang,Heilongjiang-Haerbin
262211,农建新苑,哈尔滨,南岗,哈西,2010,多层|小高层,哈双路216号,126.5521765,45.67590666,1.0,35.0,,546,公寓住宅,民用,7.5,12,0.0,6853.0,Heilongjiang,Haerbin,Nangang,Heilongjiang-Haerbin
263245,上夹树街75号小区,哈尔滨,南岗,教化,1991,小高层,上夹树街75号,126.6198339,45.74628887,1.0,20.0,,240,公寓住宅,民用,8.1,12,0.0,10070.0,Heilongjiang,Haerbin,Nangang,Heilongjiang-Haerbin
263246,"下夹树街小区(下夹树街65号,67号,曲线街46号,48号)",哈尔滨,南岗,教化,1991,小高层,"下夹树街65号,67号,曲线街46号,48号",126.6187175,45.74630442,1.0,20.0,,224,公寓住宅,民用,8.6,12,0.0,9310.0,Heilongjiang,Haerbin,Nangang,Heilongjiang-Haerbin
263247,复华三道街47号小区,哈尔滨,南岗,教化,2011,小高层,复华三道街47号,126.6289884,45.74325879,1.0,30.0,,120,公寓住宅,民用,8.5,12,0.0,8500.0,Heilongjiang,Haerbin,Nangang,Heilongjiang-Haerbin
264481,七政街62号小区,哈尔滨,南岗,汉广街,1991,小高层,七政街62号,126.6169315,45.73251871,1.0,20.0,,56,公寓住宅,民用,7.9,12,0.0,13236.0,Heilongjiang,Haerbin,Nangang,Heilongjiang-Haerbin
264480,四明街18号小区,哈尔滨,南岗,汉广街,1991,小高层,四明街18号,126.6226001,45.73280182,1.0,20.0,,112,公寓住宅,民用,7.8,12,0.0,14285.0,Heilongjiang,Haerbin,Nangang,Heilongjiang-Haerbin
264479,和兴三道街29号小区,哈尔滨,南岗,汉广街,2005,小高层,和兴三道街29号,126.612412,45.72589958,1.0,30.0,,196,公寓住宅,民用,8.5,12,-1.72,20842.0,Heilongjiang,Haerbin,Nangang,Heilongjiang-Haerbin
264478,"汉广街小区(汉广街3号,29号)",哈尔滨,南岗,汉广街,2002,多层,"汉广街3号,29号",126.621735,45.73639874,1.0,30.0,,176,公寓住宅,民用,8.0,12,0.0,8181.0,Heilongjiang,Haerbin,Nangang,Heilongjiang-Haerbin
264477,文兴街49-2号小区,哈尔滨,南岗,汉广街,1987,小高层,文兴街49-2号,126.6125285,45.72022379,1.0,20.0,,180,公寓住宅,民用,7.8,12,0.0,8108.0,Heilongjiang,Haerbin,Nangang,Heilongjiang-Haerbin
264476,牛房小区(二期),哈尔滨,南岗,汉广街,1989,小高层,康宁四道街1号,126.6031237,45.72412289,1.0,35.0,,915,公寓住宅,民用,8.3,12,0.0,9634.0,Heilongjiang,Haerbin,Nangang,Heilongjiang-Haerbin
264475,"七政街小区(七政街5号,35号,35-1号,39-1号,汉广街102号)",哈尔滨,南岗,汉广街,1991,小高层,"七政街5号,35号,35-1号,39-1号,汉广街102号",126.619388,45.73224398,1.0,20.0,,839,公寓住宅,民用,7.9,12,-0.06,13187.0,Heilongjiang,Haerbin,Nangang,Heilongjiang-Haerbin
264474,和兴头道街20号小区,哈尔滨,南岗,汉广街,1991,小高层,和兴头道街20号,126.6159378,45.72617149,1.0,20.0,,78,公寓住宅,民用,8.1,12,0.0,26333.0,Heilongjiang,Haerbin,Nangang,Heilongjiang-Haerbin
264482,"和兴路小区(64号,66号,70号)",哈尔滨,南岗,汉广街,2008,小高层,"和兴路64号,66号,70号",126.6159247,45.72833918,1.0,30.0,,135,公寓住宅,民用,7.9,12,-3.43,24428.0,Heilongjiang,Haerbin,Nangang,Heilongjiang-Haerbin
264473,元和街37号小区,哈尔滨,南岗,木兰街,1991,小高层,元和街37号,126.6152083,45.73386893,1.0,20.0,,32,公寓住宅,民用,7.6,12,0.0,12545.0,Heilongjiang,Haerbin,Nangang,Heilongjiang-Haerbin
264471,一工具自管庭院,哈尔滨,南岗,木兰街,1991,多层,汉祥街39号,126.6176683,45.73639897,1.0,20.0,,153,公寓住宅,民用,7.5,12,0.0,7882.0,Heilongjiang,Haerbin,Nangang,Heilongjiang-Haerbin
264470,新七政小区,哈尔滨,南岗,木兰街,1991,小高层,七政街31号,126.6201651,45.7313063,1.0,20.0,,138,公寓住宅,民用,7.6,12,0.0,7818.0,Heilongjiang,Haerbin,Nangang,Heilongjiang-Haerbin
264469,清明七道街29号小区,哈尔滨,南岗,木兰街,1991,小高层,清明七道街29号,126.6149382,45.73834267,1.0,20.0,,105,公寓住宅,民用,8.2,12,0.0,9237.0,Heilongjiang,Haerbin,Nangang,Heilongjiang-Haerbin
264468,清明七道街18号小区,哈尔滨,南岗,木兰街,1991,多层,清明七道街18号,126.6155613,45.73828723,1.0,20.0,,66,公寓住宅,民用,7.7,12,0.0,9090.0,Heilongjiang,Haerbin,Nangang,Heilongjiang-Haerbin
264467,西大直街192号小区,哈尔滨,南岗,木兰街,1990,小高层,西大直街192号,126.6178284,45.73871504,1.0,20.0,,48,公寓住宅,民用,7.7,12,0.0,7474.0,Heilongjiang,Haerbin,Nangang,Heilongjiang-Haerbin
264466,汉祥街71号小区,哈尔滨,南岗,木兰街,2009,多层,汉祥街71号,126.6138265,45.7386763,1.0,30.0,,0,公寓住宅,民用,8.1,12,0.0,8389.0,Heilongjiang,Haerbin,Nangang,Heilongjiang-Haerbin
264465,汉祥街45号小区,哈尔滨,南岗,木兰街,2009,小高层,汉祥街45号,126.6167862,45.73702537,1.0,30.0,,30,公寓住宅,民用,8.0,12,0.0,7508.0,Heilongjiang,Haerbin,Nangang,Heilongjiang-Haerbin
264464,汉广街40号小区,哈尔滨,南岗,木兰街,2002,多层,汉广街40号,126.6215027,45.73544833,1.0,30.0,,0,公寓住宅,民用,7.9,12,0.0,8181.0,Heilongjiang,Haerbin,Nangang,Heilongjiang-Haerbin
264472,贵新街15号小区,哈尔滨,南岗,木兰街,2002,小高层,贵新街15号,126.621765,45.73889853,1.0,30.0,,54,公寓住宅,民用,7.8,12,0.0,12506.0,Heilongjiang,Haerbin,Nangang,Heilongjiang-Haerbin
264483,汉祥街13号小区,哈尔滨,南岗,汉广街,2009,小高层,汉祥街13号,126.6200915,45.73512904,1.0,30.0,,96,公寓住宅,民用,8.0,12,0.0,8365.0,Heilongjiang,Haerbin,Nangang,Heilongjiang-Haerbin
264484,元和街38号小区,哈尔滨,南岗,汉广街,1991,小高层,元和街38号,126.6164231,45.73447685,1.0,20.0,,168,公寓住宅,民用,7.9,12,0.0,12845.0,Heilongjiang,Haerbin,Nangang,Heilongjiang-Haerbin
264485,汉广街小区(汉广街89号-99号(单号)),哈尔滨,南岗,汉广街,2002,小高层,汉广街89号-99号(单号),126.6155649,45.73007096,1.0,30.0,,102,公寓住宅,民用,8.2,12,0.0,12509.0,Heilongjiang,Haerbin,Nangang,Heilongjiang-Haerbin
264503,汉祥街45号小区,哈尔滨,南岗,汉广街,2009,小高层,汉祥街45号,126.6167862,45.73702537,1.0,30.0,,30,公寓住宅,民用,8.0,12,0.0,7508.0,Heilongjiang,Haerbin,Nangang,Heilongjiang-Haerbin
264502,汉广街40号小区,哈尔滨,南岗,汉广街,2002,多层,汉广街40号,126.6215027,45.73544833,1.0,30.0,,0,公寓住宅,民用,7.9,12,0.0,8181.0,Heilongjiang,Haerbin,Nangang,Heilongjiang-Haerbin
264501,七政街47号小区,哈尔滨,南岗,汉广街,1991,小高层,七政街47号,126.6154715,45.73350939,1.0,20.0,,173,公寓住宅,民用,7.8,12,0.0,13888.0,Heilongjiang,Haerbin,Nangang,Heilongjiang-Haerbin
264500,松明街31号小区,哈尔滨,南岗,汉广街,1980,多层,松明街31号,126.6164196,45.73643086,1.0,20.0,,113,公寓住宅,民用,7.6,12,0.0,8400.0,Heilongjiang,Haerbin,Nangang,Heilongjiang-Haerbin
264491,炼油厂家属楼,哈尔滨,南岗,汉广街,2002,小高层,和兴路121号,126.6161215,45.73328156,1.0,30.0,,592,公寓住宅,民用,8.3,12,0.0,13295.0,Heilongjiang,Haerbin,Nangang,Heilongjiang-Haerbin
264490,"汉祥街小区(汉祥街100号,106号)",哈尔滨,南岗,汉广街,2009,小高层,"汉祥街100号,106号",126.6123422,45.73911277,1.0,30.0,,54,公寓住宅,民用,8.0,12,-0.81,8442.0,Heilongjiang,Haerbin,Nangang,Heilongjiang-Haerbin
264489,汉阳街50号小区,哈尔滨,南岗,汉广街,2000,小高层,汉阳街50号,126.6162446,45.73850704,1.0,30.0,,0,公寓住宅,民用,8.6,12,0.0,7272.0,Heilongjiang,Haerbin,Nangang,Heilongjiang-Haerbin
264488,二酉街36号小区,哈尔滨,南岗,汉广街,1991,小高层,二酉街36号,126.623524,45.73481928,1.0,20.0,,99,公寓住宅,民用,8.1,12,0.0,7973.0,Heilongjiang,Haerbin,Nangang,Heilongjiang-Haerbin
264487,一匡街5-7号小区,哈尔滨,南岗,汉广街,2006,多层,一匡街5号,126.6262478,45.7352464,1.0,30.0,,210,公寓住宅,民用,7.8,12,0.0,9371.0,Heilongjiang,Haerbin,Nangang,Heilongjiang-Haerbin
264486,元和街7号小区,哈尔滨,南岗,汉广街,1991,多层,元和街7号,126.6184594,45.73672423,1.0,20.0,,0,公寓住宅,民用,8.1,12,0.0,8894.0,Heilongjiang,Haerbin,Nangang,Heilongjiang-Haerbin
264504,汉祥街71号小区,哈尔滨,南岗,汉广街,2009,多层,汉祥街71号,126.6138265,45.7386763,1.0,30.0,,0,公寓住宅,民用,8.1,12,0.0,8389.0,Heilongjiang,Haerbin,Nangang,Heilongjiang-Haerbin
263291,复华三道街27号小区,哈尔滨,南岗,教化,2011,小高层,复华三道街27号,126.6294734,45.74376037,1.0,30.0,,144,公寓住宅,民用,7.8,12,0.0,8444.0,Heilongjiang,Haerbin,Nangang,Heilongjiang-Haerbin
263292,砖街小区(砖街2号-8号(双号)),哈尔滨,南岗,教化,1987,小高层,砖街2号-8号(双号),126.6216873,45.7437178,1.0,35.0,,56,公寓住宅,民用,8.3,12,0.0,9915.0,Heilongjiang,Haerbin,Nangang,Heilongjiang-Haerbin
263293,贵新街15号小区,哈尔滨,南岗,教化,2002,小高层,贵新街15号,126.621765,45.73889853,1.0,30.0,,54,公寓住宅,民用,7.8,12,0.0,12506.0,Heilongjiang,Haerbin,Nangang,Heilongjiang-Haerbin
263294,"上夹树街小区(上夹树街108号,春明街5号)",哈尔滨,南岗,教化,1986,小高层,"树街108号,春明街5号",126.6207864,45.74338991,1.0,30.0,,72,公寓住宅,民用,7.6,12,0.0,10500.0,Heilongjiang,Haerbin,Nangang,Heilongjiang-Haerbin
263295,上夹树街73号小区,哈尔滨,南岗,教化,1991,小高层,上夹树街73号,126.6193191,45.74725064,1.0,20.0,,0,公寓住宅,民用,7.9,12,0.0,12882.0,Heilongjiang,Haerbin,Nangang,Heilongjiang-Haerbin
263296,"上夹树街小区(上夹树街97号,瓦街11号,下夹树街134号)",哈尔滨,南岗,教化,1986,多层,"上夹树街97号,瓦街11号,下夹树街134号",126.6201314,45.74594229,1.0,20.0,,289,公寓住宅,民用,8.0,12,0.0,9210.0,Heilongjiang,Haerbin,Nangang,Heilongjiang-Haerbin
263297,文道雅居,哈尔滨,南岗,教化,2000,多层,文昌街229号,126.636132,45.73241626,1.0,20.0,,229,公寓住宅,民用,7.5,12,0.0,8441.0,Heilongjiang,Haerbin,Nangang,Heilongjiang-Haerbin
263298,教化小区(文库街),哈尔滨,南岗,教化,1996,多层|小高层,文库街18号,126.6367819,45.7387399,1.0,10.0,,527,公寓住宅,民用,7.7,12,0.0,8184.0,Heilongjiang,Haerbin,Nangang,Heilongjiang-Haerbin
263290,复华三道街小区(复华三道街44号-48号(双号)),哈尔滨,南岗,教化,2011,小高层,复华三道街44号-48号(双号),126.6301265,45.74372494,,30.0,,63,公寓住宅,民用,7.9,12,0.0,13296.0,Heilongjiang,Haerbin,Nangang,Heilongjiang-Haerbin
263299,绿馨园小区(北区),哈尔滨,南岗,教化,2000,多层|小高层,元士街副1号,126.6210846,45.73663059,1.0,30.0,,1044,公寓住宅,民用,8.0,12,0.0,11000.0,Heilongjiang,Haerbin,Nangang,Heilongjiang-Haerbin
263301,御景国际,哈尔滨,南岗,黄河路,2006,高层,嵩山路78号,126.6822316,45.75092341,1.0,30.0,,177,公寓住宅,民用,8.3,12,0.0,12308.0,Heilongjiang,Haerbin,Nangang,Heilongjiang-Haerbin
263303,新新家园,哈尔滨,南岗,黄河路,2008,多层,烟草街17号,126.6644201,45.75904969,1.0,20.0,,316,公寓住宅,民用,8.0,12,0.0,10597.0,Heilongjiang,Haerbin,Nangang,Heilongjiang-Haerbin
263304,建工小区,哈尔滨,南岗,黄河路,1999,多层|小高层,海河路204号,126.67397,45.75337782,1.0,20.0,,959,公寓住宅,民用,8.0,12,0.0,9249.0,Heilongjiang,Haerbin,Nangang,Heilongjiang-Haerbin
263305,梧桐语,哈尔滨,南岗,黄河路,2005,高层,民建路10号,126.7064967,45.7464452,1.0,30.0,,392,公寓住宅,民用,8.1,12,-0.04,13018.0,Heilongjiang,Haerbin,Nangang,Heilongjiang-Haerbin
263306,馨悦家园,哈尔滨,南岗,黄河路,2002,多层,先锋路310号,126.6757001,45.76311205,1.0,30.0,,364,公寓住宅,民用,8.4,12,0.0,10593.0,Heilongjiang,Haerbin,Nangang,Heilongjiang-Haerbin
263307,先锋二区段,哈尔滨,南岗,黄河路,2001,多层,马端街15号,126.6724674,45.76320748,1.0,20.0,,640,公寓住宅,民用,8.4,12,-4.32,8568.0,Heilongjiang,Haerbin,Nangang,Heilongjiang-Haerbin
263308,体育学院家属楼,哈尔滨,南岗,黄河路,2000,小高层,华山北路2号,126.6717063,45.75544558,1.0,30.0,,472,公寓住宅,民用,8.0,12,0.0,9223.0,Heilongjiang,Haerbin,Nangang,Heilongjiang-Haerbin
263309,东平公寓,哈尔滨,南岗,黄河路,2012,高层,十字街60号,126.6644613,45.75617591,1.0,20.0,,288,公寓住宅,民用,8.2,12,0.0,10396.0,Heilongjiang,Haerbin,Nangang,Heilongjiang-Haerbin
263300,国泰小区,哈尔滨,南岗,教化,2005,多层,清明四道街42号,126.6066051,45.73253645,1.0,20.0,,581,公寓住宅,民用,7.8,12,0.0,8333.0,Heilongjiang,Haerbin,Nangang,Heilongjiang-Haerbin
263289,西大直街192号小区,哈尔滨,南岗,教化,1990,小高层,西大直街192号,126.6178284,45.73871504,1.0,20.0,,48,公寓住宅,民用,7.7,12,0.0,7474.0,Heilongjiang,Haerbin,Nangang,Heilongjiang-Haerbin
263288,工大家园,哈尔滨,南岗,教化,2009,小高层,"砖街,近上夹树街",126.6205989,45.74387552,1.0,24.0,,0,公寓住宅,民用,8.1,12,0.0,7333.0,Heilongjiang,Haerbin,Nangang,Heilongjiang-Haerbin
263287,香东街25号小区,哈尔滨,南岗,教化,2002,小高层,香东街25号,126.6244191,45.7523375,,30.0,,70,公寓住宅,民用,8.2,12,0.0,7300.0,Heilongjiang,Haerbin,Nangang,Heilongjiang-Haerbin
264457,汉阳街50号小区,哈尔滨,南岗,木兰街,2000,小高层,汉阳街50号,126.6162446,45.73850704,1.0,30.0,,0,公寓住宅,民用,8.6,12,0.0,7272.0,Heilongjiang,Haerbin,Nangang,Heilongjiang-Haerbin
264456,二酉街36号小区,哈尔滨,南岗,木兰街,1991,小高层,二酉街36号,126.623524,45.73481928,1.0,20.0,,99,公寓住宅,民用,8.1,12,0.0,7973.0,Heilongjiang,Haerbin,Nangang,Heilongjiang-Haerbin
264455,一匡街5-7号小区,哈尔滨,南岗,木兰街,2006,多层,一匡街5号,126.6262478,45.7352464,1.0,30.0,,210,公寓住宅,民用,7.8,12,0.0,9371.0,Heilongjiang,Haerbin,Nangang,Heilongjiang-Haerbin
264454,下夹树街小区(下夹树街89号-99号(单号)),哈尔滨,南岗,木兰街,1991,小高层,下夹树街89号-99号(单号),126.6198204,45.74234182,1.0,20.0,,192,公寓住宅,民用,8.0,12,0.0,8461.0,Heilongjiang,Haerbin,Nangang,Heilongjiang-Haerbin
264453,汉祥街13号小区,哈尔滨,南岗,木兰街,2009,小高层,汉祥街13号,126.6200915,45.73512904,1.0,30.0,,96,公寓住宅,民用,8.0,12,0.0,8365.0,Heilongjiang,Haerbin,Nangang,Heilongjiang-Haerbin
264452,四明街18号小区,哈尔滨,南岗,木兰街,1991,小高层,四明街18号,126.6226001,45.73280182,1.0,20.0,,112,公寓住宅,民用,7.8,12,0.0,14285.0,Heilongjiang,Haerbin,Nangang,Heilongjiang-Haerbin
264451,"汉广街小区(汉广街3号,29号)",哈尔滨,南岗,木兰街,2002,多层,"汉广街3号,29号",126.621735,45.73639874,1.0,30.0,,176,公寓住宅,民用,8.0,12,0.0,8181.0,Heilongjiang,Haerbin,Nangang,Heilongjiang-Haerbin
264450,芦家街小区(芦家街10号-14号(双号)),哈尔滨,南岗,洁净街,1991,小高层,芦家街10号-14号(双号),126.6665555,45.753692,1.0,20.0,,63,公寓住宅,民用,7.9,12,0.0,9801.0,Heilongjiang,Haerbin,Nangang,Heilongjiang-Haerbin
264449,宣化街365号小区,哈尔滨,南岗,洁净街,1998,小高层,宣化街365号,126.6628969,45.76092744,1.0,20.0,,200,公寓住宅,民用,7.8,12,0.0,8922.0,Heilongjiang,Haerbin,Nangang,Heilongjiang-Haerbin
264448,洁净街17号小区,哈尔滨,南岗,洁净街,1992,小高层,洁净街17号,126.65583,45.75549048,1.0,20.0,,91,公寓住宅,民用,7.7,12,0.0,10392.0,Heilongjiang,Haerbin,Nangang,Heilongjiang-Haerbin
263283,繁荣街111号小区,哈尔滨,南岗,教化,1998,多层,繁荣街111号,126.6340771,45.74538549,1.0,20.0,,0,公寓住宅,民用,7.8,12,0.0,11000.0,Heilongjiang,Haerbin,Nangang,Heilongjiang-Haerbin
263284,满洲里街154号小区,哈尔滨,南岗,教化,2005,多层,满洲里街154号,126.6202586,45.75015179,1.0,30.0,,133,公寓住宅,民用,7.9,12,0.0,7500.0,Heilongjiang,Haerbin,Nangang,Heilongjiang-Haerbin
263285,铁路局老奔腾楼,哈尔滨,南岗,教化,1999,多层,满洲里街118号,126.6229564,45.75103654,,20.0,,75,公寓住宅,民用,8.2,12,0.0,9000.0,Heilongjiang,Haerbin,Nangang,Heilongjiang-Haerbin
263286,木工街22号小区,哈尔滨,南岗,教化,2000,小高层,木工街22号,126.6189325,45.74704352,1.0,30.0,,102,公寓住宅,民用,8.1,12,0.0,8600.0,Heilongjiang,Haerbin,Nangang,Heilongjiang-Haerbin
262627,松江大厦,哈尔滨,南岗,西大直街,2014,多层,松花江街91号,126.6250801,45.74970906,1.0,20.0,,111,公寓住宅,民用,8.7,12,0.0,15072.0,Heilongjiang,Haerbin,Nangang,Heilongjiang-Haerbin
264505,西大直街192号小区,哈尔滨,南岗,汉广街,1990,小高层,西大直街192号,126.6178284,45.73871504,1.0,20.0,,48,公寓住宅,民用,7.7,12,0.0,7474.0,Heilongjiang,Haerbin,Nangang,Heilongjiang-Haerbin
264507,清明七道街29号小区,哈尔滨,南岗,汉广街,1991,小高层,清明七道街29号,126.6149382,45.73834267,1.0,20.0,,105,公寓住宅,民用,8.2,12,0.0,9237.0,Heilongjiang,Haerbin,Nangang,Heilongjiang-Haerbin
264877,锦宸丽都小区,哈尔滨,南岗,芦家街,2000,高层,宣化街20号,126.6599757,45.74357768,1.0,35.0,,32,公寓住宅,民用,7.7,12,0.0,11649.0,Heilongjiang,Haerbin,Nangang,Heilongjiang-Haerbin
264590,昆仑庄园,哈尔滨,开发区,闽江,1998,低层,闽江路111号,126.6855204,45.74712352,,30.0,,0,别墅,民用,8.1,12,0.0,29425.0,Heilongjiang,Haerbin,Nangang,Heilongjiang-Haerbin
264589,红旗大街188号小区,哈尔滨,开发区,闽江,2001,小高层,红旗大街188号,126.6887244,45.74361645,1.0,20.0,,70,公寓住宅,民用,8.1,12,0.0,10000.0,Heilongjiang,Haerbin,Nangang,Heilongjiang-Haerbin
264588,缤纷假日公寓,哈尔滨,开发区,闽江,2009,高层,闽江路233号,126.6831038,45.74684443,1.0,20.0,,0,公寓住宅,民用,8.1,12,0.0,12000.0,Heilongjiang,Haerbin,Nangang,Heilongjiang-Haerbin
264587,汉水路156号小区,哈尔滨,开发区,闽江,2002,多层,汉水路156号,126.6844446,45.74384282,1.0,30.0,,0,公寓住宅,民用,8.2,12,0.0,8000.0,Heilongjiang,Haerbin,Nangang,Heilongjiang-Haerbin
264586,会展银座公寓,哈尔滨,开发区,闽江,2018,高层,长江路388号,126.693507,45.74844187,1.0,30.0,,928,商住楼,商用,7.8,12,0.0,11000.0,Heilongjiang,Haerbin,Nangang,Heilongjiang-Haerbin
264585,新春小区,哈尔滨,开发区,闽江,2001,多层,闽江路175号,126.6932946,45.74558814,1.0,30.0,,1324,公寓住宅,民用,8.1,12,0.0,10000.0,Heilongjiang,Haerbin,Nangang,Heilongjiang-Haerbin
264876,荣耀宝座,哈尔滨,南岗,芦家街,2009,高层,丽顺街17-19-21号,126.6685186,45.74345581,1.0,25.0,,274,公寓住宅,民用,8.1,12,-0.14,8194.0,Heilongjiang,Haerbin,Nangang,Heilongjiang-Haerbin
263269,凤翥街18号住宅楼,哈尔滨,南岗,教化,2000,多层,凤翥街18号,126.6234056,45.7528413,,30.0,,70,公寓住宅,民用,8.1,12,0.0,8900.0,Heilongjiang,Haerbin,Nangang,Heilongjiang-Haerbin
263268,中海胡同小区,哈尔滨,南岗,教化,2005,多层,中海胡同,126.6251089,45.75285263,1.0,30.0,,462,公寓住宅,民用,8.3,12,-0.53,10990.0,Heilongjiang,Haerbin,Nangang,Heilongjiang-Haerbin
263267,货栈街9-11号小区,哈尔滨,南岗,教化,1985,小高层,货栈街9-11号,126.6225918,45.74998635,1.0,20.0,,0,公寓住宅,民用,8.3,12,0.0,8955.0,Heilongjiang,Haerbin,Nangang,Heilongjiang-Haerbin
263248,复华三道街54号小区,哈尔滨,南岗,教化,2011,小高层,复华三道街54号,126.6294459,45.74304875,1.0,30.0,,166,公寓住宅,民用,8.5,12,0.0,13473.0,Heilongjiang,Haerbin,Nangang,Heilongjiang-Haerbin
263249,曲线街66号小区,哈尔滨,南岗,教化,1991,小高层,曲线街66号,126.6182426,45.74325216,1.0,20.0,,54,公寓住宅,民用,8.2,12,0.0,10904.0,Heilongjiang,Haerbin,Nangang,Heilongjiang-Haerbin
263250,铁工街1号小区,哈尔滨,南岗,教化,2017,小高层,铁工街1号,126.6213993,45.74550479,1.0,30.0,,66,公寓住宅,民用,8.4,12,0.0,10000.0,Heilongjiang,Haerbin,Nangang,Heilongjiang-Haerbin
263251,下夹树街小区(下夹树街89号-99号(单号)),哈尔滨,南岗,教化,1991,小高层,下夹树街89号-99号(单号),126.6198204,45.74234182,1.0,20.0,,192,公寓住宅,民用,8.0,12,0.0,8461.0,Heilongjiang,Haerbin,Nangang,Heilongjiang-Haerbin
263252,邮政街389号小区,哈尔滨,南岗,教化,1991,小高层,邮政街389号,126.6230282,45.74726179,1.0,20.0,,75,公寓住宅,民用,8.0,12,0.0,10868.0,Heilongjiang,Haerbin,Nangang,Heilongjiang-Haerbin
263253,下夹树街55号小区,哈尔滨,南岗,教化,1991,小高层,下夹树街55号,126.6212717,45.74882325,1.0,20.0,,520,公寓住宅,民用,7.9,12,0.0,9836.0,Heilongjiang,Haerbin,Nangang,Heilongjiang-Haerbin
263254,木工街14-16号小区,哈尔滨,南岗,教化,2000,小高层,"木工街14号,16号",126.6195572,45.74655484,1.0,30.0,,179,公寓住宅,民用,8.2,12,0.0,8684.0,Heilongjiang,Haerbin,Nangang,Heilongjiang-Haerbin
263255,春明街1号院,哈尔滨,南岗,教化,2012,多层,春明街1号,126.6207772,45.74426891,1.0,30.0,,112,公寓住宅,民用,8.6,12,0.0,8666.0,Heilongjiang,Haerbin,Nangang,Heilongjiang-Haerbin
263256,隆庆河畔家园,哈尔滨,南岗,教化,2007,高层,木介街68号,126.6363256,45.74573233,1.0,23.0,,165,公寓住宅,民用,8.3,12,0.0,12607.0,Heilongjiang,Haerbin,Nangang,Heilongjiang-Haerbin
263257,宏业小区,哈尔滨,南岗,教化,1998,多层,通达街清明四道街22号,126.6106069,45.73661299,1.0,35.0,,940,公寓住宅,民用,8.3,12,3.53,10988.0,Heilongjiang,Haerbin,Nangang,Heilongjiang-Haerbin
263258,春明小区,哈尔滨,南岗,教化,1988,多层|小高层,邮政街413号,126.6208354,45.74497114,1.0,30.0,,394,公寓住宅,民用,8.4,12,0.0,9597.0,Heilongjiang,Haerbin,Nangang,Heilongjiang-Haerbin
263259,"松花江街小区(松花江街135号,利群街6号-10号(双号))",哈尔滨,南岗,教化,2002,多层,"松花江街135号,利群街6号-10号(双号)",126.6245585,45.74600128,1.0,30.0,,126,公寓住宅,民用,8.0,12,0.0,11000.0,Heilongjiang,Haerbin,Nangang,Heilongjiang-Haerbin
263260,公司街177号小区,哈尔滨,南岗,教化,1991,高层,公司街177号,126.6236881,45.75463059,1.0,20.0,,499,公寓住宅,民用,8.2,12,0.46,10646.0,Heilongjiang,Haerbin,Nangang,Heilongjiang-Haerbin
263261,"邮政街小区(邮政街422,426号)",哈尔滨,南岗,教化,1991,小高层,"邮政街422,426号",126.6232741,45.74667827,1.0,20.0,,70,公寓住宅,民用,7.7,12,0.0,11975.0,Heilongjiang,Haerbin,Nangang,Heilongjiang-Haerbin
263263,铁路街162号楼,哈尔滨,南岗,教化,2004,多层,铁路街162号,126.6156712,45.74488215,1.0,30.0,,0,公寓住宅,民用,8.1,12,0.0,9500.0,Heilongjiang,Haerbin,Nangang,Heilongjiang-Haerbin
263264,铁路街230号小区,哈尔滨,南岗,教化,2006,多层,铁路街230号,126.6172742,45.74210762,1.0,30.0,,189,公寓住宅,民用,8.1,12,0.0,9000.0,Heilongjiang,Haerbin,Nangang,Heilongjiang-Haerbin
263265,下夹树街120号小区,哈尔滨,南岗,教化,1998,多层,下夹树街120号,126.6187162,45.7440389,1.0,20.0,,312,公寓住宅,民用,8.2,12,0.0,8500.0,Heilongjiang,Haerbin,Nangang,Heilongjiang-Haerbin
263266,下夹树街29号小区,哈尔滨,南岗,教化,1991,小高层,下夹树街29号,126.6238255,45.7510689,1.0,20.0,,0,公寓住宅,民用,8.3,12,0.0,10000.0,Heilongjiang,Haerbin,Nangang,Heilongjiang-Haerbin
264582,闽江小区(二期西区),哈尔滨,开发区,闽江,1997,多层,闽江路127-1号,126.6958986,45.74550796,1.0,30.0,,518,公寓住宅,民用,8.4,12,0.0,10263.0,Heilongjiang,Haerbin,Nangang,Heilongjiang-Haerbin
264506,清明七道街18号小区,哈尔滨,南岗,汉广街,1991,多层,清明七道街18号,126.6155613,45.73828723,1.0,20.0,,66,公寓住宅,民用,7.7,12,0.0,9090.0,Heilongjiang,Haerbin,Nangang,Heilongjiang-Haerbin
264581,闽江小区(北区),哈尔滨,开发区,闽江,1997,多层,闽江路134号,126.6935334,45.74466218,1.0,20.0,,3150,公寓住宅,民用,8.4,12,0.06,10643.0,Heilongjiang,Haerbin,Nangang,Heilongjiang-Haerbin
264579,千山路15号小区,哈尔滨,开发区,闽江,2002,小高层,千山路15号,126.6866159,45.74455625,1.0,30.0,,56,公寓住宅,民用,8.5,12,0.0,10121.0,Heilongjiang,Haerbin,Nangang,Heilongjiang-Haerbin
264538,"分部街小区(分部街36号-54号(双号),革新街50号,黑山街39号)",哈尔滨,南岗,分部街,1985,多层,"分部街36号-54号(双号),革新街50号,黑山街39号",126.6557318,45.7505311,1.0,20.0,,658,公寓住宅,民用,7.9,12,0.0,9396.0,Heilongjiang,Haerbin,Nangang,Heilongjiang-Haerbin
264537,省烟草公司家属楼,哈尔滨,南岗,光芒街,2003,小高层,光芒街32号,126.653469,45.74727926,1.0,20.0,,134,公寓住宅,民用,7.8,12,0.0,8348.0,Heilongjiang,Haerbin,Nangang,Heilongjiang-Haerbin
264536,光芒街63号院,哈尔滨,南岗,光芒街,1990,小高层,光芒街63号,126.6489882,45.75107642,1.0,20.0,,56,公寓住宅,民用,8.1,12,0.0,10473.0,Heilongjiang,Haerbin,Nangang,Heilongjiang-Haerbin
264535,雨阳街3-11号小区,哈尔滨,南岗,光芒街,2001,多层,雨阳街3-11号,126.6517624,45.74748031,1.0,30.0,,255,公寓住宅,民用,8.2,12,0.0,9530.0,Heilongjiang,Haerbin,Nangang,Heilongjiang-Haerbin
264534,"光芒街小区(光芒街48号-60号(双号),革新街101号)",哈尔滨,南岗,光芒街,1988,多层,"光芒街48号-60号(双号),革新街101号",126.6508535,45.74916904,1.0,20.0,,321,公寓住宅,民用,7.9,12,0.0,8677.0,Heilongjiang,Haerbin,Nangang,Heilongjiang-Haerbin
264533,光芒街21号院,哈尔滨,南岗,光芒街,1983,多层,光芒街21号,126.653427,45.74752639,1.0,20.0,,90,公寓住宅,民用,7.8,12,0.0,9573.0,Heilongjiang,Haerbin,Nangang,Heilongjiang-Haerbin
264532,光芒街75号院,哈尔滨,南岗,光芒街,1990,小高层,光芒街75号,126.6484937,45.75171365,1.0,20.0,,180,公寓住宅,民用,8.4,12,0.0,9423.0,Heilongjiang,Haerbin,Nangang,Heilongjiang-Haerbin
264518,省粮食学校家属院,哈尔滨,南岗,汉广街,2000,小高层,和兴三道街91号,126.6025247,45.7291767,1.0,30.0,,567,公寓住宅,民用,7.8,12,0.0,8636.0,Heilongjiang,Haerbin,Nangang,Heilongjiang-Haerbin
264539,"文教街小区(文教街76号-122号(双号),巴陵街54号-64号(双号),分部街35号-39号(单号),革新街19号-27号(单号))",哈尔滨,南岗,分部街,1994,小高层,"文教街76号-122号(双号),巴陵街54号-64号(双号),分部街35号-39号(单号),革新街19号-27号(单号)",126.6565093,45.75275451,1.0,20.0,,1238,公寓住宅,民用,7.8,12,0.0,9666.0,Heilongjiang,Haerbin,Nangang,Heilongjiang-Haerbin
264517,炉具胡同10号小区,哈尔滨,南岗,汉广街,2000,多层,炉具胡同10号,126.6061365,45.72359748,1.0,30.0,,370,公寓住宅,民用,8.0,12,0.0,8000.0,Heilongjiang,Haerbin,Nangang,Heilongjiang-Haerbin
264515,贵新街15号小区,哈尔滨,南岗,汉广街,2002,小高层,贵新街15号,126.621765,45.73889853,1.0,30.0,,54,公寓住宅,民用,7.8,12,0.0,12506.0,Heilongjiang,Haerbin,Nangang,Heilongjiang-Haerbin
264514,和兴路108号小区,哈尔滨,南岗,汉广街,1996,小高层,和兴路108号,126.6113663,45.72986354,,20.0,,212,公寓住宅,民用,7.7,12,0.0,13500.0,Heilongjiang,Haerbin,Nangang,Heilongjiang-Haerbin
264513,松明街38号小区,哈尔滨,南岗,汉广街,1991,小高层,松明街38号,126.6155118,45.73521515,1.0,20.0,,102,公寓住宅,民用,7.6,12,0.0,10327.0,Heilongjiang,Haerbin,Nangang,Heilongjiang-Haerbin
264512,一工具自管庭院,哈尔滨,南岗,汉广街,1991,多层,汉祥街39号,126.6176683,45.73639897,1.0,20.0,,153,公寓住宅,民用,7.5,12,0.0,7882.0,Heilongjiang,Haerbin,Nangang,Heilongjiang-Haerbin
264511,通达街46号小区,哈尔滨,南岗,汉广街,1991,小高层,通达街46号,126.6157081,45.73542152,1.0,20.0,,63,公寓住宅,民用,7.6,12,0.0,11111.0,Heilongjiang,Haerbin,Nangang,Heilongjiang-Haerbin
264510,元和街15号小区,哈尔滨,南岗,汉广街,1991,小高层,元和街15号,126.6171979,45.73550353,1.0,20.0,,80,公寓住宅,民用,7.7,12,0.0,10752.0,Heilongjiang,Haerbin,Nangang,Heilongjiang-Haerbin
264509,新七政小区,哈尔滨,南岗,汉广街,1991,小高层,七政街31号,126.6201651,45.7313063,1.0,20.0,,138,公寓住宅,民用,7.6,12,0.0,7818.0,Heilongjiang,Haerbin,Nangang,Heilongjiang-Haerbin
264508,"通达街小区(通达街81号,107号)",哈尔滨,南岗,汉广街,2000,小高层,"通达街81号,107号",126.6142297,45.73682273,1.0,30.0,,124,公寓住宅,民用,8.0,12,0.0,10365.0,Heilongjiang,Haerbin,Nangang,Heilongjiang-Haerbin
264516,元和街37号小区,哈尔滨,南岗,汉广街,1991,小高层,元和街37号,126.6152083,45.73386893,1.0,20.0,,32,公寓住宅,民用,7.6,12,0.0,12545.0,Heilongjiang,Haerbin,Nangang,Heilongjiang-Haerbin
264540,巴山街小区,哈尔滨,南岗,分部街,1982,小高层,"分部街20号-34号(双号),巴山街24号-38号(双号),黑山街25号,国庆街11号,13号",126.6578243,45.7494574,1.0,20.0,,901,公寓住宅,民用,7.9,12,0.0,9343.0,Heilongjiang,Haerbin,Nangang,Heilongjiang-Haerbin
264541,"平公街小区(宣化街225号,平公街57-59号)",哈尔滨,南岗,分部街,1991,小高层,"宣化街225号,平公街57-59号",126.6630362,45.75549244,1.0,20.0,,330,公寓住宅,民用,7.8,12,0.0,9972.0,Heilongjiang,Haerbin,Nangang,Heilongjiang-Haerbin
264542,平公街小区(平公街64号-92号(双号)),哈尔滨,南岗,分部街,1991,小高层,平公街64号-92号(双号),126.6637795,45.75475861,1.0,20.0,,486,公寓住宅,民用,7.7,12,0.0,8461.0,Heilongjiang,Haerbin,Nangang,Heilongjiang-Haerbin
264578,拉林新村,哈尔滨,开发区,闽江,2004,多层,闽江路175号,126.6923675,45.74591915,1.0,20.0,,1231,公寓住宅,民用,8.6,12,-0.85,10795.0,Heilongjiang,Haerbin,Nangang,Heilongjiang-Haerbin
264577,泰山小区,哈尔滨,开发区,闽江,2002,小高层,泰山路143号,126.699886,45.74316652,1.0,30.0,,2126,公寓住宅,民用,8.2,12,-0.01,11166.0,Heilongjiang,Haerbin,Nangang,Heilongjiang-Haerbin
264576,红星名苑(东区),哈尔滨,开发区,鸿翔路,2003,低层,宣化街87号,126.661932,45.7472595,1.0,35.0,,0,别墅,民用,8.2,12,0.0,13233.0,Heilongjiang,Haerbin,Nangang,Heilongjiang-Haerbin
264575,平明街2号小区,哈尔滨,开发区,鸿翔路,1991,小高层,平明街2号,126.666003,45.74741478,1.0,20.0,,213,公寓住宅,民用,8.0,12,0.0,7342.0,Heilongjiang,Haerbin,Nangang,Heilongjiang-Haerbin
264574,赣水路小区,哈尔滨,开发区,鸿翔路,2015,低层,赣水路,126.6670729,45.74114442,,50.0,,16,公寓住宅,民用,8.0,12,0.0,12000.0,Heilongjiang,Haerbin,Nangang,Heilongjiang-Haerbin
264573,宣信街12号小区,哈尔滨,开发区,鸿翔路,1991,小高层,宣信街12号,126.6670505,45.747727,1.0,20.0,,141,公寓住宅,民用,7.9,12,0.0,9657.0,Heilongjiang,Haerbin,Nangang,Heilongjiang-Haerbin
264555,分部片住宅楼,哈尔滨,南岗,分部街,1993,多层|小高层,比乐街93号,126.6539793,45.75478075,1.0,20.0,,78,公寓住宅,民用,8.0,12,0.0,8653.0,Heilongjiang,Haerbin,Nangang,Heilongjiang-Haerbin
264554,"分部街小区(分部街86号,92号,98号-102号(双号),112号-114号(双号),120号)",哈尔滨,南岗,分部街,1985,多层,"分部街86号,92号,98号-102号(双号),112号-114号(双号),120号",126.6524203,45.75388262,1.0,20.0,,136,公寓住宅,民用,7.8,12,0.0,9153.0,Heilongjiang,Haerbin,Nangang,Heilongjiang-Haerbin
264553,曲线街小区(曲线街66号-70号(双号)),哈尔滨,南岗,分部街,1996,小高层,曲线街66号-70号(双号),126.6183239,45.74321362,1.0,20.0,,0,公寓住宅,民用,8.3,12,0.0,8500.0,Heilongjiang,Haerbin,Nangang,Heilongjiang-Haerbin
264552,光芒街44号小区,哈尔滨,南岗,分部街,1991,小高层,光芒街44号,126.6518529,45.74848059,1.0,20.0,,48,公寓住宅,民用,7.7,12,0.0,9777.0,Heilongjiang,Haerbin,Nangang,Heilongjiang-Haerbin
264551,光芒街31号小区,哈尔滨,南岗,分部街,1991,小高层,光芒街31号,126.6525915,45.74840745,1.0,20.0,,54,公寓住宅,民用,7.5,12,0.0,7938.0,Heilongjiang,Haerbin,Nangang,Heilongjiang-Haerbin
264550,芦家街52-54号小区,哈尔滨,南岗,分部街,1991,小高层,"芦家街52号,54号",126.663184,45.75371409,1.0,20.0,,42,公寓住宅,民用,7.3,12,0.0,9086.0,Heilongjiang,Haerbin,Nangang,Heilongjiang-Haerbin
264549,文教街8-22号小区,哈尔滨,南岗,分部街,1999,小高层,"文教街8号,22号",126.6606599,45.74943818,1.0,20.0,,105,公寓住宅,民用,7.6,12,0.0,10651.0,Heilongjiang,Haerbin,Nangang,Heilongjiang-Haerbin
264548,"文教街小区(文教街32号-52号(双号),巴山街14号,22号,分部街15号,21号,国庆街1号,7号)",哈尔滨,南岗,分部街,1986,小高层,"文教街32号-52号(双号),巴山街14号,22号,分部街15号,21号,国庆街1号,7号",126.6587001,45.75050702,,20.0,,541,公寓住宅,民用,7.7,12,0.0,9600.0,Heilongjiang,Haerbin,Nangang,Heilongjiang-Haerbin
264547,"分部街小区(分部街4号-18号(双号),国庆街14号-28号(双号),黑山街11号-19号(单号))",哈尔滨,南岗,分部街,1985,小高层,"分部街4号-18号(双号),国庆街14号-28号(双号),黑山街11号-19号(单号)",126.6584266,45.74902445,,20.0,,651,公寓住宅,民用,7.3,12,0.0,9833.0,Heilongjiang,Haerbin,Nangang,Heilongjiang-Haerbin
264546,"国庆街小区(国庆街2号-8号(双号),文教街8号,26号,分部街7-1号)",哈尔滨,南岗,分部街,1990,多层,"国庆街2号-8号(双号),文教街8号,26号,分部街7-1号",126.6565871,45.75274914,1.0,20.0,,248,公寓住宅,民用,8.0,12,0.0,8280.0,Heilongjiang,Haerbin,Nangang,Heilongjiang-Haerbin
264545,"十字街小区(宣威街33号,35号,十字街32号,34号)",哈尔滨,南岗,分部街,1991,小高层,"宣威街33号,35号,十字街32号,34号",126.6643107,45.75308857,1.0,20.0,,352,公寓住宅,民用,7.7,12,0.0,9365.0,Heilongjiang,Haerbin,Nangang,Heilongjiang-Haerbin
264544,宣化街187号小区,哈尔滨,南岗,分部街,1998,小高层,宣化街187号,126.6621647,45.75343201,1.0,20.0,,84,公寓住宅,民用,7.9,12,0.0,9482.0,Heilongjiang,Haerbin,Nangang,Heilongjiang-Haerbin
264543,士课街16号小区,哈尔滨,南岗,分部街,2002,多层,"士课街16,28号",126.6543674,45.7476696,1.0,30.0,,183,公寓住宅,民用,7.8,12,0.0,11376.0,Heilongjiang,Haerbin,Nangang,Heilongjiang-Haerbin
264580,闽江小区(二期东区),哈尔滨,开发区,闽江,2007,多层,闽江路,126.6981014,45.74542864,1.0,20.0,,625,公寓住宅,民用,8.2,12,-0.4,9585.0,Heilongjiang,Haerbin,Nangang,Heilongjiang-Haerbin
262813,清明头道街2号小区,哈尔滨,南岗,复华小区,2000,小高层,清明头道街2号,126.6106285,45.74001325,1.0,30.0,,88,公寓住宅,民用,7.8,12,0.0,8947.0,Heilongjiang,Haerbin,Nangang,Heilongjiang-Haerbin
264366,"公司街小区(公司街107号,109号)",哈尔滨,南岗,公司街,1991,小高层,"公司街107号,109号",126.630676,45.75112647,1.0,20.0,,296,公寓住宅,民用,8.2,12,0.0,13066.0,Heilongjiang,Haerbin,Nangang,Heilongjiang-Haerbin
264367,民益街123号小区,哈尔滨,南岗,公司街,1991,小高层,民益街123号,126.630192,45.75609383,1.0,20.0,,0,公寓住宅,民用,8.5,12,0.0,8620.0,Heilongjiang,Haerbin,Nangang,Heilongjiang-Haerbin
269284,绿色新城(东区),哈尔滨,平房,南厂,2010,多层,建安头道街,126.654933,45.5795451,1.0,30.0,,1157,公寓住宅,民用,7.4,12,1.36,6779.0,Heilongjiang,Haerbin,Pingfang,Heilongjiang-Haerbin
269293,东方小区(A区),哈尔滨,平房,南厂,2002,小高层,"向东街,近联谊街 ",126.6746175,45.58609825,1.0,30.0,,2767,公寓住宅,民用,7.0,12,0.82,5447.0,Heilongjiang,Haerbin,Pingfang,Heilongjiang-Haerbin
269292,东方小区(B区),哈尔滨,平房,南厂,2003,小高层,向东街43-2号,126.6771131,45.58772591,1.0,30.0,,1060,公寓住宅,民用,6.9,12,2.19,5420.0,Heilongjiang,Haerbin,Pingfang,Heilongjiang-Haerbin
269291,东安名苑,哈尔滨,平房,南厂,1993,多层|小高层,"友协大街,近卫健二道街",126.6599685,45.58715488,1.0,20.0,,1189,公寓住宅,民用,7.2,12,-0.41,7842.0,Heilongjiang,Haerbin,Pingfang,Heilongjiang-Haerbin
269289,自建小区,哈尔滨,平房,南厂,2002,多层|高层,"卫建头道街,近新国街",126.6613095,45.58383234,1.0,30.0,,2320,公寓住宅,民用,7.6,12,-0.34,6405.0,Heilongjiang,Haerbin,Pingfang,Heilongjiang-Haerbin
269286,南秀小区,哈尔滨,平房,南厂,2014,多层,卫健三道街14-1号,126.66129,45.58187515,1.0,30.0,,669,公寓住宅,民用,7.5,12,0.0,6551.0,Heilongjiang,Haerbin,Pingfang,Heilongjiang-Haerbin
269287,万达华府(平房),哈尔滨,平房,南厂,2019,高层,"哈南第十大道,近哈南十一路",126.6088219,45.56998172,,22.0,909500.0,4351,公寓住宅,民用,7.1,12,-0.25,8311.0,Heilongjiang,Haerbin,Pingfang,Heilongjiang-Haerbin
269285,东升家园(二期),哈尔滨,平房,南厂,2000,小高层,东升街12-6号,126.6684565,45.58687257,1.0,25.95,,1284,公寓住宅,民用,7.6,12,-0.2,7524.0,Heilongjiang,Haerbin,Pingfang,Heilongjiang-Haerbin
269294,文锦小区,哈尔滨,平房,南厂,1997,多层,联盟大街25号,126.6705767,45.58860447,1.0,20.0,,2436,公寓住宅,民用,7.2,12,0.0,5633.0,Heilongjiang,Haerbin,Pingfang,Heilongjiang-Haerbin
269283,南城名苑,哈尔滨,平房,南厂,2012,多层,建安四道街33号,126.6483581,45.58029178,1.0,33.0,,952,公寓住宅,民用,7.5,12,0.0,6805.0,Heilongjiang,Haerbin,Pingfang,Heilongjiang-Haerbin
269288,绿色新城(西区),哈尔滨,平房,南厂,2010,多层,南城十一路,126.6523381,45.58005721,1.0,30.0,,935,公寓住宅,民用,7.5,12,-0.31,6877.0,Heilongjiang,Haerbin,Pingfang,Heilongjiang-Haerbin
269295,绿色新城二期嘉苑,哈尔滨,平房,南厂,2010,小高层,"哈南第二大道,近南城十一路",126.6549541,45.57776812,,30.0,,671,公寓住宅,民用,7.4,12,0.23,7760.0,Heilongjiang,Haerbin,Pingfang,Heilongjiang-Haerbin
269307,黑龙江东方学院校青年教师公寓,哈尔滨,平房,南厂,1998,高层,哈南第二大道,126.6547836,45.57588266,,20.0,,90,公寓住宅,民用,7.1,12,0.0,5098.0,Heilongjiang,Haerbin,Pingfang,Heilongjiang-Haerbin
269297,碧桂园欧洲城(别墅),哈尔滨,平房,南厂,2016,低层,"哈南十一路,近南城五路",126.6134833,45.55944124,,35.0,,58,别墅,民用,6.7,12,0.0,12900.0,Heilongjiang,Haerbin,Pingfang,Heilongjiang-Haerbin
269298,东安老区朝小小区,哈尔滨,平房,南厂,2000,小高层,保国五道街9号,126.6657394,45.58538896,1.0,30.0,,216,公寓住宅,民用,7.5,12,0.0,5357.0,Heilongjiang,Haerbin,Pingfang,Heilongjiang-Haerbin
269299,东昇家园,哈尔滨,平房,南厂,1999,高层,集智街30号,126.6672882,45.58905196,,20.0,,1943,公寓住宅,民用,7.3,12,0.0,7529.0,Heilongjiang,Haerbin,Pingfang,Heilongjiang-Haerbin
269300,平房法院家属楼,哈尔滨,平房,南厂,1998,多层,保国大街12-1号,126.6661712,45.58415673,1.0,20.0,,182,公寓住宅,民用,7.5,12,0.0,5953.0,Heilongjiang,Haerbin,Pingfang,Heilongjiang-Haerbin
269301,保国公寓,哈尔滨,平房,南厂,2002,小高层,保国大街1号,126.6670709,45.58485784,1.0,30.0,,0,公寓住宅,民用,7.5,12,0.0,7636.0,Heilongjiang,Haerbin,Pingfang,Heilongjiang-Haerbin
269302,联盟大街11号小区,哈尔滨,平房,南厂,1999,多层,联盟大街11号,126.6716102,45.59080398,1.0,20.0,,560,公寓住宅,民用,7.1,12,0.0,5000.0,Heilongjiang,Haerbin,Pingfang,Heilongjiang-Haerbin
269306,保国六道街3号小区,哈尔滨,平房,南厂,2002,低层,保国六道街3号,126.6652214,45.58887776,,30.0,,84,公寓住宅,民用,6.9,12,0.0,6000.0,Heilongjiang,Haerbin,Pingfang,Heilongjiang-Haerbin
269308,保国大街副14号小区,哈尔滨,平房,南厂,2002,小高层,保国大街副14号,126.6661757,45.5846726,1.0,30.0,,0,公寓住宅,民用,7.1,12,0.0,6332.0,Heilongjiang,Haerbin,Pingfang,Heilongjiang-Haerbin
269309,联谊佳园,哈尔滨,平房,南厂,2005,多层,联盟大街85号,126.6726145,45.58318209,,30.0,,885,公寓住宅,民用,7.2,12,-0.08,5669.0,Heilongjiang,Haerbin,Pingfang,Heilongjiang-Haerbin
269310,友协大街24号小区,哈尔滨,平房,南厂,1997,多层,友协大街24号,126.6596362,45.58600792,1.0,20.0,,540,公寓住宅,民用,6.9,12,0.0,7289.0,Heilongjiang,Haerbin,Pingfang,Heilongjiang-Haerbin
269282,卫国小区,哈尔滨,平房,南厂,2017,多层,卫健街9号,126.6643357,45.58462967,1.0,30.0,,954,公寓住宅,民用,7.8,12,0.5,7362.0,Heilongjiang,Haerbin,Pingfang,Heilongjiang-Haerbin
269167,金色嘉园,哈尔滨,平房,北厂,2003,多层,建文街19号,126.6364947,45.60462781,1.0,26.0,,898,公寓住宅,民用,7.7,12,-2.08,6779.0,Heilongjiang,Haerbin,Pingfang,Heilongjiang-Haerbin
269296,东安家属楼,哈尔滨,平房,南厂,1998,多层,保国七道街,126.6621848,45.58918985,1.0,20.0,,5865,公寓住宅,民用,7.4,12,0.0,5900.0,Heilongjiang,Haerbin,Pingfang,Heilongjiang-Haerbin
269281,东升家园(一期),哈尔滨,平房,南厂,2000,多层|高层,保国十道街1号,126.6666013,45.58976678,1.0,25.95,,1936,公寓住宅,民用,7.5,12,-0.84,7252.0,Heilongjiang,Haerbin,Pingfang,Heilongjiang-Haerbin
269159,香悦蓝天下,哈尔滨,平房,北厂,2012,小高层,东海路14号,126.64539,45.60360165,1.0,30.0,,2054,公寓住宅,民用,7.6,12,0.15,8602.0,Heilongjiang,Haerbin,Pingfang,Heilongjiang-Haerbin
269279,宇光万和城,哈尔滨,平房,南厂,2013,多层,哈南十五路7号,126.6376036,45.56859712,1.0,30.0,223391.0,1704,公寓住宅,民用,7.3,12,0.41,7870.0,Heilongjiang,Haerbin,Pingfang,Heilongjiang-Haerbin
269216,青年街3号小区,哈尔滨,平房,北厂,2000,低层,青年街3号,126.6351925,45.59895542,1.0,30.0,,0,公寓住宅,民用,7.8,12,0.0,7685.0,Heilongjiang,Haerbin,Pingfang,Heilongjiang-Haerbin
269214,友协东三道街小区,哈尔滨,平房,北厂,2002,多层,友协东三道街32号,126.6338183,45.60225945,1.0,30.0,,292,公寓住宅,民用,7.6,12,0.0,6500.0,Heilongjiang,Haerbin,Pingfang,Heilongjiang-Haerbin
269212,东轻家属楼,哈尔滨,平房,北厂,2002,小高层,新平街11号,126.6121157,45.60341314,,30.0,,403,公寓住宅,民用,7.5,12,0.0,6250.0,Heilongjiang,Haerbin,Pingfang,Heilongjiang-Haerbin
269211,道路队家属楼,哈尔滨,平房,北厂,2016,小高层,兴建街69号,126.6337622,45.60829963,1.0,30.0,,252,公寓住宅,民用,7.8,12,0.0,6851.0,Heilongjiang,Haerbin,Pingfang,Heilongjiang-Haerbin
269210,贸易小区,哈尔滨,平房,北厂,2000,小高层,友协西五道街7号,126.6263661,45.60201693,1.0,30.0,,4437,公寓住宅,民用,7.4,12,0.0,7393.0,Heilongjiang,Haerbin,Pingfang,Heilongjiang-Haerbin
269209,新月街小区(新月街1001-1310号),哈尔滨,平房,北厂,2003,小高层,新月街1001-1310号,126.6229927,45.60565704,1.0,30.0,,3814,公寓住宅,民用,7.4,12,0.0,6507.0,Heilongjiang,Haerbin,Pingfang,Heilongjiang-Haerbin
269208,万米小区,哈尔滨,平房,北厂,2004,小高层,新平街12号,126.6101043,45.60351255,1.0,30.0,,2910,公寓住宅,民用,7.4,12,-1.14,6108.0,Heilongjiang,Haerbin,Pingfang,Heilongjiang-Haerbin
269207,机电嘉园,哈尔滨,平房,北厂,2006,多层,联盟大街123号,126.6628981,45.57924563,1.0,30.0,,1730,公寓住宅,民用,7.7,12,-0.4,5461.0,Heilongjiang,Haerbin,Pingfang,Heilongjiang-Haerbin
269213,新友街小区,哈尔滨,平房,北厂,1998,多层,新友街1007号,126.6202818,45.6038236,1.0,20.0,,567,公寓住宅,民用,7.3,12,0.0,6423.0,Heilongjiang,Haerbin,Pingfang,Heilongjiang-Haerbin
269206,万米丽景,哈尔滨,平房,北厂,1991,高层,新校街1号,126.6091858,45.59936068,1.0,20.0,,206,公寓住宅,民用,7.6,12,0.0,6767.0,Heilongjiang,Haerbin,Pingfang,Heilongjiang-Haerbin
269239,友协西五道街1号,哈尔滨,平房,北厂,2002,小高层,友协西五道街1号,126.6254063,45.60249993,1.0,30.0,,0,公寓住宅,民用,7.3,12,0.0,6435.0,Heilongjiang,Haerbin,Pingfang,Heilongjiang-Haerbin
269238,通建街8号小区,哈尔滨,平房,北厂,2000,高层,通建街8号,126.6372302,45.59877198,1.0,30.0,,0,公寓住宅,民用,7.3,12,0.0,7738.0,Heilongjiang,Haerbin,Pingfang,Heilongjiang-Haerbin
269237,新疆大街280号小区,哈尔滨,平房,北厂,2000,小高层,新疆大街280号,126.6207196,45.60152311,1.0,30.0,,120,公寓住宅,民用,7.3,12,0.0,7236.0,Heilongjiang,Haerbin,Pingfang,Heilongjiang-Haerbin
269236,临平街5号小区,哈尔滨,平房,北厂,2000,多层,临平街5号,126.6122092,45.60064505,1.0,30.0,,0,公寓住宅,民用,7.2,12,0.0,7000.0,Heilongjiang,Haerbin,Pingfang,Heilongjiang-Haerbin
269235,青年街14号小区,哈尔滨,平房,北厂,2004,小高层,青年街14号,126.634808,45.59874459,1.0,30.0,,63,公寓住宅,民用,7.4,12,0.0,6741.0,Heilongjiang,Haerbin,Pingfang,Heilongjiang-Haerbin
269234,新达街1-1号楼,哈尔滨,平房,北厂,2000,多层,新达街,126.6110379,45.59924671,,30.0,,56,公寓住宅,民用,7.0,12,0.0,5800.0,Heilongjiang,Haerbin,Pingfang,Heilongjiang-Haerbin
269240,哈飞住宅,哈尔滨,平房,北厂,2000,多层,通宾街6-19号,126.6318476,45.59861867,1.0,30.0,,1952,公寓住宅,民用,7.2,12,0.0,7400.0,Heilongjiang,Haerbin,Pingfang,Heilongjiang-Haerbin
269205,中天富城,哈尔滨,平房,北厂,2012,多层|高层,新疆大街第366号,126.6136537,45.5970935,1.0,44.0,,2614,公寓住宅,民用,7.6,12,-0.43,8929.0,Heilongjiang,Haerbin,Pingfang,Heilongjiang-Haerbin
269202,新疆大街51号小区,哈尔滨,平房,北厂,2007,小高层,新疆大街51号,126.6287388,45.60538697,1.0,30.0,,189,公寓住宅,民用,8.0,12,0.0,8482.0,Heilongjiang,Haerbin,Pingfang,Heilongjiang-Haerbin
269182,飞龙大院,哈尔滨,平房,北厂,1991,小高层,新疆大街318号,126.617097,45.60023339,1.0,20.0,,888,公寓住宅,民用,7.0,12,0.0,7411.0,Heilongjiang,Haerbin,Pingfang,Heilongjiang-Haerbin
269181,新月街1309楼,哈尔滨,平房,北厂,2002,小高层,新月街1号,126.6243685,45.60635984,1.0,30.0,,129,公寓住宅,民用,7.3,12,0.0,6509.0,Heilongjiang,Haerbin,Pingfang,Heilongjiang-Haerbin
269180,天丽园小区,哈尔滨,平房,北厂,2001,小高层,新疆大街18-22号,126.6340107,45.60584393,1.0,32.84,,222,公寓住宅,民用,7.7,12,0.0,5680.0,Heilongjiang,Haerbin,Pingfang,Heilongjiang-Haerbin
269179,上海新村,哈尔滨,平房,北厂,1993,多层|小高层,新疆大街8-2号,126.6279154,45.60781925,1.0,20.0,,1764,公寓住宅,民用,7.6,12,0.22,6774.0,Heilongjiang,Haerbin,Pingfang,Heilongjiang-Haerbin
269178,友谊家园(平房),哈尔滨,平房,北厂,2005,多层|高层,新疆大街135号,126.6196953,45.60231261,1.0,30.0,,648,公寓住宅,民用,7.6,12,0.0,9519.0,Heilongjiang,Haerbin,Pingfang,Heilongjiang-Haerbin
269176,新祥里小区,哈尔滨,平房,北厂,1996,小高层,新疆大街副97号,126.6255596,45.60454446,1.0,36.0,,2422,公寓住宅,民用,7.6,12,0.45,6781.0,Heilongjiang,Haerbin,Pingfang,Heilongjiang-Haerbin
269183,新月街小区(新月街28号-64号(双号)),哈尔滨,平房,北厂,2000,小高层,新月街28号-64号(双号),126.6237548,45.60573937,1.0,30.0,,441,公寓住宅,民用,7.3,12,0.0,7508.0,Heilongjiang,Haerbin,Pingfang,Heilongjiang-Haerbin
269175,东轻家园,哈尔滨,平房,北厂,2010,多层|高层,新疆三道街31-33号,126.6142311,45.60461151,1.0,42.0,,1653,公寓住宅,民用,7.6,12,-0.3,6490.0,Heilongjiang,Haerbin,Pingfang,Heilongjiang-Haerbin
269173,新疆三道街1206楼,哈尔滨,平房,北厂,2000,小高层,新友街27-2号,126.6218454,45.60534852,1.0,30.0,,98,公寓住宅,民用,7.3,12,0.0,5181.0,Heilongjiang,Haerbin,Pingfang,Heilongjiang-Haerbin
269172,兴建小区B区,哈尔滨,平房,北厂,2002,小高层,"建文街,近通建街",126.6375241,45.60060777,1.0,20.0,,2139,公寓住宅,民用,7.7,12,-1.75,8134.0,Heilongjiang,Haerbin,Pingfang,Heilongjiang-Haerbin
269171,宝融福园,哈尔滨,平房,北厂,2000,多层|小高层,兴建街68号,126.6350478,45.60415431,1.0,35.0,,1006,公寓住宅,民用,7.9,12,-0.37,7368.0,Heilongjiang,Haerbin,Pingfang,Heilongjiang-Haerbin
269170,建文小区,哈尔滨,平房,北厂,1996,小高层,洪镜街37号,126.6205257,45.60033931,1.0,45.0,,981,公寓住宅,民用,7.7,12,0.38,7064.0,Heilongjiang,Haerbin,Pingfang,Heilongjiang-Haerbin
269169,百利小区(南区),哈尔滨,平房,北厂,2004,多层,"公社大街,近友协西头道街",126.6267019,45.59602224,1.0,30.0,,1627,公寓住宅,民用,7.6,12,0.31,6745.0,Heilongjiang,Haerbin,Pingfang,Heilongjiang-Haerbin
269168,东平小区,哈尔滨,平房,北厂,1995,多层,新疆大街55号,126.629266,45.6036452,1.0,20.0,,2193,公寓住宅,民用,7.6,12,-1.23,7638.0,Heilongjiang,Haerbin,Pingfang,Heilongjiang-Haerbin
269174,百利小区(北区),哈尔滨,平房,北厂,2008,小高层,建文三道街20号,126.6256745,45.59776038,1.0,30.0,,1884,公寓住宅,民用,7.5,12,-0.28,6687.0,Heilongjiang,Haerbin,Pingfang,Heilongjiang-Haerbin
269203,青年街25号小区,哈尔滨,平房,北厂,1999,多层,青年街25号,126.632831,45.60296033,1.0,20.0,,381,公寓住宅,民用,7.4,12,0.0,7170.0,Heilongjiang,Haerbin,Pingfang,Heilongjiang-Haerbin
269184,哈飞实业公司小区,哈尔滨,平房,北厂,2000,多层,"建文街,近机装街",126.6191127,45.59707925,1.0,30.0,,1195,公寓住宅,民用,7.6,12,0.0,7508.0,Heilongjiang,Haerbin,Pingfang,Heilongjiang-Haerbin
269186,空军大院,哈尔滨,平房,北厂,1986,小高层,新疆大街副336号,126.6169174,45.60030921,1.0,20.0,,1117,公寓住宅,民用,7.3,12,0.0,5614.0,Heilongjiang,Haerbin,Pingfang,Heilongjiang-Haerbin
269201,公社大街小区(公社大街323号-325号),哈尔滨,平房,北厂,2000,小高层,公社大街323号-325号,126.6242639,45.60054481,1.0,30.0,,288,公寓住宅,民用,7.4,12,0.0,6923.0,Heilongjiang,Haerbin,Pingfang,Heilongjiang-Haerbin
269200,友协大街318号小区,哈尔滨,平房,北厂,2002,小高层,友协大街318号,126.6269157,45.60323493,1.0,30.0,,114,公寓住宅,民用,7.7,12,0.0,8271.0,Heilongjiang,Haerbin,Pingfang,Heilongjiang-Haerbin
269199,新友街010楼,哈尔滨,平房,北厂,2002,小高层,新友街10号,126.620109,45.60326249,1.0,30.0,,126,公寓住宅,民用,7.9,12,0.0,6363.0,Heilongjiang,Haerbin,Pingfang,Heilongjiang-Haerbin
269198,工商银行新疆大街支行家属路,哈尔滨,平房,北厂,2006,多层,新疆大街276号,126.6213875,45.60168654,1.0,30.0,,452,公寓住宅,民用,8.0,12,0.0,8095.0,Heilongjiang,Haerbin,Pingfang,Heilongjiang-Haerbin
269197,新疆三道街1301-1304楼,哈尔滨,平房,北厂,2000,小高层,新疆三道街2-4号,126.6231848,45.60680349,1.0,30.0,,217,公寓住宅,民用,7.6,12,0.0,4187.0,Heilongjiang,Haerbin,Pingfang,Heilongjiang-Haerbin
269196,新银街9号小区,哈尔滨,平房,北厂,1998,小高层,新银街9号,126.6227204,45.60096368,1.0,20.0,,30,公寓住宅,民用,7.4,12,0.0,6133.0,Heilongjiang,Haerbin,Pingfang,Heilongjiang-Haerbin
269185,新平街18号小区,哈尔滨,平房,北厂,2002,小高层,新平街18号,126.6102811,45.60536875,1.0,30.0,,170,公寓住宅,民用,7.1,12,0.0,7166.0,Heilongjiang,Haerbin,Pingfang,Heilongjiang-Haerbin
269194,青年小区,哈尔滨,平房,北厂,1999,多层,青年街31号,126.6321834,45.60413337,1.0,20.0,,1000,公寓住宅,民用,7.7,12,5.07,6628.0,Heilongjiang,Haerbin,Pingfang,Heilongjiang-Haerbin
269192,君策上河东郡,哈尔滨,平房,北厂,2011,高层,建文街111号,126.6199756,45.59947636,1.0,20.0,,708,公寓住宅,民用,7.6,12,0.0,8219.0,Heilongjiang,Haerbin,Pingfang,Heilongjiang-Haerbin
269191,百利小区阳光家园,哈尔滨,平房,北厂,2010,多层|小高层,"友协西头道街,近谷丰登街",126.6246796,45.59591956,1.0,30.0,,336,公寓住宅,民用,7.7,12,0.0,6732.0,Heilongjiang,Haerbin,Pingfang,Heilongjiang-Haerbin
269190,兴建小区和平家园,哈尔滨,平房,北厂,2002,多层|小高层,兴建街58号,126.6361834,45.60243849,1.0,20.0,,669,公寓住宅,民用,7.7,12,-0.04,7502.0,Heilongjiang,Haerbin,Pingfang,Heilongjiang-Haerbin
269189,兴建小区乐平家园,哈尔滨,平房,北厂,2002,多层|高层,建文街7号,126.6378286,45.60306534,1.0,20.0,,537,公寓住宅,民用,7.6,12,0.0,7535.0,Heilongjiang,Haerbin,Pingfang,Heilongjiang-Haerbin
269188,兴建小区(A区),哈尔滨,平房,北厂,2002,多层,兴建街17号,126.6388548,45.60116202,1.0,20.0,,1822,公寓住宅,民用,7.7,12,-0.02,6875.0,Heilongjiang,Haerbin,Pingfang,Heilongjiang-Haerbin
269187,和苑(二期),哈尔滨,平房,北厂,2013,高层,"建文街,近机装街",126.618792,45.59788315,1.0,30.0,,2246,公寓住宅,民用,7.6,12,0.0,9273.0,Heilongjiang,Haerbin,Pingfang,Heilongjiang-Haerbin
269193,上河西郡,哈尔滨,平房,北厂,2008,小高层,新疆大街212号,126.6189352,45.5987827,1.0,20.0,,706,公寓住宅,民用,7.5,12,0.0,8814.0,Heilongjiang,Haerbin,Pingfang,Heilongjiang-Haerbin
269280,建安小区,哈尔滨,平房,南厂,1993,多层|小高层,建安街二道街,126.6521723,45.58301987,1.0,20.0,,6235,公寓住宅,民用,7.2,12,-0.61,5943.0,Heilongjiang,Haerbin,Pingfang,Heilongjiang-Haerbin
269243,友协大街小区(友协大街214号-224号(双号)),哈尔滨,平房,北厂,1997,小高层,友协大街214号-224号(双号),126.6245648,45.60720741,1.0,20.0,,154,公寓住宅,民用,7.1,12,0.0,6693.0,Heilongjiang,Haerbin,Pingfang,Heilongjiang-Haerbin
269166,建平小区,哈尔滨,平房,北厂,2007,多层|高层,通建街,126.6349734,45.60058879,1.0,30.0,,1072,公寓住宅,民用,7.4,12,-0.54,8161.0,Heilongjiang,Haerbin,Pingfang,Heilongjiang-Haerbin
269165,宜居新家园,哈尔滨,平房,北厂,2000,多层|高层,机装街15号,126.6213832,45.59796292,1.0,31.0,,1514,公寓住宅,民用,7.6,12,1.37,7465.0,Heilongjiang,Haerbin,Pingfang,Heilongjiang-Haerbin
269164,东实碧水湾,哈尔滨,平房,北厂,2013,多层|小高层,新平街60号,126.6087076,45.6054495,1.0,30.0,259685.0,3447,公寓住宅,民用,7.5,12,-0.41,7772.0,Heilongjiang,Haerbin,Pingfang,Heilongjiang-Haerbin
269163,兴建小区会宾家园,哈尔滨,平房,北厂,2002,多层|高层,会宾路18号,126.6417889,45.60189642,1.0,20.0,,1456,公寓住宅,民用,7.7,12,-0.6,6646.0,Heilongjiang,Haerbin,Pingfang,Heilongjiang-Haerbin
269162,北厂花园小区,哈尔滨,平房,北厂,1998,多层,友协大街108号,126.6281403,45.59764882,1.0,20.0,,3885,公寓住宅,民用,7.4,12,0.0,6765.0,Heilongjiang,Haerbin,Pingfang,Heilongjiang-Haerbin
269161,南城明珠,哈尔滨,平房,北厂,2014,多层,"哈南五路,近普惠大道",126.6010205,45.59015477,1.0,30.0,,2444,公寓住宅,民用,7.3,12,0.01,7195.0,Heilongjiang,Haerbin,Pingfang,Heilongjiang-Haerbin
269160,哈飞家园,哈尔滨,平房,北厂,2008,小高层|高层,"通宾街,近大连路",126.6458045,45.60255746,1.0,30.0,,2275,公寓住宅,民用,7.6,12,0.01,8084.0,Heilongjiang,Haerbin,Pingfang,Heilongjiang-Haerbin
269158,南城首府,哈尔滨,平房,北厂,2012,多层|小高层,滨河大道2号,126.6051458,45.59452705,1.0,30.0,,3999,公寓住宅,民用,7.4,12,0.12,7302.0,Heilongjiang,Haerbin,Pingfang,Heilongjiang-Haerbin
269255,友协四道街小区,哈尔滨,平房,北厂,1997,多层,友协四道街,126.6269247,45.60052056,1.0,20.0,,158,公寓住宅,民用,7.4,12,0.0,6622.0,Heilongjiang,Haerbin,Pingfang,Heilongjiang-Haerbin
269241,242医院家属楼,哈尔滨,平房,北厂,2014,多层,卫健街2号,126.662856,45.58336101,1.0,30.0,,136,公寓住宅,民用,7.0,12,0.0,4722.0,Heilongjiang,Haerbin,Pingfang,Heilongjiang-Haerbin
269254,新疆大街193号小区,哈尔滨,平房,北厂,2012,小高层,新疆大街193号,126.6119653,45.59941954,1.0,30.0,,33,公寓住宅,民用,7.3,12,0.0,7781.0,Heilongjiang,Haerbin,Pingfang,Heilongjiang-Haerbin
269244,新月街2号小区,哈尔滨,平房,北厂,2000,小高层,新月街2号,126.6246996,45.60623608,1.0,30.0,,195,公寓住宅,民用,7.5,12,0.0,6843.0,Heilongjiang,Haerbin,Pingfang,Heilongjiang-Haerbin
269245,新疆三道街小区(新疆三道街13号-27号(单号)),哈尔滨,平房,北厂,2000,多层,新疆三道街13号-27号(单号),126.6170279,45.60528633,1.0,30.0,,251,公寓住宅,民用,7.2,12,0.0,4406.0,Heilongjiang,Haerbin,Pingfang,Heilongjiang-Haerbin
269246,青年街副25号小区,哈尔滨,平房,北厂,2000,小高层,青年街副25号,126.6326062,45.60271966,1.0,30.0,,308,公寓住宅,民用,7.3,12,0.0,7643.0,Heilongjiang,Haerbin,Pingfang,Heilongjiang-Haerbin
269247,公社头道街1-3号小区,哈尔滨,平房,北厂,2002,小高层,公社头道街1-3号,126.6244472,45.60056825,1.0,30.0,,99,公寓住宅,民用,7.4,12,0.0,5000.0,Heilongjiang,Haerbin,Pingfang,Heilongjiang-Haerbin
269248,新友街12号小区,哈尔滨,平房,北厂,2000,多层,新友街12号,126.6199951,45.60402226,1.0,30.0,,206,公寓住宅,民用,7.1,12,0.0,8383.0,Heilongjiang,Haerbin,Pingfang,Heilongjiang-Haerbin
269249,新疆三道街1205楼,哈尔滨,平房,北厂,2002,多层,新疆三道街,126.6217787,45.60553325,1.0,30.0,,122,公寓住宅,民用,7.0,12,0.0,8439.0,Heilongjiang,Haerbin,Pingfang,Heilongjiang-Haerbin
269250,通建街32号小区,哈尔滨,平房,北厂,2018,小高层,通建街32号,126.6362518,45.59984595,1.0,30.0,,142,公寓住宅,民用,7.5,12,0.0,5694.0,Heilongjiang,Haerbin,Pingfang,Heilongjiang-Haerbin
269251,"同心街小区(同心街4号-14号(双号),13号-27号(单号))",哈尔滨,平房,北厂,2000,小高层,"同心街4号-14号(双号),13号-27号(单号)",126.6162589,45.6019314,1.0,30.0,,327,公寓住宅,民用,7.4,12,0.0,6400.0,Heilongjiang,Haerbin,Pingfang,Heilongjiang-Haerbin
269242,新月街38号小区,哈尔滨,平房,北厂,2000,小高层,新月街38号,126.6230695,45.60525254,1.0,30.0,,168,公寓住宅,民用,7.3,12,0.0,7000.0,Heilongjiang,Haerbin,Pingfang,Heilongjiang-Haerbin
269252,新疆大街296号小区,哈尔滨,平房,北厂,2002,小高层,新疆大街296号,126.6205668,45.60160126,1.0,30.0,,77,公寓住宅,民用,7.1,12,0.0,6338.0,Heilongjiang,Haerbin,Pingfang,Heilongjiang-Haerbin
269256,友协大街140号小区,哈尔滨,平房,北厂,1995,多层,友协大街140号,126.6269735,45.60121734,1.0,20.0,,84,公寓住宅,民用,6.9,12,0.0,6693.0,Heilongjiang,Haerbin,Pingfang,Heilongjiang-Haerbin
269258,709号楼,哈尔滨,平房,北厂,1990,多层,新疆大街,126.6291458,45.6047414,1.0,20.0,,50,公寓住宅,民用,7.0,12,0.0,6896.0,Heilongjiang,Haerbin,Pingfang,Heilongjiang-Haerbin
269278,建安花园,哈尔滨,平房,南厂,2002,小高层,建安四道街副3号,126.6485848,45.58300841,1.0,30.0,,709,公寓住宅,民用,7.6,12,0.0,6799.0,Heilongjiang,Haerbin,Pingfang,Heilongjiang-Haerbin
269277,碧桂园欧洲城,哈尔滨,平房,南厂,2022,小高层,"哈南十一路,近哈南第十二大道",126.6117975,45.5592769,1.0,31.0,3970000.0,1720,公寓住宅,民用,7.3,12,-1.63,8198.0,Heilongjiang,Haerbin,Pingfang,Heilongjiang-Haerbin
269276,南郡豪庭,哈尔滨,平房,南厂,2016,小高层,建安头道街19号,126.6566532,45.58212563,1.0,36.0,311096.0,3399,公寓住宅,民用,7.8,12,0.0,10000.0,Heilongjiang,Haerbin,Pingfang,Heilongjiang-Haerbin
269275,国际花都(别墅),哈尔滨,平房,航空生态园,2014,低层,普惠大道,126.6184638,45.59030963,,35.0,,0,别墅,民用,7.2,12,0.0,7823.0,Heilongjiang,Haerbin,Pingfang,Heilongjiang-Haerbin
269274,国土资源土地局楼,哈尔滨,平房,航空生态园,1991,多层,友协大街88号,126.6364204,45.59103398,1.0,20.0,,24,公寓住宅,民用,7.0,12,0.0,6666.0,Heilongjiang,Haerbin,Pingfang,Heilongjiang-Haerbin
269257,新建小区,哈尔滨,平房,北厂,2000,小高层,兴建街6-27号,126.6400159,45.59880557,1.0,30.0,,576,公寓住宅,民用,7.1,12,0.0,7888.0,Heilongjiang,Haerbin,Pingfang,Heilongjiang-Haerbin
269269,秀水名苑(三期),哈尔滨,平房,航空生态园,2014,多层,"哈南第二大道,近南城九路",126.6448623,45.58080088,1.0,30.0,,954,公寓住宅,民用,7.7,12,0.0,6609.0,Heilongjiang,Haerbin,Pingfang,Heilongjiang-Haerbin
269267,秀水名苑(一二期),哈尔滨,平房,航空生态园,2014,高层,"哈南第二大道,近龙滨路",126.6348592,45.58037406,1.0,30.0,,2781,公寓住宅,民用,7.5,12,-0.18,6630.0,Heilongjiang,Haerbin,Pingfang,Heilongjiang-Haerbin
269266,建安花园,哈尔滨,平房,航空生态园,2002,小高层,建安四道街副3号,126.6485848,45.58300841,1.0,30.0,,709,公寓住宅,民用,7.6,12,0.0,6799.0,Heilongjiang,Haerbin,Pingfang,Heilongjiang-Haerbin
269265,碧桂园欧洲城,哈尔滨,平房,航空生态园,2022,小高层,"哈南十一路,近哈南第十二大道",126.6117975,45.5592769,1.0,31.0,3970000.0,1720,公寓住宅,民用,7.3,12,-1.63,8198.0,Heilongjiang,Haerbin,Pingfang,Heilongjiang-Haerbin
269264,绿地世纪城,哈尔滨,平房,航空生态园,2014,多层,哈南第二大道,126.6219787,45.58574629,1.0,30.0,,3292,公寓住宅,民用,7.3,12,0.0,7426.0,Heilongjiang,Haerbin,Pingfang,Heilongjiang-Haerbin
269263,新城里小区,哈尔滨,平房,航空生态园,1998,多层|高层,新城里街23号,126.6368224,45.59701962,1.0,20.0,,4877,公寓住宅,民用,7.3,12,0.02,6994.0,Heilongjiang,Haerbin,Pingfang,Heilongjiang-Haerbin
269262,国际花都(二期),哈尔滨,平房,航空生态园,2017,多层,哈南九路1号,126.6232111,45.59117665,1.0,35.0,,1154,公寓住宅,民用,7.7,12,-0.61,7975.0,Heilongjiang,Haerbin,Pingfang,Heilongjiang-Haerbin
269261,国际花都(一期),哈尔滨,平房,航空生态园,2015,多层|小高层,"哈南七路,近滨河大道",126.6191029,45.59071219,1.0,38.0,370000.0,3058,公寓住宅,民用,7.6,12,-0.54,8030.0,Heilongjiang,Haerbin,Pingfang,Heilongjiang-Haerbin
269260,玖郡,哈尔滨,平房,北厂,2020,多层,新疆西路,126.6098723,45.58672026,1.0,32.0,,566,公寓住宅,民用,7.1,12,0.0,9401.0,Heilongjiang,Haerbin,Pingfang,Heilongjiang-Haerbin
269259,顺达小区,哈尔滨,平房,北厂,1998,多层,友协大街67号,126.6270666,45.60481447,1.0,20.0,,324,公寓住宅,民用,7.2,12,0.0,7479.0,Heilongjiang,Haerbin,Pingfang,Heilongjiang-Haerbin
269268,建国小区(平房),哈尔滨,平房,航空生态园,2000,多层,建安五道街2号,126.6446663,45.58346517,1.0,30.0,,6327,公寓住宅,民用,7.7,12,0.0,9560.0,Heilongjiang,Haerbin,Pingfang,Heilongjiang-Haerbin
269253,新祥里街4号小区,哈尔滨,平房,北厂,2000,小高层,新祥里街4号,126.6244646,45.60362106,1.0,30.0,,196,公寓住宅,民用,7.1,12,0.0,7427.0,Heilongjiang,Haerbin,Pingfang,Heilongjiang-Haerbin
269000,中盟首府,哈尔滨,松北,松北新区,2020,高层,"世茂大道,近科技五街",126.4778574,45.79349419,,35.0,,1407,公寓住宅,民用,7.4,12,-2.04,7841.0,Heilongjiang,Haerbin,Songbei,Heilongjiang-Haerbin
269055,融创观澜壹号,哈尔滨,松北,松北新区,2020,多层|小高层|高层,智谷一街868号,126.4665341,45.79003109,,33.0,,1552,公寓住宅,民用,7.2,12,0.0,16206.0,Heilongjiang,Haerbin,Songbei,Heilongjiang-Haerbin
269056,万达公寓(松北),哈尔滨,松北,松北新区,2005,高层,"恒源街,近世林路",126.4921547,45.80489851,1.0,30.0,,725,商住楼,商用,7.3,12,0.0,9777.0,Heilongjiang,Haerbin,Songbei,Heilongjiang-Haerbin
269057,中央公园壹号,哈尔滨,松北,松北新区,2018,高层,"世林路,近德源街",126.4939666,45.8067159,1.0,30.0,,760,公寓住宅,民用,7.5,12,0.0,8522.0,Heilongjiang,Haerbin,Songbei,Heilongjiang-Haerbin
269058,有色大厦,哈尔滨,松北,松北新区,2021,高层,"中原大街,近祥安北大街",126.5095277,45.81761819,1.0,30.0,,480,公寓住宅,民用,7.5,12,0.0,8066.0,Heilongjiang,Haerbin,Songbei,Heilongjiang-Haerbin
269059,美丽洋房(别墅),哈尔滨,松北,松北新区,2011,低层,丁香大道1001号,126.5627194,45.82513223,,45.0,,0,别墅,民用,7.2,12,0.0,8571.0,Heilongjiang,Haerbin,Songbei,Heilongjiang-Haerbin
269060,盛世香湾(别墅),哈尔滨,松北,松北新区,2014,低层,世茂大道,126.4843432,45.80139186,1.0,42.0,,0,别墅,民用,7.0,12,0.0,12765.0,Heilongjiang,Haerbin,Songbei,Heilongjiang-Haerbin
269061,上院小区(D区),哈尔滨,松北,松北新区,2012,多层|高层,"中源大道,近江泰街",126.4910336,45.81469797,1.0,30.0,,268,公寓住宅,民用,7.5,12,0.0,18187.0,Heilongjiang,Haerbin,Songbei,Heilongjiang-Haerbin
269062,盛高国际望江花园,哈尔滨,松北,松北新区,2013,小高层,世博路2605号,126.5134108,45.81153813,1.0,40.0,,4767,公寓住宅,民用,7.2,12,0.0,7900.0,Heilongjiang,Haerbin,Songbei,Heilongjiang-Haerbin
269063,世茂滨江新城(三期),哈尔滨,松北,松北新区,2011,小高层,世茂大道22-1号,126.4877415,45.79470879,,40.0,,1463,公寓住宅,民用,7.0,12,0.0,12021.0,Heilongjiang,Haerbin,Songbei,Heilongjiang-Haerbin
269054,太阳城花园(别墅),哈尔滨,松北,松北新区,2008,低层,热源路699号,126.5751382,45.82109941,,51.0,,0,别墅,民用,6.9,12,0.0,11153.0,Heilongjiang,Haerbin,Songbei,Heilongjiang-Haerbin
269053,世纪花园(B区别墅),哈尔滨,松北,松北新区,2006,低层,世茂大道221号,126.5151509,45.80660889,1.0,50.0,,0,别墅,民用,7.2,12,0.0,18717.0,Heilongjiang,Haerbin,Songbei,Heilongjiang-Haerbin
268996,观澜居,哈尔滨,松北,松北新区,2019,多层|小高层|超高层,祥安南大街818号,126.5113104,45.80287637,,35.0,241800.0,708,公寓住宅,民用,7.7,12,0.13,13608.0,Heilongjiang,Haerbin,Songbei,Heilongjiang-Haerbin
268995,中关国际(兰庭),哈尔滨,松北,松北新区,2014,高层,天元街,126.5326929,45.80469681,1.0,41.0,,398,公寓住宅,民用,7.9,12,0.13,12363.0,Heilongjiang,Haerbin,Songbei,Heilongjiang-Haerbin
269049,船厂社区,哈尔滨,松北,松北新区,1996,小高层,航务街,126.6155282,45.79852002,,20.0,,56,公寓住宅,民用,6.7,12,0.0,6600.0,Heilongjiang,Haerbin,Songbei,Heilongjiang-Haerbin
269048,灯塔集资楼,哈尔滨,松北,松北新区,2000,小高层,汤原街,126.6259325,45.80903495,,30.0,,30,公寓住宅,民用,6.7,12,0.0,7800.0,Heilongjiang,Haerbin,Songbei,Heilongjiang-Haerbin
269047,北兴小区,哈尔滨,松北,松北新区,2004,小高层,滨北街,126.5411432,45.80721457,1.0,30.0,,30,公寓住宅,民用,7.2,12,0.0,8695.0,Heilongjiang,Haerbin,Songbei,Heilongjiang-Haerbin
269045,玫瑰湾智园,哈尔滨,松北,松北新区,2021,高层,智谷一路,126.468679,45.79430675,,42.0,,2226,公寓住宅,民用,7.3,12,0.0,9782.0,Heilongjiang,Haerbin,Songbei,Heilongjiang-Haerbin
269044,融创文旅城,哈尔滨,松北,松北新区,2022,小高层,"世茂大道,近丰源街",126.4902235,45.79930334,,30.0,,1615,公寓住宅,民用,7.4,12,0.0,8444.0,Heilongjiang,Haerbin,Songbei,Heilongjiang-Haerbin
268997,融创中园,哈尔滨,松北,松北新区,2006,高层,世祥路,126.4867424,45.80960596,,30.0,,5218,公寓住宅,民用,7.4,12,-2.25,9691.0,Heilongjiang,Haerbin,Songbei,Heilongjiang-Haerbin
268998,恒大锦苑,哈尔滨,松北,松北新区,2019,小高层|高层,"中源大道,近江康路",126.4926381,45.81745154,1.0,30.0,139661.0,1332,公寓住宅,民用,7.6,12,-1.73,9587.0,Heilongjiang,Haerbin,Songbei,Heilongjiang-Haerbin
268999,华润幸福里,哈尔滨,松北,松北新区,2006,高层,世博路678号,126.5311613,45.80780093,,35.0,,799,公寓住宅,民用,7.4,12,0.12,11573.0,Heilongjiang,Haerbin,Songbei,Heilongjiang-Haerbin
269052,北岸风尚,哈尔滨,松北,松北新区,2010,小高层,松北一路36号,126.5520332,45.80497321,1.0,30.0,,90,公寓住宅,民用,7.5,12,0.0,8012.0,Heilongjiang,Haerbin,Songbei,Heilongjiang-Haerbin
269046,汇宏金融港,哈尔滨,松北,松北新区,May-21,高层,"创新路,近科技一街",126.5053993,45.79323575,,20.0,,0,商住楼,商用,7.3,12,0.0,10844.0,Heilongjiang,Haerbin,Songbei,Heilongjiang-Haerbin
269157,商大公寓,哈尔滨,松北,松北区政府,2014,高层,"中源大道,近学海街",126.5543041,45.81222735,,30.0,,496,公寓住宅,民用,7.5,12,0.0,7523.0,Heilongjiang,Haerbin,Songbei,Heilongjiang-Haerbin
269064,盛恒基盛世天地,哈尔滨,松北,松北新区,2012,超高层,松北大道58号,126.5426057,45.81832235,1.0,40.0,,541,公寓住宅,民用,7.8,12,0.0,7857.0,Heilongjiang,Haerbin,Songbei,Heilongjiang-Haerbin
269041,华润置地悦府,哈尔滨,松北,松北新区,2022,高层,"世茂大道,近科技五街",126.4815132,45.79522623,,35.0,,1050,公寓住宅,民用,7.4,12,0.15,13283.0,Heilongjiang,Haerbin,Songbei,Heilongjiang-Haerbin
269023,世茂香堤雅(别墅),哈尔滨,松北,松北新区,2009,低层,世茂大道,126.4896605,45.79263705,1.0,40.0,,0,别墅,民用,7.1,12,0.0,21452.0,Heilongjiang,Haerbin,Songbei,Heilongjiang-Haerbin
269024,赛丽斯家园(别墅),哈尔滨,松北,松北新区,2005,低层,文苑路106号,126.55862,45.80294656,1.0,42.0,,32,别墅,民用,7.2,12,0.0,12820.0,Heilongjiang,Haerbin,Songbei,Heilongjiang-Haerbin
269025,地中海阳光(别墅),哈尔滨,松北,松北新区,2012,低层,"世茂大道,近三环路",126.5175006,45.80372418,,40.0,,76,别墅,民用,7.9,12,0.0,19968.0,Heilongjiang,Haerbin,Songbei,Heilongjiang-Haerbin
269026,世茂翡冷翠(别墅),哈尔滨,松北,松北新区,2003,低层,星月街,126.5115369,45.7964039,,50.0,,0,别墅,民用,7.0,12,0.0,21695.0,Heilongjiang,Haerbin,Songbei,Heilongjiang-Haerbin
269040,锦绣家园(别墅),哈尔滨,松北,松北新区,2008,低层,江安街377号,126.5242818,45.81547109,,45.0,,0,别墅,民用,7.5,12,0.0,16993.0,Heilongjiang,Haerbin,Songbei,Heilongjiang-Haerbin
269028,宝能城,哈尔滨,松北,松北新区,2022,高层,"世茂大道,近智谷四街",126.4426188,45.79848502,,35.0,,1967,公寓住宅,民用,7.2,12,0.0,9277.0,Heilongjiang,Haerbin,Songbei,Heilongjiang-Haerbin
269029,融创观澜壹号(别墅),哈尔滨,松北,松北新区,2020,低层,智谷一街868号,126.4671095,45.78936616,,30.0,,0,别墅,民用,7.2,12,0.0,24076.0,Heilongjiang,Haerbin,Songbei,Heilongjiang-Haerbin
269030,锦绣家园(二期),哈尔滨,松北,松北新区,2009,低层,中源大道,126.5237012,45.81617191,1.0,35.0,,0,别墅,民用,7.5,12,0.0,7140.0,Heilongjiang,Haerbin,Songbei,Heilongjiang-Haerbin
269031,世茂都柏林(别墅),哈尔滨,松北,松北新区,2016,低层,世茂大道88号,126.4829822,45.79315777,,40.0,,0,别墅,民用,7.0,12,0.0,14473.0,Heilongjiang,Haerbin,Songbei,Heilongjiang-Haerbin
269039,鑫丰云筑,哈尔滨,松北,松北新区,2019,高层,龙轩路,126.5295016,45.82438508,,35.0,,317,公寓住宅,民用,7.3,12,0.0,15207.0,Heilongjiang,Haerbin,Songbei,Heilongjiang-Haerbin
269032,大正臻园(别墅),哈尔滨,松北,松北新区,2021,低层,龙轩路1300号,126.5221781,45.82213838,1.0,50.0,,0,别墅,民用,7.4,12,0.0,16646.0,Heilongjiang,Haerbin,Songbei,Heilongjiang-Haerbin
269033,磐石金江悦,哈尔滨,松北,松北新区,2020,高层,龙川路1298号,126.5263271,45.81906245,,40.0,,282,公寓住宅,民用,7.7,12,0.0,15559.0,Heilongjiang,Haerbin,Songbei,Heilongjiang-Haerbin
269034,世茂滨江新城(三期别墅),哈尔滨,松北,松北新区,2011,低层,"世茂大道,近科技南三街",126.4872066,45.79458522,,40.0,,112,别墅,民用,7.1,12,0.47,20575.0,Heilongjiang,Haerbin,Songbei,Heilongjiang-Haerbin
269035,坤腾理想城,哈尔滨,松北,松北新区,Mar-21,高层,松浦大道2288号,126.6341691,45.83374475,,20.0,,1536,公寓住宅,民用,7.1,12,0.0,7681.0,Heilongjiang,Haerbin,Songbei,Heilongjiang-Haerbin
269036,世茂滨江新城(别墅),哈尔滨,松北,松北新区,2011,低层,"世茂大道,近科技四街",126.5101074,45.80264941,,40.0,,0,别墅,民用,7.3,12,0.0,19606.0,Heilongjiang,Haerbin,Songbei,Heilongjiang-Haerbin
269022,大正莅江(二期),哈尔滨,松北,松北新区,2014,高层,"滨北街,近龙唐街",126.5387,45.80819242,1.0,40.0,,1540,公寓住宅,民用,8.1,12,-1.4,11621.0,Heilongjiang,Haerbin,Songbei,Heilongjiang-Haerbin
269021,金河湾(松北),哈尔滨,松北,松北新区,2016,高层,创新一路297号,126.5211961,45.79640577,1.0,35.0,149897.0,240,公寓住宅,民用,7.7,12,0.0,14574.0,Heilongjiang,Haerbin,Songbei,Heilongjiang-Haerbin
269020,左岸人大之家,哈尔滨,松北,松北新区,2013,高层,左岸大街1462号,126.5030097,45.82504457,1.0,40.0,,606,公寓住宅,民用,7.9,12,-0.73,9005.0,Heilongjiang,Haerbin,Songbei,Heilongjiang-Haerbin
269019,世茂毕索小镇,哈尔滨,松北,松北新区,2011,低层,世乾路2666号,126.483506,45.79065181,,40.0,,0,别墅,民用,7.0,12,0.0,16666.0,Heilongjiang,Haerbin,Songbei,Heilongjiang-Haerbin
269002,慧时代,哈尔滨,松北,松北新区,2011,高层|超高层,世茂大道,126.4754755,45.79511142,,40.0,110000.0,1488,公寓住宅,民用,7.0,12,-0.48,8500.0,Heilongjiang,Haerbin,Songbei,Heilongjiang-Haerbin
269003,北岸观江国际,哈尔滨,松北,松北新区,2018,高层,祥安北大街633号,126.5106904,45.81846918,,40.0,,396,公寓住宅,民用,7.8,12,0.0,17129.0,Heilongjiang,Haerbin,Songbei,Heilongjiang-Haerbin
269004,有色地质家园,哈尔滨,松北,松北新区,2013,多层,祥安北大街524号,126.5082347,45.81718412,1.0,30.0,,723,公寓住宅,民用,8.0,12,0.0,7552.0,Heilongjiang,Haerbin,Songbei,Heilongjiang-Haerbin
269005,世纪花园(B区),哈尔滨,松北,松北新区,2006,多层,世茂大道221号,126.514362,45.80663118,1.0,50.0,,1623,公寓住宅,民用,7.7,12,-0.29,8385.0,Heilongjiang,Haerbin,Songbei,Heilongjiang-Haerbin
269043,凯利广场,哈尔滨,松北,松北新区,2012,小高层,中源大道11088号,126.531287,45.81111091,,20.0,,1658,商住楼,商用,7.3,12,0.0,11081.0,Heilongjiang,Haerbin,Songbei,Heilongjiang-Haerbin
269006,世纪花园(C区),哈尔滨,松北,松北新区,2006,多层,世博路2491号,126.5059215,45.80853416,1.0,50.0,,3007,公寓住宅,民用,7.6,12,-0.12,8340.0,Heilongjiang,Haerbin,Songbei,Heilongjiang-Haerbin
269007,社科家园,哈尔滨,松北,松北新区,2011,高层,滨北街138号,126.5263746,45.8090739,1.0,20.0,,488,公寓住宅,民用,7.7,12,0.0,10825.0,Heilongjiang,Haerbin,Songbei,Heilongjiang-Haerbin
269008,康桥郡,哈尔滨,松北,松北新区,2011,低层,"科技五街,近创新三路",126.4762214,45.78822354,,40.0,,0,别墅,民用,7.1,12,0.0,18659.0,Heilongjiang,Haerbin,Songbei,Heilongjiang-Haerbin
269001,汇锦御江湾,哈尔滨,松北,松北新区,2018,高层,滨北街179号,126.5229116,45.81052849,1.0,30.0,,486,公寓住宅,民用,7.9,12,-0.09,11038.0,Heilongjiang,Haerbin,Songbei,Heilongjiang-Haerbin
269009,华润置地万象府,哈尔滨,松北,松北新区,2021,高层,世茂大道161号,126.5086977,45.81099716,,30.0,,1098,公寓住宅,民用,7.4,12,1.09,12755.0,Heilongjiang,Haerbin,Songbei,Heilongjiang-Haerbin
269042,世财滨江音乐花园(别墅),哈尔滨,松北,松北新区,2006,低层,近江路,126.5555561,45.80281747,,50.0,,0,别墅,民用,7.0,12,0.0,15600.0,Heilongjiang,Haerbin,Songbei,Heilongjiang-Haerbin
269011,大正莅江(一期),哈尔滨,松北,松北新区,2014,高层,聚源街77号,126.5345497,45.80804457,1.0,40.0,,1037,公寓住宅,民用,8.0,12,-1.18,10876.0,Heilongjiang,Haerbin,Songbei,Heilongjiang-Haerbin
269012,墅公馆(公寓住宅),哈尔滨,松北,松北新区,Jun-21,高层,龙盛路1333号,126.5178969,45.83164652,,37.0,,2133,公寓住宅,民用,7.2,12,-0.65,7047.0,Heilongjiang,Haerbin,Songbei,Heilongjiang-Haerbin
269013,科技新苑,哈尔滨,松北,松北新区,2014,小高层,301国道,126.4660457,45.78406987,,40.0,,0,公寓住宅,民用,6.6,12,0.0,13126.0,Heilongjiang,Haerbin,Songbei,Heilongjiang-Haerbin
269015,工大寒地公寓,哈尔滨,松北,松北新区,2013,高层,"创新二路,近科技四街",126.4885641,45.78924634,1.0,30.0,,611,公寓住宅,民用,7.3,12,0.0,7076.0,Heilongjiang,Haerbin,Songbei,Heilongjiang-Haerbin
269016,中海和院,哈尔滨,松北,松北新区,Mar-21,高层,"祥安北大街,近龙川路",126.5057543,45.81767325,,30.0,,444,公寓住宅,民用,7.6,12,0.0,11779.0,Heilongjiang,Haerbin,Songbei,Heilongjiang-Haerbin
269017,北岸润和城(二期),哈尔滨,松北,松北新区,2012,小高层,"中源大道,近绥满高速",126.4854573,45.81934177,1.0,20.0,,2933,公寓住宅,民用,7.3,12,-1.71,5789.0,Heilongjiang,Haerbin,Songbei,Heilongjiang-Haerbin
269018,盛世财富公馆,哈尔滨,松北,松北新区,2010,小高层,丁香大道999号,126.5658053,45.81481781,1.0,19.0,,832,公寓住宅,民用,7.0,12,0.0,8283.0,Heilongjiang,Haerbin,Songbei,Heilongjiang-Haerbin
269010,碧桂园华美上城,哈尔滨,松北,松北新区,Apr-22,高层,松浦大道,126.6335689,45.845492,,33.0,,1188,公寓住宅,民用,7.2,12,0.0,7500.0,Heilongjiang,Haerbin,Songbei,Heilongjiang-Haerbin
269065,恒大绿洲,哈尔滨,松北,中源大道,2014,高层,中源大道99号,126.5839631,45.82188215,1.0,40.0,700000.0,4765,公寓住宅,民用,7.5,12,-0.36,7404.0,Heilongjiang,Haerbin,Songbei,Heilongjiang-Haerbin
268991,前进家园,哈尔滨,松北,松北新区,2000,多层|小高层|高层,中源大道10750号,126.535604,45.81174009,1.0,42.0,,1514,公寓住宅,民用,8.0,12,-1.08,7770.0,Heilongjiang,Haerbin,Songbei,Heilongjiang-Haerbin
269067,金泰湖滨绿茵,哈尔滨,松北,中源大道,2007,小高层|高层,丁香大道1001号,126.5644444,45.81741188,1.0,20.0,,1404,公寓住宅,民用,7.6,12,-1.27,7996.0,Heilongjiang,Haerbin,Songbei,Heilongjiang-Haerbin
269121,常盛源小区,哈尔滨,松北,松浦,2007,多层,浦源路1917号,126.6495718,45.82533128,1.0,40.0,,1425,公寓住宅,民用,7.0,12,-3.83,6427.0,Heilongjiang,Haerbin,Songbei,Heilongjiang-Haerbin
269120,广信新城(B区),哈尔滨,松北,松浦,2012,多层|高层,东北亚大街,126.6045715,45.8227259,1.0,40.0,,3236,公寓住宅,民用,7.3,12,-0.12,6698.0,Heilongjiang,Haerbin,Songbei,Heilongjiang-Haerbin
269119,广信新城(A区),哈尔滨,松北,松浦,2012,多层|高层,中源大道,126.5993202,45.821168,1.0,40.0,,4712,公寓住宅,民用,7.3,12,0.21,5819.0,Heilongjiang,Haerbin,Songbei,Heilongjiang-Haerbin
269118,糖厂社区,哈尔滨,松北,松浦,2008,高层,松浦大道617号,126.6411811,45.81832844,1.0,40.0,,2699,公寓住宅,民用,7.1,12,-0.1,7434.0,Heilongjiang,Haerbin,Songbei,Heilongjiang-Haerbin
269117,松浦观江国际(B区),哈尔滨,松北,松浦,2011,高层,松浦大道311号,126.6423406,45.81646198,1.0,47.0,1970000.0,5265,公寓住宅,民用,7.3,12,-0.7,8505.0,Heilongjiang,Haerbin,Songbei,Heilongjiang-Haerbin
269116,北岳新城,哈尔滨,松北,松浦,2012,多层|高层,中源大道2299号,126.6374854,45.84049996,1.0,40.0,,684,公寓住宅,民用,7.2,12,0.0,9775.0,Heilongjiang,Haerbin,Songbei,Heilongjiang-Haerbin
269115,富力城(一期),哈尔滨,松北,松浦,2021,多层|小高层|高层|超高层,中源大道5599号,126.5955151,45.82509442,1.0,40.0,1000000.0,1710,公寓住宅,民用,7.3,12,-0.4,8078.0,Heilongjiang,Haerbin,Songbei,Heilongjiang-Haerbin
269114,北岸启程,哈尔滨,松北,松浦,2010,多层,中源大道,126.6419597,45.84259331,1.0,40.0,,2423,公寓住宅,民用,7.0,12,0.0,7883.0,Heilongjiang,Haerbin,Songbei,Heilongjiang-Haerbin
269113,松浦观江国际(A区),哈尔滨,松北,松浦,2011,多层|小高层,浦源路3022号,126.6351389,45.81549799,1.0,47.0,,9767,公寓住宅,民用,7.3,12,-0.54,9237.0,Heilongjiang,Haerbin,Songbei,Heilongjiang-Haerbin
269111,龙江第一村,哈尔滨,松北,世茂大道,2000,低层,热源路,126.5730778,45.81730272,,50.0,,0,别墅,民用,7.2,12,0.0,15609.0,Heilongjiang,Haerbin,Songbei,Heilongjiang-Haerbin
269109,左岸巴黎香颂(别墅),哈尔滨,松北,世茂大道,2015,低层,左岸大街1333号,126.503498,45.82386536,,40.0,,0,别墅,民用,7.2,12,0.0,13559.0,Heilongjiang,Haerbin,Songbei,Heilongjiang-Haerbin
269123,馨园小区,哈尔滨,松北,松浦,2003,高层,中浦镇糖厂街1号,126.6510653,45.81869284,1.0,26.0,,649,公寓住宅,民用,7.1,12,0.0,7011.0,Heilongjiang,Haerbin,Songbei,Heilongjiang-Haerbin
269108,哈医大四院专家公寓,哈尔滨,松北,世茂大道,2004,高层,左岸大街,126.5005954,45.81999635,1.0,30.0,,868,公寓住宅,民用,7.2,12,0.0,11546.0,Heilongjiang,Haerbin,Songbei,Heilongjiang-Haerbin
269103,泰豪煕江悦,哈尔滨,松北,世茂大道,2019,高层,智谷大街,126.4556867,45.79892474,,30.0,,0,公寓住宅,民用,6.9,12,0.0,5909.0,Heilongjiang,Haerbin,Songbei,Heilongjiang-Haerbin
269100,保利水韵长滩(四期),哈尔滨,松北,世茂大道,2011,低层,江都街1070号,126.5331203,45.8200153,,51.0,,0,别墅,民用,7.7,12,0.0,22826.0,Heilongjiang,Haerbin,Songbei,Heilongjiang-Haerbin
269099,恒祥御景,哈尔滨,松北,世茂大道,2016,低层,中源大道99号,126.5803277,45.8169676,,30.0,341400.0,249,别墅,民用,7.2,12,0.0,15517.0,Heilongjiang,Haerbin,Songbei,Heilongjiang-Haerbin
269097,唐宁郡(别墅),哈尔滨,松北,世茂大道,2016,低层,"恒源街,近世林路",126.4882274,45.80274505,,30.0,,0,别墅,民用,7.4,12,0.0,24157.0,Heilongjiang,Haerbin,Songbei,Heilongjiang-Haerbin
269096,报达雅苑,哈尔滨,松北,世茂大道,2011,低层,热原路777号,126.571472,45.82090294,,50.0,,0,别墅,民用,7.5,12,0.0,11794.0,Heilongjiang,Haerbin,Songbei,Heilongjiang-Haerbin
269095,世纪花园(A区别墅),哈尔滨,松北,世茂大道,2006,低层,世茂大道161号,126.50771,45.80449112,1.0,40.0,,159,别墅,民用,7.2,12,0.0,19879.0,Heilongjiang,Haerbin,Songbei,Heilongjiang-Haerbin
269094,华夏幸福深哈中心松江序(别墅),哈尔滨,松北,世茂大道,2002,低层,"世茂大道,近智谷大街",126.4618543,45.79854475,,50.0,,0,别墅,民用,6.7,12,0.0,19828.0,Heilongjiang,Haerbin,Songbei,Heilongjiang-Haerbin
269093,珍宝岛健康城,哈尔滨,松北,世茂大道,2022,高层,"智谷大街,近滨水大道",126.4479578,45.78032924,,35.0,,616,公寓住宅,民用,7.2,12,0.0,6954.0,Heilongjiang,Haerbin,Songbei,Heilongjiang-Haerbin
269107,绿色智谷大厦,哈尔滨,松北,世茂大道,2000,高层,"智谷大街,近中源大道",126.4647308,45.81410156,,30.0,,174,商住楼,商用,6.7,12,0.0,5900.0,Heilongjiang,Haerbin,Songbei,Heilongjiang-Haerbin
269092,泰豪熙江悦(别墅),哈尔滨,松北,世茂大道,2019,低层,世茂大道,126.4558335,45.79930233,1.0,30.0,276444.0,214,别墅,民用,7.0,12,0.0,19639.0,Heilongjiang,Haerbin,Songbei,Heilongjiang-Haerbin
269124,松浦观江国际(别墅),哈尔滨,松北,松浦,2019,低层,松浦大道618号,126.6384228,45.81302334,1.0,47.0,,0,别墅,民用,7.1,12,0.0,15474.0,Heilongjiang,Haerbin,Songbei,Heilongjiang-Haerbin
269156,新新怡园(别墅),哈尔滨,松北,松北区政府,2011,低层,"松北一路,近松北大道",126.5509092,45.80321798,,42.0,,0,别墅,民用,7.4,12,0.0,11985.0,Heilongjiang,Haerbin,Songbei,Heilongjiang-Haerbin
269155,中亚千企,哈尔滨,松北,松北区政府,2020,高层,松北大道,126.5445612,45.82795607,1.0,36.0,,2274,商住楼,商用,7.5,12,0.0,9649.0,Heilongjiang,Haerbin,Songbei,Heilongjiang-Haerbin
269154,静怡家园,哈尔滨,松北,松北区政府,2004,多层,松北大道211号,126.5434985,45.82406019,1.0,30.0,,294,公寓住宅,民用,8.0,12,0.0,6783.0,Heilongjiang,Haerbin,Songbei,Heilongjiang-Haerbin
269153,昊天绿色家园,哈尔滨,松北,松北区政府,2006,小高层|高层,松北大道93号,126.5467685,45.81766216,1.0,32.0,,175,公寓住宅,民用,7.5,12,0.0,6363.0,Heilongjiang,Haerbin,Songbei,Heilongjiang-Haerbin
269152,世财滨江音乐花园,哈尔滨,松北,松北区政府,2006,多层|小高层,"近江路,近学海街",126.554858,45.80268563,1.0,40.0,,370,公寓住宅,民用,7.7,12,0.0,8246.0,Heilongjiang,Haerbin,Songbei,Heilongjiang-Haerbin
269151,赛丽斯家园,哈尔滨,松北,松北区政府,2005,多层,文苑路106号,126.5587924,45.80414391,1.0,42.0,,624,公寓住宅,民用,7.7,12,0.0,8947.0,Heilongjiang,Haerbin,Songbei,Heilongjiang-Haerbin
269150,新新怡园,哈尔滨,松北,松北区政府,2011,高层,松北一路54号,126.5525849,45.8032951,1.0,42.0,,2011,公寓住宅,民用,7.8,12,-0.53,9187.0,Heilongjiang,Haerbin,Songbei,Heilongjiang-Haerbin
269149,美域江岛,哈尔滨,松北,松北区政府,2011,高层|超高层,近江街,126.5508184,45.80163546,1.0,42.0,,580,公寓住宅,民用,8.1,12,0.0,14386.0,Heilongjiang,Haerbin,Songbei,Heilongjiang-Haerbin
269148,塞纳欧香,哈尔滨,松北,松北区政府,2000,高层,学子街2288号,126.5705988,45.82348099,1.0,50.0,,660,公寓住宅,民用,7.6,12,-0.14,7016.0,Heilongjiang,Haerbin,Songbei,Heilongjiang-Haerbin
269147,康隆小区,哈尔滨,松北,市政府,2005,小高层,松北大道165号,126.5446892,45.82234084,1.0,20.0,,293,公寓住宅,民用,7.6,12,0.0,6400.0,Heilongjiang,Haerbin,Songbei,Heilongjiang-Haerbin
269145,学院小区,哈尔滨,松北,市政府,2004,多层|高层,松北一路12号,126.5569344,45.80533831,1.0,30.0,,167,公寓住宅,民用,7.4,12,0.0,6494.0,Heilongjiang,Haerbin,Songbei,Heilongjiang-Haerbin
269144,北岸明珠龙湾,哈尔滨,松北,市政府,2011,高层,新湾路88号,126.5461868,45.80307573,,42.0,,2935,公寓住宅,民用,7.2,12,0.0,9142.0,Heilongjiang,Haerbin,Songbei,Heilongjiang-Haerbin
269125,富力城(别墅),哈尔滨,松北,松浦,2022,低层,中源大道5599号,126.5966485,45.82539758,,40.0,,0,别墅,民用,7.0,12,0.0,17647.0,Heilongjiang,Haerbin,Songbei,Heilongjiang-Haerbin
269142,华润置地静安府,哈尔滨,松北,市政府,2022,高层,"鑫源街,近世博路",126.5197412,45.80962141,,30.0,,5,公寓住宅,民用,7.8,12,0.0,11368.0,Heilongjiang,Haerbin,Songbei,Heilongjiang-Haerbin
269140,香树湾(别墅),哈尔滨,松北,市政府,2012,低层,龙轩路2467号,126.508098,45.82489983,1.0,40.0,,0,别墅,民用,6.9,12,0.0,13200.0,Heilongjiang,Haerbin,Songbei,Heilongjiang-Haerbin
269139,阳光水岸,哈尔滨,松北,市政府,2018,高层,学海东街379号,126.5600703,45.80603814,,30.0,16519.0,271,公寓住宅,民用,7.2,12,0.0,14318.0,Heilongjiang,Haerbin,Songbei,Heilongjiang-Haerbin
269138,团结小区,哈尔滨,松北,市政府,2009,多层|高层,松北大道119号,126.5458809,45.81902151,1.0,20.0,,823,公寓住宅,民用,7.7,12,0.0,7876.0,Heilongjiang,Haerbin,Songbei,Heilongjiang-Haerbin
269137,湖滨小镇,哈尔滨,松北,市政府,2004,多层|高层,中源大道9060号,126.5612748,45.81188507,1.0,20.0,,194,公寓住宅,民用,7.8,12,0.0,9835.0,Heilongjiang,Haerbin,Songbei,Heilongjiang-Haerbin
269136,松北上品小区,哈尔滨,松北,市政府,2013,高层,松北大道47号,126.5480387,45.80972633,1.0,35.0,,360,公寓住宅,民用,7.8,12,0.16,8700.0,Heilongjiang,Haerbin,Songbei,Heilongjiang-Haerbin
269135,华润中海江城,哈尔滨,松北,市政府,2019,多层|高层,虎林园路6号,126.5492918,45.80859299,,30.0,250872.0,1816,公寓住宅,民用,7.8,12,-0.95,11175.0,Heilongjiang,Haerbin,Songbei,Heilongjiang-Haerbin
269134,墅公馆(别墅),哈尔滨,松北,市政府,2021,低层,龙盛路1333号,126.5170358,45.8316186,,37.0,275300.0,1008,别墅,民用,7.7,12,-0.03,12543.0,Heilongjiang,Haerbin,Songbei,Heilongjiang-Haerbin
269133,科技花园小区,哈尔滨,松北,松浦,1993,多层|小高层,浦源路2777号,126.6411432,45.82138058,1.0,20.0,,205,公寓住宅,民用,6.6,12,0.0,7959.0,Heilongjiang,Haerbin,Songbei,Heilongjiang-Haerbin
269132,金水嘉园,哈尔滨,松北,松浦,2007,多层,大兴隆街1号,126.6326735,45.81154471,1.0,35.0,,478,公寓住宅,民用,6.8,12,0.0,8697.0,Heilongjiang,Haerbin,Songbei,Heilongjiang-Haerbin
269130,星湖嘉园,哈尔滨,松北,松浦,2017,高层,东北亚大街,126.5943837,45.84514643,,30.0,,399,公寓住宅,民用,6.6,12,0.0,11250.0,Heilongjiang,Haerbin,Songbei,Heilongjiang-Haerbin
269128,糖厂综合楼,哈尔滨,松北,松浦,2000,多层,糖厂街6号,126.6429842,45.81543037,,30.0,,0,公寓住宅,民用,6.7,12,0.0,8000.0,Heilongjiang,Haerbin,Songbei,Heilongjiang-Haerbin
269141,美域江岛(别墅),哈尔滨,松北,市政府,2011,低层,近江街,126.552494,45.8015178,,42.0,,32,别墅,民用,7.1,12,0.0,30000.0,Heilongjiang,Haerbin,Songbei,Heilongjiang-Haerbin
269066,恒大名都,哈尔滨,松北,中源大道,2000,高层,秀水街2820号,126.614751,45.8322396,1.0,35.0,550000.0,3429,公寓住宅,民用,7.1,12,-2.21,7925.0,Heilongjiang,Haerbin,Songbei,Heilongjiang-Haerbin
269091,汇龙半岛首府(别墅),哈尔滨,松北,世茂大道,2018,低层,祥安北大街,126.5153566,45.82831527,,30.0,,0,别墅,民用,7.5,12,1.85,17580.0,Heilongjiang,Haerbin,Songbei,Heilongjiang-Haerbin
269089,红星威尼斯庄园(别墅),哈尔滨,松北,世茂大道,2016,低层,江安街,126.5172899,45.8212538,1.0,40.0,,109,别墅,民用,7.8,12,0.73,20745.0,Heilongjiang,Haerbin,Songbei,Heilongjiang-Haerbin
268953,华远水木清华,哈尔滨,松北,松北新区,2013,多层|小高层|高层,"松北大道,近中源大道",126.5500369,45.81641799,1.0,40.0,428000.0,3354,公寓住宅,民用,8.0,12,-1.16,10268.0,Heilongjiang,Haerbin,Songbei,Heilongjiang-Haerbin
268952,红星威尼斯庄园,哈尔滨,松北,松北新区,2017,多层|高层,"江安街,近龙轩路",126.5162632,45.82159381,1.0,40.08,550000.0,4127,公寓住宅,民用,8.0,12,-0.97,10349.0,Heilongjiang,Haerbin,Songbei,Heilongjiang-Haerbin
269077,恒建橘子郡,哈尔滨,松北,中源大道,2002,低层,中源大道,126.5243488,45.81347851,1.0,38.0,,189,商住楼,商用,7.5,12,0.0,16071.0,Heilongjiang,Haerbin,Songbei,Heilongjiang-Haerbin
269076,富力城(三期),哈尔滨,松北,中源大道,2021,高层,中源大道,126.5999216,45.8288444,,40.0,,1445,公寓住宅,民用,7.4,12,0.0,8196.0,Heilongjiang,Haerbin,Songbei,Heilongjiang-Haerbin
268978,融创锦园,哈尔滨,松北,松北新区,2020,高层,世祥路,126.493445,45.8097483,1.0,30.0,,1353,公寓住宅,民用,7.9,12,-0.37,10314.0,Heilongjiang,Haerbin,Songbei,Heilongjiang-Haerbin
268979,北岸众和城,哈尔滨,松北,松北新区,2012,高层,龙唐街399号,126.5423042,45.80943873,1.0,20.0,,5454,公寓住宅,民用,7.6,12,0.09,6986.0,Heilongjiang,Haerbin,Songbei,Heilongjiang-Haerbin
268980,江北运华广场,哈尔滨,松北,松北新区,2007,多层,龙轩路2577号,126.5053652,45.82522439,1.0,40.0,,658,公寓住宅,民用,7.9,12,1.02,7862.0,Heilongjiang,Haerbin,Songbei,Heilongjiang-Haerbin
268981,玉龙湾,哈尔滨,松北,松北新区,2014,高层,世茂大道536号,126.5274981,45.80548789,1.0,40.0,132184.0,1127,公寓住宅,民用,7.8,12,-0.58,11638.0,Heilongjiang,Haerbin,Songbei,Heilongjiang-Haerbin
268982,太阳城花园,哈尔滨,松北,松北新区,2008,多层|小高层,热源路699号,126.5750373,45.82168515,1.0,51.0,,278,公寓住宅,民用,7.7,12,0.0,10000.0,Heilongjiang,Haerbin,Songbei,Heilongjiang-Haerbin
269075,富力城(二期D区),哈尔滨,松北,中源大道,2021,高层,"东北亚大街,近中源大道",126.6017279,45.82705988,,40.0,,0,公寓住宅,民用,7.3,12,0.0,7697.0,Heilongjiang,Haerbin,Songbei,Heilongjiang-Haerbin
268984,世纪花园(A区),哈尔滨,松北,松北新区,2006,多层,世茂大道161号,126.507694,45.80482288,1.0,50.0,,828,公寓住宅,民用,7.6,12,0.34,8567.0,Heilongjiang,Haerbin,Songbei,Heilongjiang-Haerbin
268985,宜和园,哈尔滨,松北,松北新区,2007,多层|高层,祥安南大街1699号,126.5129633,45.80953087,1.0,20.0,,1459,公寓住宅,民用,7.7,12,-1.41,8155.0,Heilongjiang,Haerbin,Songbei,Heilongjiang-Haerbin
268954,万达华园,哈尔滨,松北,松北新区,2015,高层|超高层,恒源街898号,126.4877588,45.80559274,1.0,40.0,3583000.0,6101,公寓住宅,民用,7.4,12,-0.02,9669.0,Heilongjiang,Haerbin,Songbei,Heilongjiang-Haerbin
268986,天玖澜湾墅,哈尔滨,松北,松北新区,2022,高层,绕城高速公路,126.4615489,45.78843111,,30.0,,0,公寓住宅,民用,7.1,12,-19.6,9137.0,Heilongjiang,Haerbin,Songbei,Heilongjiang-Haerbin
268988,锦绣家园(松北),哈尔滨,松北,松北新区,2008,多层|高层,江安街337号,126.5235694,45.81770901,1.0,45.0,,1369,公寓住宅,民用,7.8,12,-0.11,6507.0,Heilongjiang,Haerbin,Songbei,Heilongjiang-Haerbin
268989,中关国际(兰域),哈尔滨,松北,松北新区,2014,高层,天元街726号,126.5326207,45.80348999,1.0,41.0,,648,公寓住宅,民用,7.8,12,-0.18,12229.0,Heilongjiang,Haerbin,Songbei,Heilongjiang-Haerbin
268990,世茂威廉公馆,哈尔滨,松北,松北新区,1985,小高层|高层,"科技五街,近创新三路",126.4770967,45.78974362,1.0,20.0,,1302,公寓住宅,民用,6.8,12,-2.92,9263.0,Heilongjiang,Haerbin,Songbei,Heilongjiang-Haerbin
268977,世茂香堤雅,哈尔滨,松北,松北新区,2009,多层,世茂大道88号,126.4885799,45.79230232,1.0,40.0,,255,公寓住宅,民用,7.3,12,0.0,15486.0,Heilongjiang,Haerbin,Songbei,Heilongjiang-Haerbin
268992,你好荷兰城,哈尔滨,松北,松北新区,2006,多层|小高层|高层,世贸大道277号,126.5221498,45.80838592,1.0,35.6,,684,公寓住宅,民用,7.9,12,-0.26,8965.0,Heilongjiang,Haerbin,Songbei,Heilongjiang-Haerbin
268993,世茂都柏林(松北),哈尔滨,松北,松北新区,2016,高层,世茂大道88号,126.4826543,45.7932114,1.0,40.0,,528,公寓住宅,民用,7.5,12,1.06,10252.0,Heilongjiang,Haerbin,Songbei,Heilongjiang-Haerbin
268994,大正臻园,哈尔滨,松北,松北新区,1998,小高层|高层,龙轩路1300号,126.521798,45.82115289,1.0,30.0,,594,公寓住宅,民用,7.4,12,0.03,14160.0,Heilongjiang,Haerbin,Songbei,Heilongjiang-Haerbin
269074,富力城(二期AB区),哈尔滨,松北,中源大道,2021,高层,中源大道,126.5930312,45.82641784,1.0,40.0,,4008,公寓住宅,民用,7.2,12,0.0,8181.0,Heilongjiang,Haerbin,Songbei,Heilongjiang-Haerbin
269073,绿地东北亚国博城,哈尔滨,松北,中源大道,2022,高层,中源大道,126.6208211,45.83114571,,35.0,,4353,公寓住宅,民用,7.2,12,0.0,11428.0,Heilongjiang,Haerbin,Songbei,Heilongjiang-Haerbin
269072,南益松江春晓,哈尔滨,松北,中源大道,2022,高层,中源大道,126.5185218,45.81187279,,35.0,,628,公寓住宅,民用,8.0,12,3.4,11752.0,Heilongjiang,Haerbin,Songbei,Heilongjiang-Haerbin
269071,盛世新天地,哈尔滨,松北,中源大道,2010,高层,中源大道8999号,126.5654852,45.81530031,1.0,30.0,,648,公寓住宅,民用,7.3,12,0.0,8322.0,Heilongjiang,Haerbin,Songbei,Heilongjiang-Haerbin
269070,安康家园,哈尔滨,松北,中源大道,2003,高层,安康路1号,126.5858378,45.87338564,1.0,30.0,,227,公寓住宅,民用,7.5,12,0.0,8427.0,Heilongjiang,Haerbin,Songbei,Heilongjiang-Haerbin
269069,"保利水韵长滩(一期,三期别墅)",哈尔滨,松北,中源大道,2011,低层,"中源大道,近江都街",126.5324747,45.81448544,,51.0,54886.0,141,别墅,民用,7.9,12,-1.22,20489.0,Heilongjiang,Haerbin,Songbei,Heilongjiang-Haerbin
269068,保利观澜,哈尔滨,松北,中源大道,2020,高层,"中源大道,近江都街",126.5314974,45.82145376,1.0,47.0,136069.0,3048,公寓住宅,民用,7.8,12,-0.27,9965.0,Heilongjiang,Haerbin,Songbei,Heilongjiang-Haerbin
268987,正远新座,哈尔滨,松北,松北新区,2013,多层,世博路17号,126.5361095,45.81030134,1.0,40.0,50000.0,339,公寓住宅,民用,7.9,12,0.72,9172.0,Heilongjiang,Haerbin,Songbei,Heilongjiang-Haerbin
269090,阳光雅居,哈尔滨,松北,世茂大道,2019,多层,"龙盛路,近祥安北大街",126.5131934,45.83066243,,40.0,,256,公寓住宅,民用,7.3,12,1.75,7630.0,Heilongjiang,Haerbin,Songbei,Heilongjiang-Haerbin
268956,世茂翡冷翠,哈尔滨,松北,松北新区,2003,多层,星月街518号,126.5106446,45.79708257,1.0,20.0,,336,公寓住宅,民用,7.2,12,0.0,10200.0,Heilongjiang,Haerbin,Songbei,Heilongjiang-Haerbin
269088,四海园小区,哈尔滨,松北,世茂大道,2005,多层|小高层,世茂大道671号,126.545782,45.80561261,1.0,30.0,,363,公寓住宅,民用,7.4,12,0.0,8000.0,Heilongjiang,Haerbin,Songbei,Heilongjiang-Haerbin
269087,汇龙半岛首府,哈尔滨,松北,世茂大道,2018,高层,龙祥路1111号,126.5154854,45.82831373,,30.0,229600.0,1371,公寓住宅,民用,7.5,12,-1.55,15515.0,Heilongjiang,Haerbin,Songbei,Heilongjiang-Haerbin
269086,保利水韵长滩(一期),哈尔滨,松北,世茂大道,2011,高层,龙川路856号,126.5325461,45.81577985,1.0,51.0,,862,公寓住宅,民用,8.0,12,0.01,9985.0,Heilongjiang,Haerbin,Songbei,Heilongjiang-Haerbin
269084,保利观澜,哈尔滨,松北,世茂大道,2020,高层,"中源大道,近江都街",126.5314974,45.82145376,1.0,47.0,136069.0,3048,公寓住宅,民用,7.8,12,-0.27,9965.0,Heilongjiang,Haerbin,Songbei,Heilongjiang-Haerbin
269083,唐宁郡,哈尔滨,松北,世茂大道,2016,高层,丰源街521号,126.4903043,45.80322354,1.0,30.0,,488,公寓住宅,民用,7.4,12,-0.46,13233.0,Heilongjiang,Haerbin,Songbei,Heilongjiang-Haerbin
269082,美域江岛,哈尔滨,松北,世茂大道,2011,高层|超高层,近江街,126.5508184,45.80163546,1.0,42.0,,580,公寓住宅,民用,8.1,12,0.0,14386.0,Heilongjiang,Haerbin,Songbei,Heilongjiang-Haerbin
269080,地中海阳光(一期),哈尔滨,松北,世茂大道,2012,多层|高层,世茂大道132号,126.5175681,45.80327351,1.0,40.0,460000.0,2755,公寓住宅,民用,7.7,12,-2.27,12306.0,Heilongjiang,Haerbin,Songbei,Heilongjiang-Haerbin
269079,北岸明珠,哈尔滨,松北,世茂大道,2011,多层|小高层|高层,世茂大道776号,126.5428197,45.80324554,1.0,42.0,,2493,公寓住宅,民用,7.6,12,0.03,10374.0,Heilongjiang,Haerbin,Songbei,Heilongjiang-Haerbin
268976,永安城,哈尔滨,松北,松北新区,2016,小高层,"江安街,近龙翔路",126.5224969,45.82810188,1.0,45.0,322788.0,3247,公寓住宅,民用,7.9,12,-0.31,7876.0,Heilongjiang,Haerbin,Songbei,Heilongjiang-Haerbin
268975,龙鸿怡家,哈尔滨,松北,松北新区,2012,小高层|高层,龙川路500号,126.5375498,45.81815903,1.0,37.0,104557.0,838,公寓住宅,民用,8.2,12,0.47,11421.0,Heilongjiang,Haerbin,Songbei,Heilongjiang-Haerbin
268974,海域岛屿墅,哈尔滨,松北,松北新区,2009,低层,丁香大道1771号,126.5655843,45.82035558,,41.0,,0,别墅,民用,7.7,12,0.87,15298.0,Heilongjiang,Haerbin,Songbei,Heilongjiang-Haerbin
268973,美丽洋房,哈尔滨,松北,松北新区,2011,小高层,丁香大道1001号,126.5652418,45.82520962,1.0,45.0,,706,公寓住宅,民用,7.6,12,1.59,6721.0,Heilongjiang,Haerbin,Songbei,Heilongjiang-Haerbin
268955,奥林小镇,哈尔滨,松北,松北新区,2011,多层|高层,龙川路369号,126.5373042,45.82099848,1.0,36.0,,2331,公寓住宅,民用,8.1,12,0.37,8231.0,Heilongjiang,Haerbin,Songbei,Heilongjiang-Haerbin
268972,欧美亚世界阳光,哈尔滨,松北,松北新区,2011,多层|小高层,"龙轩路,近祥安北大街",126.5143061,45.82472466,1.0,52.0,,2340,公寓住宅,民用,7.9,12,-0.2,7619.0,Heilongjiang,Haerbin,Songbei,Heilongjiang-Haerbin
268970,北岸润和城(一期),哈尔滨,松北,松北新区,2012,高层,中源大道14577号,126.4862724,45.814752,1.0,20.0,,5104,公寓住宅,民用,7.4,12,-1.84,6269.0,Heilongjiang,Haerbin,Songbei,Heilongjiang-Haerbin
268969,金色江湾(松北),哈尔滨,松北,松北新区,2013,多层|小高层|高层,新湾路763号,126.5355248,45.80626046,1.0,32.7,750000.0,1343,公寓住宅,民用,7.8,12,-0.75,11146.0,Heilongjiang,Haerbin,Songbei,Heilongjiang-Haerbin
268968,绿水小区,哈尔滨,松北,松北新区,2005,多层|小高层,西宁路,126.5353715,45.8233608,1.0,20.0,,2008,公寓住宅,民用,7.7,12,1.4,6219.0,Heilongjiang,Haerbin,Songbei,Heilongjiang-Haerbin
268967,银河小区(松北),哈尔滨,松北,松北新区,2005,多层|小高层,前进路8号,126.5523564,45.81445773,1.0,40.0,,1046,公寓住宅,民用,7.8,12,-2.76,5954.0,Heilongjiang,Haerbin,Songbei,Heilongjiang-Haerbin
268966,盛世香湾,哈尔滨,松北,松北新区,2014,多层|小高层,"丰源街,近世阳路",126.4843462,45.80086469,1.0,42.0,249554.0,1844,公寓住宅,民用,7.4,12,-2.07,8240.0,Heilongjiang,Haerbin,Songbei,Heilongjiang-Haerbin
268965,新里海德公馆,哈尔滨,松北,松北新区,2011,小高层|高层,学富街,126.5652447,45.82306652,1.0,45.0,,2372,公寓住宅,民用,7.7,12,-0.2,7517.0,Heilongjiang,Haerbin,Songbei,Heilongjiang-Haerbin
268964,军安绿色家园,哈尔滨,松北,松北新区,2005,多层,文汇路,126.5498585,45.81782978,1.0,45.0,,2045,公寓住宅,民用,7.7,12,0.25,6428.0,Heilongjiang,Haerbin,Songbei,Heilongjiang-Haerbin
268963,世茂蓝屿,哈尔滨,松北,松北新区,2012,多层,世茂大道36号,126.4862042,45.79412425,1.0,20.0,,1046,公寓住宅,民用,7.4,12,1.22,10391.0,Heilongjiang,Haerbin,Songbei,Heilongjiang-Haerbin
268962,万达秀园,哈尔滨,松北,松北新区,2016,高层,"世林路,近恒源街",126.4936321,45.80758543,1.0,40.0,,3599,公寓住宅,民用,7.6,12,-0.24,9726.0,Heilongjiang,Haerbin,Songbei,Heilongjiang-Haerbin
268961,世茂滨江新城,哈尔滨,松北,松北新区,2009,小高层|高层,世茂大道88号,126.5099097,45.80118551,1.0,20.0,,1500,公寓住宅,民用,7.3,12,-0.35,9138.0,Heilongjiang,Haerbin,Songbei,Heilongjiang-Haerbin
268960,保利公园九号,哈尔滨,松北,松北新区,2011,多层|高层,龙翔路1817号,126.5071626,45.82829856,1.0,40.0,,2339,公寓住宅,民用,7.8,12,-1.39,8422.0,Heilongjiang,Haerbin,Songbei,Heilongjiang-Haerbin
268959,上院,哈尔滨,松北,松北新区,2010,多层|高层,中源大道13777号,126.4940922,45.81526946,1.0,30.0,,2796,公寓住宅,民用,7.4,12,-1.07,10328.0,Heilongjiang,Haerbin,Songbei,Heilongjiang-Haerbin
268958,钻石湾,哈尔滨,松北,松北新区,2018,多层|超高层,世纪大道,126.5187189,45.79917269,1.0,30.0,,4499,公寓住宅,民用,7.6,12,-0.1,13903.0,Heilongjiang,Haerbin,Songbei,Heilongjiang-Haerbin
268957,香树湾,哈尔滨,松北,松北新区,2012,小高层,龙轩路2467号,126.5082856,45.82503953,1.0,40.0,138661.0,1326,公寓住宅,民用,7.9,12,0.52,9286.0,Heilongjiang,Haerbin,Songbei,Heilongjiang-Haerbin
268971,湖畔绿色家园,哈尔滨,松北,松北新区,2006,多层,左岸大街1366号,126.4987902,45.8250806,1.0,30.5,,1607,公寓住宅,民用,7.6,12,-0.37,6245.0,Heilongjiang,Haerbin,Songbei,Heilongjiang-Haerbin
269037,塞纳欧香(别墅),哈尔滨,松北,松北新区,2000,低层,"学富街,近学子街",126.5708364,45.82298648,,50.0,,0,别墅,民用,6.9,12,0.0,15753.0,Heilongjiang,Haerbin,Songbei,Heilongjiang-Haerbin
269050,恒泰悦璟府,哈尔滨,松北,松北新区,2021,高层,"松浦大道,近绕城高速路",126.6098312,45.8666552,,30.0,,854,公寓住宅,民用,6.8,12,0.0,6272.0,Heilongjiang,Haerbin,Songbei,Heilongjiang-Haerbin
269038,汇智环球金贸城,哈尔滨,松北,松北新区,Jun-21,高层,东北亚大街,126.6075822,45.82481119,,35.0,,1698,公寓住宅,民用,7.2,12,0.0,9675.0,Heilongjiang,Haerbin,Songbei,Heilongjiang-Haerbin
266772,广电佳园(别墅),哈尔滨,江北,利民开发区,2000,低层,和谐路,126.5805882,45.88128787,,38.2,,0,别墅,民用,7.1,12,0.0,11679.0,Heilongjiang,Haerbin,Songbei,Heilongjiang-Haerbin
266765,学苑小区,哈尔滨,江北,利民开发区,1998,多层|高层,"和谐路,近利民东二大街",126.5767954,45.88502308,1.0,36.0,,295,公寓住宅,民用,7.8,12,0.0,7814.0,Heilongjiang,Haerbin,Songbei,Heilongjiang-Haerbin
266752,广电佳园,哈尔滨,江北,利民开发区,2000,高层,和谐路,126.5811827,45.88197531,1.0,38.2,,1230,公寓住宅,民用,7.5,12,-1.03,6632.0,Heilongjiang,Haerbin,Songbei,Heilongjiang-Haerbin
266750,明悦浪漫城,哈尔滨,江北,利民开发区,2013,小高层|高层,"和谐路,近安康路",126.5836737,45.88182221,1.0,40.0,312683.0,2864,公寓住宅,民用,7.7,12,0.36,7339.0,Heilongjiang,Haerbin,Songbei,Heilongjiang-Haerbin
266741,美澳阿卡地亚,哈尔滨,江北,学院路,2014,低层,万宝大道,126.5221386,45.84069886,1.0,46.0,65000.0,91,别墅,民用,7.0,12,0.0,11153.0,Heilongjiang,Haerbin,Songbei,Heilongjiang-Haerbin
266744,香榭丽舍,哈尔滨,江北,利民开发区,2015,小高层|高层,上海大街8号,126.5840232,45.87576791,1.0,39.0,,2771,公寓住宅,民用,7.3,12,0.19,7868.0,Heilongjiang,Haerbin,Songbei,Heilongjiang-Haerbin
267046,珠江阳光居,哈尔滨,香坊,安埠,2002,小高层,香化街15号,126.6950251,45.73371433,1.0,30.0,,1131,公寓住宅,民用,8.2,12,0.0,8172.0,Heilongjiang,Haerbin,Xiangfang,Heilongjiang-Haerbin
267047,建德小区,哈尔滨,香坊,安埠,1995,多层|高层,公滨路244号,126.7014331,45.72941077,1.0,25.0,,614,公寓住宅,民用,7.8,12,0.0,9375.0,Heilongjiang,Haerbin,Xiangfang,Heilongjiang-Haerbin
267985,文治头道街32号小区,哈尔滨,香坊,文治街,2000,小高层,文治头道街32号,126.6358738,45.72861954,1.0,30.0,,558,公寓住宅,民用,7.3,12,0.0,9583.0,Heilongjiang,Haerbin,Xiangfang,Heilongjiang-Haerbin
262336,"文化街小区(文化街62号,64号,文兰街14号)",哈尔滨,南岗,文昌街,2012,小高层,"文化街62号,64号,文兰街14号",126.6452835,45.74041419,1.0,30.0,,399,公寓住宅,民用,7.4,12,0.0,8322.0,Heilongjiang,Haerbin,Xiangfang,Heilongjiang-Haerbin
262334,文化街6号小区,哈尔滨,南岗,文昌街,2012,小高层,文化街6号,126.6447415,45.73489685,1.0,30.0,,162,公寓住宅,民用,7.6,12,0.0,7200.0,Heilongjiang,Haerbin,Xiangfang,Heilongjiang-Haerbin
262333,文景街67号小区,哈尔滨,南岗,文昌街,1991,小高层,文景街67号,126.6436394,45.7359991,1.0,20.0,,105,公寓住宅,民用,7.4,12,0.0,7955.0,Heilongjiang,Haerbin,Xiangfang,Heilongjiang-Haerbin
262330,文景街59号小区,哈尔滨,南岗,文昌街,2000,多层,文景街59号,126.64362,45.73525507,1.0,30.0,,232,公寓住宅,民用,7.6,12,0.0,7800.0,Heilongjiang,Haerbin,Xiangfang,Heilongjiang-Haerbin
262325,文府街小区(文府街10号-18号(双号)),哈尔滨,南岗,文昌街,2016,小高层,文府街10号-18号(双号),126.6524076,45.73935488,1.0,30.0,,90,公寓住宅,民用,7.7,12,0.0,8988.0,Heilongjiang,Haerbin,Xiangfang,Heilongjiang-Haerbin
262324,文府街28-1号小区,哈尔滨,南岗,文昌街,2000,多层,"文府街28号,28-1号",126.6510738,45.74027752,1.0,30.0,,144,公寓住宅,民用,8.0,12,0.0,9388.0,Heilongjiang,Haerbin,Xiangfang,Heilongjiang-Haerbin
262323,文政雅居,哈尔滨,南岗,文昌街,2006,小高层,文政街325号,126.6337317,45.73182059,1.0,20.0,,228,公寓住宅,民用,7.8,12,0.0,14086.0,Heilongjiang,Haerbin,Xiangfang,Heilongjiang-Haerbin
262320,文景浩化小区,哈尔滨,南岗,文昌街,2002,多层,文景街88号,126.6430688,45.73524156,1.0,38.0,,506,公寓住宅,民用,7.9,12,0.0,7450.0,Heilongjiang,Haerbin,Xiangfang,Heilongjiang-Haerbin
267021,安埠小区(北区),哈尔滨,香坊,安埠,1993,多层|高层,北卫街23号,126.6931191,45.72750014,1.0,20.0,,3729,公寓住宅,民用,8.2,12,0.53,8882.0,Heilongjiang,Haerbin,Xiangfang,Heilongjiang-Haerbin
267022,延福街257号小区,哈尔滨,香坊,安埠,2018,小高层,"延福街257号,安埠街347号",126.6868599,45.7248145,1.0,30.0,,249,公寓住宅,民用,8.1,12,0.0,9500.0,Heilongjiang,Haerbin,Xiangfang,Heilongjiang-Haerbin
267023,公滨城市花园,哈尔滨,香坊,安埠,2003,多层,珠江路360号,126.7011346,45.73144209,1.0,20.0,,2183,公寓住宅,民用,7.9,12,1.72,8726.0,Heilongjiang,Haerbin,Xiangfang,Heilongjiang-Haerbin
267024,果园星城(D区),哈尔滨,香坊,安埠,2007,小高层,延福街63-11号,126.7008126,45.72651053,1.0,30.0,,1244,公寓住宅,民用,8.0,12,0.0,9304.0,Heilongjiang,Haerbin,Xiangfang,Heilongjiang-Haerbin
267025,果园星城(A区),哈尔滨,香坊,安埠,2007,多层|高层,通天街125号,126.6958445,45.72765583,1.0,30.0,,1663,公寓住宅,民用,8.1,12,-0.8,7961.0,Heilongjiang,Haerbin,Xiangfang,Heilongjiang-Haerbin
267026,四季柏悦,哈尔滨,香坊,安埠,2012,多层|超高层,果园街40号,126.6985226,45.72399011,1.0,40.0,,918,公寓住宅,民用,8.1,12,0.0,8895.0,Heilongjiang,Haerbin,Xiangfang,Heilongjiang-Haerbin
267027,香茗小区,哈尔滨,香坊,安埠,1994,小高层,香茗街8号,126.6824581,45.729222,1.0,35.0,,1600,公寓住宅,民用,8.3,12,0.0,8193.0,Heilongjiang,Haerbin,Xiangfang,Heilongjiang-Haerbin
267028,果园星城(C区),哈尔滨,香坊,安埠,2007,小高层,安埠街67-2号,126.7013354,45.72784118,1.0,30.0,,1401,公寓住宅,民用,7.9,12,-1.18,8896.0,Heilongjiang,Haerbin,Xiangfang,Heilongjiang-Haerbin
267029,果园小区,哈尔滨,香坊,安埠,2007,多层|高层,果园街31号,126.700754,45.7247924,1.0,30.0,,1853,公寓住宅,民用,7.9,12,0.0,10006.0,Heilongjiang,Haerbin,Xiangfang,Heilongjiang-Haerbin
267030,轴承名苑,哈尔滨,香坊,安埠,2007,多层,"油坊街195号,油坊街167号",126.687415,45.72269041,,20.0,,802,公寓住宅,民用,8.3,12,0.0,10584.0,Heilongjiang,Haerbin,Xiangfang,Heilongjiang-Haerbin
267031,果园星城(B区),哈尔滨,香坊,安埠,2007,多层|高层,通天街81号,126.696495,45.72636954,1.0,30.0,,1077,公寓住宅,民用,7.9,12,0.08,7992.0,Heilongjiang,Haerbin,Xiangfang,Heilongjiang-Haerbin
267032,"苏顺胡同小区(苏顺胡同4号,6号,17号)",哈尔滨,香坊,安埠,2012,小高层,"苏顺胡同4号,6号,17号",126.6931354,45.72619103,1.0,30.0,,226,公寓住宅,民用,8.6,12,0.0,10186.0,Heilongjiang,Haerbin,Xiangfang,Heilongjiang-Haerbin
262342,文瑞小区,哈尔滨,南岗,文昌街,1993,小高层,"文化街18号,文瑞街6号",126.6444033,45.73547909,1.0,25.0,,120,公寓住宅,民用,7.6,12,0.0,7275.0,Heilongjiang,Haerbin,Xiangfang,Heilongjiang-Haerbin
267033,高丽花园,哈尔滨,香坊,安埠,2009,多层,北卫街45号,126.6920118,45.72733183,1.0,20.0,,343,公寓住宅,民用,8.3,12,0.0,9861.0,Heilongjiang,Haerbin,Xiangfang,Heilongjiang-Haerbin
262344,文化街1号小区,哈尔滨,南岗,文昌街,1986,多层,文化街1号,126.6430694,45.73441444,1.0,20.0,,0,公寓住宅,民用,7.3,12,0.0,8980.0,Heilongjiang,Haerbin,Xiangfang,Heilongjiang-Haerbin
262414,理工大学南区家属楼,哈尔滨,南岗,学府,1991,小高层,林园路4号,126.62915,45.7119057,1.0,20.0,,289,公寓住宅,民用,7.3,12,0.0,7777.0,Heilongjiang,Haerbin,Xiangfang,Heilongjiang-Haerbin
263244,哈发电厂住宅(东区),哈尔滨,南岗,教化,1982,多层|小高层,"文舍街,近文端街",126.647322,45.73915195,1.0,20.0,,1138,公寓住宅,民用,8.0,12,0.0,7909.0,Heilongjiang,Haerbin,Xiangfang,Heilongjiang-Haerbin
263192,花兰社区,哈尔滨,南岗,省政府南岗片,1990,小高层,"和平二道街,近文化街",126.6459884,45.73901768,1.0,26.0,,96,公寓住宅,民用,7.4,12,0.0,9333.0,Heilongjiang,Haerbin,Xiangfang,Heilongjiang-Haerbin
263190,省政府住宅楼,哈尔滨,南岗,省政府南岗片,1996,多层,文府街4号,126.6528744,45.73884555,1.0,20.0,,298,公寓住宅,民用,7.6,12,0.0,8557.0,Heilongjiang,Haerbin,Xiangfang,Heilongjiang-Haerbin
263175,龙行2000商住楼,哈尔滨,南岗,省政府南岗片,2004,高层,赣水路9号,126.6625611,45.73827952,1.0,30.0,,126,公寓住宅,民用,8.1,12,0.0,13931.0,Heilongjiang,Haerbin,Xiangfang,Heilongjiang-Haerbin
263167,文府街小区(文府街10号-18号(双号)),哈尔滨,南岗,省政府南岗片,2016,小高层,文府街10号-18号(双号),126.6524076,45.73935488,1.0,30.0,,90,公寓住宅,民用,7.7,12,0.0,8988.0,Heilongjiang,Haerbin,Xiangfang,Heilongjiang-Haerbin
263166,文府街28-1号小区,哈尔滨,南岗,省政府南岗片,2000,多层,"文府街28号,28-1号",126.6510738,45.74027752,1.0,30.0,,144,公寓住宅,民用,8.0,12,0.0,9388.0,Heilongjiang,Haerbin,Xiangfang,Heilongjiang-Haerbin
263164,电力物资公寓,哈尔滨,南岗,省政府南岗片,2000,多层|高层,文景街106号,126.6445921,45.74000001,1.0,25.0,,329,公寓住宅,民用,7.8,12,0.0,9926.0,Heilongjiang,Haerbin,Xiangfang,Heilongjiang-Haerbin
263159,三文小区,哈尔滨,南岗,省政府南岗片,2001,多层|小高层,文化街26号,126.6444334,45.73750865,1.0,20.0,,598,公寓住宅,民用,7.7,12,0.0,7896.0,Heilongjiang,Haerbin,Xiangfang,Heilongjiang-Haerbin
263156,文府嘉园,哈尔滨,南岗,省政府南岗片,2017,高层,文府街副8号,126.6511051,45.73930745,1.0,20.0,,863,公寓住宅,民用,8.2,12,0.0,13268.0,Heilongjiang,Haerbin,Xiangfang,Heilongjiang-Haerbin
263155,天宝小区,哈尔滨,南岗,省政府南岗片,1993,小高层,文化街16号,126.6437114,45.73543588,1.0,20.0,,1439,公寓住宅,民用,7.7,12,-0.6,7504.0,Heilongjiang,Haerbin,Xiangfang,Heilongjiang-Haerbin
263085,和兴路65号小区,哈尔滨,南岗,和兴路,1982,小高层,和兴路65号,126.6320764,45.72371474,1.0,20.0,,192,公寓住宅,民用,7.5,12,0.0,9541.0,Heilongjiang,Haerbin,Xiangfang,Heilongjiang-Haerbin
263033,原武警黄金部队家属楼,哈尔滨,南岗,保健路,1991,小高层,保健副路1号,126.6324871,45.70405592,1.0,20.0,,216,公寓住宅,民用,7.5,12,0.0,10126.0,Heilongjiang,Haerbin,Xiangfang,Heilongjiang-Haerbin
263025,黑大芳洲园,哈尔滨,南岗,保健路,2000,小高层,"学府四道街,近征仪路",126.6312718,45.70516435,1.0,32.0,,1013,公寓住宅,民用,7.7,12,0.0,10500.0,Heilongjiang,Haerbin,Xiangfang,Heilongjiang-Haerbin
262711,文兰街小区(文兰街16号-28号(双号)),哈尔滨,南岗,工人文化宫,1994,小高层,文兰街16号-28号(双号),126.6442586,45.74065889,1.0,20.0,,66,公寓住宅,民用,7.6,12,0.0,8400.0,Heilongjiang,Haerbin,Xiangfang,Heilongjiang-Haerbin
262704,文昌街171号小区,哈尔滨,南岗,工人文化宫,1986,多层,文昌街171号,126.645088,45.73985874,1.0,20.0,,411,公寓住宅,民用,7.3,12,0.0,7678.0,Heilongjiang,Haerbin,Xiangfang,Heilongjiang-Haerbin
262686,"文化街小区(文化街62号,64号,文兰街14号)",哈尔滨,南岗,工人文化宫,2012,小高层,"文化街62号,64号,文兰街14号",126.6452835,45.74041419,1.0,30.0,,399,公寓住宅,民用,7.4,12,0.0,8322.0,Heilongjiang,Haerbin,Xiangfang,Heilongjiang-Haerbin
262660,文府街小区(文府街10号-18号(双号)),哈尔滨,南岗,工人文化宫,2016,小高层,文府街10号-18号(双号),126.6524076,45.73935488,1.0,30.0,,90,公寓住宅,民用,7.7,12,0.0,8988.0,Heilongjiang,Haerbin,Xiangfang,Heilongjiang-Haerbin
262659,文府街28-1号小区,哈尔滨,南岗,工人文化宫,2000,多层,"文府街28号,28-1号",126.6510738,45.74027752,1.0,30.0,,144,公寓住宅,民用,8.0,12,0.0,9388.0,Heilongjiang,Haerbin,Xiangfang,Heilongjiang-Haerbin
262434,四季芳洲,哈尔滨,南岗,征仪路,2003,多层,启智路36号,126.6296851,45.70348251,1.0,45.0,,1140,公寓住宅,民用,8.0,12,-0.19,8063.0,Heilongjiang,Haerbin,Xiangfang,Heilongjiang-Haerbin
262366,红升名都小区,哈尔滨,南岗,信恒现代城,2009,多层,长江路,126.7147645,45.75374043,1.0,20.0,,598,公寓住宅,民用,7.5,12,0.0,4210.0,Heilongjiang,Haerbin,Xiangfang,Heilongjiang-Haerbin
267034,顺水小区,哈尔滨,香坊,安埠,1997,多层,顺水街20号,126.6835091,45.72989025,1.0,35.0,,1343,公寓住宅,民用,8.7,12,0.0,9688.0,Heilongjiang,Haerbin,Xiangfang,Heilongjiang-Haerbin
267036,香武胡同1号小区,哈尔滨,香坊,安埠,1991,小高层,香武胡同1号,126.6788918,45.72285374,1.0,20.0,,180,公寓住宅,民用,8.1,12,0.0,7708.0,Heilongjiang,Haerbin,Xiangfang,Heilongjiang-Haerbin
267829,府林里家属楼,哈尔滨,香坊,菜艺街,1983,高层,珠江路06号,126.6775029,45.73437095,1.0,20.0,,342,公寓住宅,民用,8.3,12,0.0,8604.0,Heilongjiang,Haerbin,Xiangfang,Heilongjiang-Haerbin
267828,通站街4号小区,哈尔滨,香坊,菜艺街,1996,多层,通站街4号,126.6821843,45.72135166,1.0,20.0,,72,公寓住宅,民用,7.6,12,0.0,9375.0,Heilongjiang,Haerbin,Xiangfang,Heilongjiang-Haerbin
267827,红旗大街116号小区,哈尔滨,香坊,菜艺街,1998,小高层,红旗大街116号,126.6859785,45.73374788,1.0,20.0,,210,公寓住宅,民用,8.4,12,0.0,9112.0,Heilongjiang,Haerbin,Xiangfang,Heilongjiang-Haerbin
267826,香安小区,哈尔滨,香坊,菜艺街,1997,多层,三辅街26号,126.6787354,45.73138935,1.0,35.0,,1672,公寓住宅,民用,8.7,12,0.0,10000.0,Heilongjiang,Haerbin,Xiangfang,Heilongjiang-Haerbin
267825,电力大院,哈尔滨,香坊,菜艺街,2002,小高层,增福街156号,126.6875997,45.72334991,1.0,30.0,,456,公寓住宅,民用,8.3,12,0.0,7152.0,Heilongjiang,Haerbin,Xiangfang,Heilongjiang-Haerbin
267824,香安电力住宅小区,哈尔滨,香坊,菜艺街,1997,多层|小高层,菜艺街37号,126.6793054,45.72960243,1.0,20.0,,646,公寓住宅,民用,8.4,12,0.0,8125.0,Heilongjiang,Haerbin,Xiangfang,Heilongjiang-Haerbin
267823,"苏顺胡同小区(苏顺胡同4号,6号,17号)",哈尔滨,香坊,菜艺街,2012,小高层,"苏顺胡同4号,6号,17号",126.6931354,45.72619103,1.0,30.0,,226,公寓住宅,民用,8.6,12,0.0,10186.0,Heilongjiang,Haerbin,Xiangfang,Heilongjiang-Haerbin
267822,空军家属楼,哈尔滨,香坊,三大动力,2003,小高层,进乡街72号,126.6764942,45.70452325,1.0,30.0,,42,公寓住宅,民用,7.3,12,0.0,8604.0,Heilongjiang,Haerbin,Xiangfang,Heilongjiang-Haerbin
267821,润禾香都城,哈尔滨,香坊,三大动力,2019,高层,联草街5-3号,126.6636269,45.70299098,1.0,30.0,,1088,公寓住宅,民用,8.0,12,0.0,12400.0,Heilongjiang,Haerbin,Xiangfang,Heilongjiang-Haerbin
267820,黛秀公寓,哈尔滨,香坊,三大动力,2000,小高层,健康路32号,126.6486873,45.70782645,1.0,20.0,,217,公寓住宅,民用,7.6,12,0.0,8539.0,Heilongjiang,Haerbin,Xiangfang,Heilongjiang-Haerbin
267819,和平路73-6号小区,哈尔滨,香坊,三大动力,2000,小高层,和平路73-6号,126.6490139,45.72297219,1.0,30.0,,126,公寓住宅,民用,7.4,12,0.0,8297.0,Heilongjiang,Haerbin,Xiangfang,Heilongjiang-Haerbin
267818,健康路66号小区,哈尔滨,香坊,三大动力,2002,小高层,健康路66号,126.6527081,45.71289496,1.0,30.0,,105,公寓住宅,民用,7.6,12,0.0,7900.0,Heilongjiang,Haerbin,Xiangfang,Heilongjiang-Haerbin
267817,和平路73号小区,哈尔滨,香坊,三大动力,2004,小高层,和平路73号,126.6468097,45.72479148,1.0,30.0,,536,公寓住宅,民用,7.4,12,0.0,8750.0,Heilongjiang,Haerbin,Xiangfang,Heilongjiang-Haerbin
267816,二建住宅综合楼,哈尔滨,香坊,三大动力,1991,小高层,健康路33号,126.6509065,45.70815279,1.0,20.0,,68,公寓住宅,民用,7.5,12,0.0,9133.0,Heilongjiang,Haerbin,Xiangfang,Heilongjiang-Haerbin
267815,三大动力路小区(三大动力路406号-422号(双号)),哈尔滨,香坊,三大动力,2000,小高层,三大动力路406号-422号(双号),126.6591035,45.71236036,1.0,30.0,,112,公寓住宅,民用,8.1,12,0.0,7545.0,Heilongjiang,Haerbin,Xiangfang,Heilongjiang-Haerbin
267814,"电教街小区(电教街4-1号,4-2号,10号)",哈尔滨,香坊,三大动力,2002,多层,"电教街4-1号,4-2号,10号",126.6524302,45.70892643,1.0,30.0,,114,公寓住宅,民用,7.5,12,0.0,8445.0,Heilongjiang,Haerbin,Xiangfang,Heilongjiang-Haerbin
267813,健康路58号小区,哈尔滨,香坊,三大动力,2008,小高层,健康路58号,126.6508612,45.71055056,1.0,30.0,,0,公寓住宅,民用,7.6,12,0.0,6600.0,Heilongjiang,Haerbin,Xiangfang,Heilongjiang-Haerbin
267812,和平路81-3号公寓,哈尔滨,香坊,三大动力,2002,小高层,和平路81-3号,126.6479756,45.72590407,1.0,30.0,,0,商住楼,商用,7.3,12,0.0,5250.0,Heilongjiang,Haerbin,Xiangfang,Heilongjiang-Haerbin
267811,电力小区(香坊),哈尔滨,香坊,三大动力,1997,多层,康新路,126.6519111,45.70788754,,20.0,,308,公寓住宅,民用,7.3,12,0.0,7800.0,Heilongjiang,Haerbin,Xiangfang,Heilongjiang-Haerbin
267810,三大动力路小区(三大动力路48-162号(双号)),哈尔滨,香坊,三大动力,2020,多层,三大动力路48-162号(双号),126.6465076,45.71658655,1.0,30.0,,219,公寓住宅,民用,7.5,12,0.0,10000.0,Heilongjiang,Haerbin,Xiangfang,Heilongjiang-Haerbin
267809,三大动力路366号小区,哈尔滨,香坊,三大动力,2002,多层,三大动力路366号,126.6560736,45.71353272,1.0,30.0,,0,公寓住宅,民用,7.6,12,0.0,8000.0,Heilongjiang,Haerbin,Xiangfang,Heilongjiang-Haerbin
267830,三辅花园小区,哈尔滨,香坊,菜艺街,2001,小高层,三辅二道街24-19号,126.6758913,45.73156363,1.0,30.0,,730,公寓住宅,民用,8.7,12,0.0,8605.0,Heilongjiang,Haerbin,Xiangfang,Heilongjiang-Haerbin
267035,枫桥国际,哈尔滨,香坊,安埠,2006,小高层|高层,红旗大街72号,126.6841944,45.72663396,1.0,30.0,,384,公寓住宅,民用,8.4,12,0.0,10920.0,Heilongjiang,Haerbin,Xiangfang,Heilongjiang-Haerbin
267831,地王大厦,哈尔滨,香坊,菜艺街,2000,高层,赣水路30号,126.6679993,45.73989139,1.0,20.0,,114,公寓住宅,民用,8.2,12,0.0,11250.0,Heilongjiang,Haerbin,Xiangfang,Heilongjiang-Haerbin
267833,中山路69号小区,哈尔滨,香坊,菜艺街,1991,小高层,"中山路69号,三辅街146号,三辅街169号",126.6678139,45.72879506,1.0,20.0,,282,公寓住宅,民用,8.2,12,0.0,10166.0,Heilongjiang,Haerbin,Xiangfang,Heilongjiang-Haerbin
267037,通站小区四街区,哈尔滨,香坊,安埠,2011,小高层,轴承街27号,126.6806597,45.72056751,1.0,30.0,,193,公寓住宅,民用,8.1,12,0.0,10725.0,Heilongjiang,Haerbin,Xiangfang,Heilongjiang-Haerbin
267038,电力大院,哈尔滨,香坊,安埠,2002,小高层,增福街156号,126.6875997,45.72334991,1.0,30.0,,456,公寓住宅,民用,8.3,12,0.0,7152.0,Heilongjiang,Haerbin,Xiangfang,Heilongjiang-Haerbin
267039,香安小区,哈尔滨,香坊,安埠,1997,多层,三辅街26号,126.6787354,45.73138935,1.0,35.0,,1672,公寓住宅,民用,8.7,12,0.0,10000.0,Heilongjiang,Haerbin,Xiangfang,Heilongjiang-Haerbin
267040,司法警官住宅,哈尔滨,香坊,安埠,1985,小高层,延福街2号,126.701983,45.72564768,1.0,20.0,,296,公寓住宅,民用,7.5,12,0.0,8178.0,Heilongjiang,Haerbin,Xiangfang,Heilongjiang-Haerbin
267041,安埠(二期),哈尔滨,香坊,安埠,2004,小高层,安埠街402号,126.6895481,45.72704672,1.0,30.0,,2512,公寓住宅,民用,8.5,12,0.46,8465.0,Heilongjiang,Haerbin,Xiangfang,Heilongjiang-Haerbin
267042,东滨广场小区,哈尔滨,香坊,安埠,2008,高层,"增福街169号,173号,181号,185号,191号,195号",126.6880358,45.72409901,1.0,30.0,,1426,公寓住宅,民用,8.4,12,0.0,11168.0,Heilongjiang,Haerbin,Xiangfang,Heilongjiang-Haerbin
267043,增福小区,哈尔滨,香坊,安埠,1998,多层|小高层,增福街136号,126.6882295,45.72329461,1.0,32.0,,947,公寓住宅,民用,8.3,12,0.0,8549.0,Heilongjiang,Haerbin,Xiangfang,Heilongjiang-Haerbin
267044,粮库小区,哈尔滨,香坊,安埠,1990,多层|小高层,粮库街1号,126.6847371,45.71321044,1.0,20.0,,245,公寓住宅,民用,7.6,12,0.0,8178.0,Heilongjiang,Haerbin,Xiangfang,Heilongjiang-Haerbin
267045,鸡场小区,哈尔滨,香坊,安埠,1993,多层|小高层,东门街80号,126.7036825,45.72897546,1.0,20.0,,2121,公寓住宅,民用,7.7,12,-1.44,7655.0,Heilongjiang,Haerbin,Xiangfang,Heilongjiang-Haerbin
267845,西骑兵街38-1号小区,哈尔滨,香坊,菜艺街,2000,小高层,西骑兵街38-1号,126.6654162,45.72585943,1.0,30.0,,250,公寓住宅,民用,8.4,12,0.0,9364.0,Heilongjiang,Haerbin,Xiangfang,Heilongjiang-Haerbin
267844,香木街副12-10号小区,哈尔滨,香坊,菜艺街,2000,小高层,香木街副12-10号,126.6717714,45.72310981,1.0,30.0,,368,公寓住宅,民用,7.5,12,0.0,9030.0,Heilongjiang,Haerbin,Xiangfang,Heilongjiang-Haerbin
267843,锅炉厂厂前小区,哈尔滨,香坊,菜艺街,2002,小高层,旭升街27号,126.6616736,45.70725471,1.0,30.0,,342,公寓住宅,民用,7.6,12,0.0,7550.0,Heilongjiang,Haerbin,Xiangfang,Heilongjiang-Haerbin
267842,公滨路369号小区,哈尔滨,香坊,菜艺街,2009,小高层,公滨路369号,126.6872006,45.72844493,1.0,30.0,,400,公寓住宅,民用,8.2,12,0.0,9326.0,Heilongjiang,Haerbin,Xiangfang,Heilongjiang-Haerbin
267841,公滨路388-1号小区,哈尔滨,香坊,菜艺街,2002,小高层,公滨路388-1号,126.6862372,45.72675164,1.0,30.0,,192,公寓住宅,民用,8.3,12,0.0,9111.0,Heilongjiang,Haerbin,Xiangfang,Heilongjiang-Haerbin
267840,"菜艺街49,77号小区",哈尔滨,香坊,菜艺街,2000,小高层,"菜艺街49,77号",126.6786632,45.73023391,1.0,30.0,,504,公寓住宅,民用,8.2,12,0.0,9360.0,Heilongjiang,Haerbin,Xiangfang,Heilongjiang-Haerbin
267839,司徒街61号小区,哈尔滨,香坊,菜艺街,1991,小高层,司徒街61号,126.674536,45.7288586,1.0,20.0,,488,公寓住宅,民用,8.2,12,0.0,9111.0,Heilongjiang,Haerbin,Xiangfang,Heilongjiang-Haerbin
267838,红旗大街小区(红旗大街93号-99号(单号),哈尔滨,香坊,菜艺街,1996,小高层,红旗大街93号-99号(单号),126.6852504,45.72720182,1.0,20.0,,262,公寓住宅,民用,8.2,12,0.0,8042.0,Heilongjiang,Haerbin,Xiangfang,Heilongjiang-Haerbin
267837,司徒街54号小区,哈尔滨,香坊,菜艺街,1991,小高层,司徒街54号,126.6746033,45.72491862,1.0,20.0,,54,公寓住宅,民用,8.0,12,0.0,7878.0,Heilongjiang,Haerbin,Xiangfang,Heilongjiang-Haerbin
267836,"香顺街小区(香顺街80号,新香里街3号)",哈尔滨,香坊,菜艺街,2000,小高层,"香顺街80号,新香里街3号",126.6699523,45.72899285,1.0,30.0,,313,公寓住宅,民用,8.7,12,0.0,8666.0,Heilongjiang,Haerbin,Xiangfang,Heilongjiang-Haerbin
267835,六顺街105-125号小区,哈尔滨,香坊,菜艺街,2010,小高层,六顺街105-125号,126.6718997,45.73304884,1.0,30.0,,441,公寓住宅,民用,8.3,12,0.0,8285.0,Heilongjiang,Haerbin,Xiangfang,Heilongjiang-Haerbin
267834,六顺街小区(六顺街176号-184号(双号)),哈尔滨,香坊,菜艺街,2010,小高层,六顺街176号-184号(双号),126.6704926,45.73223757,1.0,30.0,,204,公寓住宅,民用,8.1,12,0.0,7132.0,Heilongjiang,Haerbin,Xiangfang,Heilongjiang-Haerbin
267832,珠江阳光居,哈尔滨,香坊,菜艺街,2002,小高层,香化街15号,126.6950251,45.73371433,1.0,30.0,,1131,公寓住宅,民用,8.2,12,0.0,8172.0,Heilongjiang,Haerbin,Xiangfang,Heilongjiang-Haerbin
263504,绿园小区,哈尔滨,香坊,民生路,2003,多层|小高层,民生路,126.6587041,45.72930116,1.0,20.0,,745,公寓住宅,民用,8.1,12,-1.44,10814.0,Heilongjiang,Haerbin,Xiangfang,Heilongjiang-Haerbin
263505,中北春城(二期),哈尔滨,香坊,民生路,2007,多层|高层,香滨路4号,126.6594985,45.72499894,1.0,39.0,,922,公寓住宅,民用,8.3,12,-0.77,11879.0,Heilongjiang,Haerbin,Xiangfang,Heilongjiang-Haerbin
264431,和平路81-3号公寓,哈尔滨,香坊,文政,2002,小高层,和平路81-3号,126.6479756,45.72590407,1.0,30.0,,0,商住楼,商用,7.3,12,0.0,5250.0,Heilongjiang,Haerbin,Xiangfang,Heilongjiang-Haerbin
264427,铁路文政小区,哈尔滨,香坊,文政,1993,多层,文政街,126.6435533,45.72769438,1.0,20.0,,1074,公寓住宅,民用,7.4,12,-0.56,9785.0,Heilongjiang,Haerbin,Xiangfang,Heilongjiang-Haerbin
264426,规划街14号小区,哈尔滨,香坊,文政,1986,小高层,规划街14号,126.6498899,45.72584638,1.0,20.0,,143,公寓住宅,民用,8.0,12,0.0,8000.0,Heilongjiang,Haerbin,Xiangfang,Heilongjiang-Haerbin
264425,文政街349号小区,哈尔滨,香坊,文政,2002,小高层,文政街349号,126.6326695,45.73215233,1.0,30.0,,288,公寓住宅,民用,7.9,12,0.0,11315.0,Heilongjiang,Haerbin,Xiangfang,Heilongjiang-Haerbin
264424,文政雅居,哈尔滨,香坊,文政,2006,小高层,文政街325号,126.6337317,45.73182059,1.0,20.0,,228,公寓住宅,民用,7.8,12,0.0,14086.0,Heilongjiang,Haerbin,Xiangfang,Heilongjiang-Haerbin
264423,农林七道街4号小区,哈尔滨,香坊,文政,2002,多层,"农林七道街2,4号",126.6341246,45.72375713,1.0,30.0,,138,公寓住宅,民用,7.7,12,0.0,9272.0,Heilongjiang,Haerbin,Xiangfang,Heilongjiang-Haerbin
264422,文政佳园,哈尔滨,香坊,文政,2002,高层,香恒路,126.6619298,45.72159368,1.0,30.0,,736,公寓住宅,民用,8.2,12,0.0,9495.0,Heilongjiang,Haerbin,Xiangfang,Heilongjiang-Haerbin
264421,文景花园,哈尔滨,香坊,文政,2005,多层,文景二道街9号,126.6445331,45.73108723,1.0,32.0,,290,公寓住宅,民用,8.1,12,0.0,13076.0,Heilongjiang,Haerbin,Xiangfang,Heilongjiang-Haerbin
264420,华侨丽景,哈尔滨,香坊,文政,2015,小高层,和平路81号,126.6483351,45.72477863,1.0,30.0,,451,公寓住宅,民用,7.7,12,0.0,13219.0,Heilongjiang,Haerbin,Xiangfang,Heilongjiang-Haerbin
264419,融创四季印像,哈尔滨,香坊,文政,Apr-22,高层,文景二道街,126.6455396,45.73059747,,35.0,,4299,公寓住宅,民用,8.1,12,0.0,13872.0,Heilongjiang,Haerbin,Xiangfang,Heilongjiang-Haerbin
264418,铁路文政新区,哈尔滨,香坊,文政,2001,多层,文昌街184号,126.6377985,45.72923167,1.0,15.0,,2200,公寓住宅,民用,7.7,12,-0.69,11455.0,Heilongjiang,Haerbin,Xiangfang,Heilongjiang-Haerbin
264417,中医药大学家属楼,哈尔滨,香坊,文政,2000,多层,和平路24号,126.6385975,45.72451526,,30.0,,1860,公寓住宅,民用,7.6,12,-0.29,9778.0,Heilongjiang,Haerbin,Xiangfang,Heilongjiang-Haerbin
264416,华侨名苑,哈尔滨,香坊,文政,2013,多层,规划街8-4号,126.6522433,45.72460398,1.0,20.0,,758,公寓住宅,民用,7.5,12,0.02,8115.0,Heilongjiang,Haerbin,Xiangfang,Heilongjiang-Haerbin
264396,文景浩化小区,哈尔滨,南岗,革新,2002,多层,文景街88号,126.6430688,45.73524156,1.0,38.0,,506,公寓住宅,民用,7.9,12,0.0,7450.0,Heilongjiang,Haerbin,Xiangfang,Heilongjiang-Haerbin
264065,文端街小区(文端街30号-36号(双号)),哈尔滨,南岗,大成,1991,小高层,文端街30号-36号(双号),126.6494307,45.73994235,1.0,20.0,,72,公寓住宅,民用,7.3,12,0.0,8135.0,Heilongjiang,Haerbin,Xiangfang,Heilongjiang-Haerbin
264061,文化街121号小区,哈尔滨,南岗,大成,2012,小高层,文化街121号,126.6457408,45.74058528,1.0,30.0,,142,公寓住宅,民用,8.1,12,0.0,8625.0,Heilongjiang,Haerbin,Xiangfang,Heilongjiang-Haerbin
264042,文舍街1号小区,哈尔滨,南岗,大成,1991,小高层,文舍街1号,126.6469408,45.73974626,1.0,20.0,,224,公寓住宅,民用,7.3,12,0.0,8619.0,Heilongjiang,Haerbin,Xiangfang,Heilongjiang-Haerbin
263957,文端街小区(文端街30号-36号(双号)),哈尔滨,南岗,文府街,1991,小高层,文端街30号-36号(双号),126.6494307,45.73994235,1.0,20.0,,72,公寓住宅,民用,7.3,12,0.0,8135.0,Heilongjiang,Haerbin,Xiangfang,Heilongjiang-Haerbin
263954,"文化街小区(文化街62号,64号,文兰街14号)",哈尔滨,南岗,文府街,2012,小高层,"文化街62号,64号,文兰街14号",126.6452835,45.74041419,1.0,30.0,,399,公寓住宅,民用,7.4,12,0.0,8322.0,Heilongjiang,Haerbin,Xiangfang,Heilongjiang-Haerbin
263952,文化街6号小区,哈尔滨,南岗,文府街,2012,小高层,文化街6号,126.6447415,45.73489685,1.0,30.0,,162,公寓住宅,民用,7.6,12,0.0,7200.0,Heilongjiang,Haerbin,Xiangfang,Heilongjiang-Haerbin
264432,"新启街小区(新启街8-1号,10号)",哈尔滨,香坊,文政,2002,小高层,"新启街8-1号,10号",126.6310889,45.73174562,1.0,30.0,,112,公寓住宅,民用,7.5,12,0.0,10929.0,Heilongjiang,Haerbin,Xiangfang,Heilongjiang-Haerbin
263951,文景街67号小区,哈尔滨,南岗,文府街,1991,小高层,文景街67号,126.6436394,45.7359991,1.0,20.0,,105,公寓住宅,民用,7.4,12,0.0,7955.0,Heilongjiang,Haerbin,Xiangfang,Heilongjiang-Haerbin
264433,华侨名苑(别墅),哈尔滨,香坊,文政,2013,低层,规划街8-6号,126.6518061,45.72438697,1.0,50.0,,0,别墅,民用,7.3,12,0.0,10263.0,Heilongjiang,Haerbin,Xiangfang,Heilongjiang-Haerbin
264435,和平路73-6号小区,哈尔滨,香坊,文政,2000,小高层,和平路73-6号,126.6490139,45.72297219,1.0,30.0,,126,公寓住宅,民用,7.4,12,0.0,8297.0,Heilongjiang,Haerbin,Xiangfang,Heilongjiang-Haerbin
264572,龙行2000商住楼,哈尔滨,开发区,鸿翔路,2004,高层,赣水路9号,126.6625611,45.73827952,1.0,30.0,,126,公寓住宅,民用,8.1,12,0.0,13931.0,Heilongjiang,Haerbin,Xiangfang,Heilongjiang-Haerbin
264571,恒大中央广场,哈尔滨,香坊,农大,2022,高层,电碳路6号,126.7235187,45.71576579,1.0,35.0,682900.0,6993,公寓住宅,民用,7.7,12,0.0,8908.0,Heilongjiang,Haerbin,Xiangfang,Heilongjiang-Haerbin
264570,"电碳路小区(电碳路67号,67-1号,69号,69-1号)",哈尔滨,香坊,农大,2000,小高层,"电碳路67号,67-1号,69号,69-1号",126.7274941,45.72219065,1.0,30.0,,440,公寓住宅,民用,7.2,12,0.0,6346.0,Heilongjiang,Haerbin,Xiangfang,Heilongjiang-Haerbin
264569,省气象台家属楼,哈尔滨,香坊,农大,1991,小高层,电碳路71-1号,126.7275733,45.72426848,1.0,20.0,,297,公寓住宅,民用,7.1,12,0.0,6850.0,Heilongjiang,Haerbin,Xiangfang,Heilongjiang-Haerbin
264568,木材西街4号小区,哈尔滨,香坊,农大,2005,小高层,木材西街4号,126.7160113,45.72956383,1.0,30.0,,126,公寓住宅,民用,7.2,12,0.0,6666.0,Heilongjiang,Haerbin,Xiangfang,Heilongjiang-Haerbin
264567,东站街9号小区,哈尔滨,香坊,农大,1995,小高层,东站街9号,126.7123938,45.73443985,1.0,20.0,,54,公寓住宅,民用,7.4,12,0.0,7600.0,Heilongjiang,Haerbin,Xiangfang,Heilongjiang-Haerbin
264566,东北农业大学教职工公寓,哈尔滨,香坊,农大,2000,高层,化工路100号,126.7281986,45.74103891,1.0,30.0,,1254,公寓住宅,民用,7.4,12,0.0,10469.0,Heilongjiang,Haerbin,Xiangfang,Heilongjiang-Haerbin
264564,电碳路67号小区,哈尔滨,香坊,农大,2002,小高层,电碳路67号,126.7270985,45.72302473,1.0,30.0,,440,公寓住宅,民用,7.3,12,0.0,8100.0,Heilongjiang,Haerbin,Xiangfang,Heilongjiang-Haerbin
264563,红升名都小区,哈尔滨,香坊,农大,2009,多层,长江路,126.7147645,45.75374043,1.0,20.0,,598,公寓住宅,民用,7.5,12,0.0,4210.0,Heilongjiang,Haerbin,Xiangfang,Heilongjiang-Haerbin
264562,卓琳家园,哈尔滨,香坊,农大,2017,高层|超高层,公滨路185号,126.7136971,45.72960214,,30.0,130000.0,375,公寓住宅,民用,7.9,12,0.0,10000.0,Heilongjiang,Haerbin,Xiangfang,Heilongjiang-Haerbin
264561,温哥华森林(二期),哈尔滨,香坊,农大,2018,高层,香福路188号,126.757863,45.73631627,1.0,30.0,,1026,公寓住宅,民用,7.6,12,-3.33,7066.0,Heilongjiang,Haerbin,Xiangfang,Heilongjiang-Haerbin
264560,福禄家园,哈尔滨,香坊,农大,2005,多层,木材北街10号,126.7236115,45.73367761,1.0,30.0,,469,公寓住宅,民用,7.5,12,0.0,7244.0,Heilongjiang,Haerbin,Xiangfang,Heilongjiang-Haerbin
264559,园丁新区,哈尔滨,香坊,农大,2005,小高层,互助街143号,126.7147019,45.73331027,1.0,27.0,,554,公寓住宅,民用,7.8,12,0.0,6280.0,Heilongjiang,Haerbin,Xiangfang,Heilongjiang-Haerbin
264558,明光水岸,哈尔滨,香坊,农大,2014,高层,公滨路107号,126.7216037,45.72820765,1.0,40.0,,933,公寓住宅,民用,7.9,12,0.42,9306.0,Heilongjiang,Haerbin,Xiangfang,Heilongjiang-Haerbin
264557,河畔花园,哈尔滨,香坊,农大,1993,多层|小高层,木材东街,126.7197363,45.72146988,1.0,20.0,,4514,公寓住宅,民用,7.3,12,-0.78,8088.0,Heilongjiang,Haerbin,Xiangfang,Heilongjiang-Haerbin
264556,城东新居,哈尔滨,香坊,农大,2005,多层,木材东街51号,126.7196305,45.72887376,1.0,25.0,,3900,公寓住宅,民用,7.6,12,0.69,6906.0,Heilongjiang,Haerbin,Xiangfang,Heilongjiang-Haerbin
264439,黑龙江省城市规划勘测设计研究院家属楼,哈尔滨,香坊,文政,2016,小高层,和平路83号,126.6488519,45.72637339,1.0,30.0,,52,公寓住宅,民用,7.7,12,0.0,10717.0,Heilongjiang,Haerbin,Xiangfang,Heilongjiang-Haerbin
264438,文政街小区(文政街212号-216号(双号)),哈尔滨,香坊,文政,1993,小高层,文政街212号-216号(双号),126.6311519,45.73214971,1.0,20.0,,77,公寓住宅,民用,7.3,12,0.0,9447.0,Heilongjiang,Haerbin,Xiangfang,Heilongjiang-Haerbin
264437,文政街405号小区,哈尔滨,香坊,文政,1991,小高层,文政街405号,126.6296305,45.73340408,1.0,20.0,,56,公寓住宅,民用,7.4,12,0.0,9594.0,Heilongjiang,Haerbin,Xiangfang,Heilongjiang-Haerbin
264436,王兆小区(农机),哈尔滨,香坊,文政,1990,多层,王兆街51号,126.6324152,45.72856816,1.0,20.0,,192,公寓住宅,民用,7.3,12,0.0,10817.0,Heilongjiang,Haerbin,Xiangfang,Heilongjiang-Haerbin
264434,和平路73号小区,哈尔滨,香坊,文政,2004,小高层,和平路73号,126.6468097,45.72479148,1.0,30.0,,536,公寓住宅,民用,7.4,12,0.0,8750.0,Heilongjiang,Haerbin,Xiangfang,Heilongjiang-Haerbin
263949,文景街59号小区,哈尔滨,南岗,文府街,2000,多层,文景街59号,126.64362,45.73525507,1.0,30.0,,232,公寓住宅,民用,7.6,12,0.0,7800.0,Heilongjiang,Haerbin,Xiangfang,Heilongjiang-Haerbin
263947,文舍街1号小区,哈尔滨,南岗,文府街,1991,小高层,文舍街1号,126.6469408,45.73974626,1.0,20.0,,224,公寓住宅,民用,7.3,12,0.0,8619.0,Heilongjiang,Haerbin,Xiangfang,Heilongjiang-Haerbin
263526,民生路309号小区,哈尔滨,香坊,民生路,2004,小高层,民生路309号,126.6474892,45.73639274,1.0,30.0,,147,公寓住宅,民用,8.1,12,0.0,11701.0,Heilongjiang,Haerbin,Xiangfang,Heilongjiang-Haerbin
263525,和兴路65号小区,哈尔滨,香坊,民生路,1982,小高层,和兴路65号,126.6320764,45.72371474,1.0,20.0,,192,公寓住宅,民用,7.5,12,0.0,9541.0,Heilongjiang,Haerbin,Xiangfang,Heilongjiang-Haerbin
263524,文化街14-1号小区,哈尔滨,香坊,民生路,1986,小高层,文化街14-1号,126.6450074,45.73558783,1.0,20.0,,88,公寓住宅,民用,7.7,12,0.0,9045.0,Heilongjiang,Haerbin,Xiangfang,Heilongjiang-Haerbin
263523,量具小区,哈尔滨,香坊,民生路,2000,多层|高层,民生路179号,126.6522491,45.73513864,1.0,20.0,,1175,公寓住宅,民用,8.0,12,0.0,8116.0,Heilongjiang,Haerbin,Xiangfang,Heilongjiang-Haerbin
263522,黑龙江省政府司法厅家属楼,哈尔滨,香坊,民生路,1986,多层|小高层,民生东六道街38号,126.6610915,45.73038711,1.0,20.0,,535,公寓住宅,民用,8.1,12,0.0,12500.0,Heilongjiang,Haerbin,Xiangfang,Heilongjiang-Haerbin
263521,民生新境小区,哈尔滨,香坊,民生路,2005,多层,民生路107号,126.6591766,45.73247708,1.0,20.0,,356,公寓住宅,民用,8.1,12,0.0,17922.0,Heilongjiang,Haerbin,Xiangfang,Heilongjiang-Haerbin
263520,民生路99号小区,哈尔滨,香坊,民生路,2002,多层,民生路99号,126.6600874,45.73197992,1.0,30.0,,705,公寓住宅,民用,8.2,12,0.0,19014.0,Heilongjiang,Haerbin,Xiangfang,Heilongjiang-Haerbin
263519,民生东七道街2号小区,哈尔滨,香坊,民生路,2002,小高层,民生东七道街2号,126.6594071,45.73069738,1.0,30.0,,105,公寓住宅,民用,8.1,12,0.0,10248.0,Heilongjiang,Haerbin,Xiangfang,Heilongjiang-Haerbin
263518,"民生路小区(民生路1号,亚麻六道街1号-5号(单号),香滨路50号)",哈尔滨,香坊,民生路,1991,多层,"民生路1号,亚麻六道街1号-5号(单号),香滨路50号",126.6642734,45.73046972,1.0,20.0,,224,公寓住宅,民用,8.3,12,0.0,18743.0,Heilongjiang,Haerbin,Xiangfang,Heilongjiang-Haerbin
263517,哈量一区,哈尔滨,香坊,民生路,2003,多层|高层,民生二道街3-1号,126.6525798,45.73617196,1.0,20.0,,2558,公寓住宅,民用,8.1,12,0.0,9230.0,Heilongjiang,Haerbin,Xiangfang,Heilongjiang-Haerbin
263516,哈量小区,哈尔滨,香坊,民生路,1996,多层,民生三道街1号,126.6466215,45.73412515,,25.0,,2917,公寓住宅,民用,7.9,12,-0.2,8071.0,Heilongjiang,Haerbin,Xiangfang,Heilongjiang-Haerbin
263515,文和家园,哈尔滨,香坊,民生路,2005,多层,和平二道街98-4号,126.6470647,45.7374117,,20.0,,770,公寓住宅,民用,8.2,12,0.0,10400.0,Heilongjiang,Haerbin,Xiangfang,Heilongjiang-Haerbin
263514,文端小区,哈尔滨,香坊,民生路,1997,小高层,文端街24号-46号,126.644223,45.73571189,1.0,20.0,,1883,公寓住宅,民用,7.8,12,0.0,8571.0,Heilongjiang,Haerbin,Xiangfang,Heilongjiang-Haerbin
263513,民生小区(香坊),哈尔滨,香坊,民生路,1997,多层,民生东五道街3号,126.6624926,45.72834324,1.0,35.0,,839,公寓住宅,民用,8.2,12,3.28,12155.0,Heilongjiang,Haerbin,Xiangfang,Heilongjiang-Haerbin
263512,天宝小区,哈尔滨,香坊,民生路,1993,小高层,文化街16号,126.6437114,45.73543588,1.0,20.0,,1439,公寓住宅,民用,7.7,12,-0.6,7504.0,Heilongjiang,Haerbin,Xiangfang,Heilongjiang-Haerbin
263511,双鹤小区,哈尔滨,香坊,民生路,2000,多层|小高层,民生路118号,126.6586151,45.7315351,1.0,20.0,,292,公寓住宅,民用,8.2,12,0.0,12957.0,Heilongjiang,Haerbin,Xiangfang,Heilongjiang-Haerbin
263510,亚麻小区(南区),哈尔滨,香坊,民生路,2004,多层,民生路6号,126.6595904,45.73130395,1.0,35.0,,266,公寓住宅,民用,8.4,12,0.0,15096.0,Heilongjiang,Haerbin,Xiangfang,Heilongjiang-Haerbin
263509,亚麻小区(北区),哈尔滨,香坊,民生路,2004,高层,群乐街32号,126.6620014,45.73258619,1.0,35.0,,4418,公寓住宅,民用,8.4,12,-0.86,14399.0,Heilongjiang,Haerbin,Xiangfang,Heilongjiang-Haerbin
263508,丁香园,哈尔滨,香坊,民生路,2002,小高层,中山路172号,126.6596948,45.73557744,1.0,20.0,,878,公寓住宅,民用,8.1,12,0.63,15091.0,Heilongjiang,Haerbin,Xiangfang,Heilongjiang-Haerbin
263507,民生国际,哈尔滨,香坊,民生路,2011,高层,民生路189号,126.6480847,45.73517374,,16.0,,2185,公寓住宅,民用,8.2,12,-0.73,11446.0,Heilongjiang,Haerbin,Xiangfang,Heilongjiang-Haerbin
263506,民香小区,哈尔滨,香坊,民生路,2000,多层|小高层,民生路22号,126.6629393,45.72977431,1.0,34.0,,2438,公寓住宅,民用,8.2,12,-0.67,12740.0,Heilongjiang,Haerbin,Xiangfang,Heilongjiang-Haerbin
263527,气象局家属小区(香坊),哈尔滨,香坊,民生路,1998,多层,农林七道街,126.6360356,45.72848491,,20.0,,154,公寓住宅,民用,7.3,12,0.0,11250.0,Heilongjiang,Haerbin,Xiangfang,Heilongjiang-Haerbin
263528,和平二道街100号小区,哈尔滨,香坊,民生路,1982,多层,和平二道街100号,126.646655,45.73862859,1.0,20.0,,158,公寓住宅,民用,7.9,12,0.0,10760.0,Heilongjiang,Haerbin,Xiangfang,Heilongjiang-Haerbin
263946,文府街小区(文府街10号-18号(双号)),哈尔滨,南岗,文府街,2016,小高层,文府街10号-18号(双号),126.6524076,45.73935488,1.0,30.0,,90,公寓住宅,民用,7.7,12,0.0,8988.0,Heilongjiang,Haerbin,Xiangfang,Heilongjiang-Haerbin
263944,三文小区,哈尔滨,南岗,文府街,2001,多层|小高层,文化街26号,126.6444334,45.73750865,1.0,20.0,,598,公寓住宅,民用,7.7,12,0.0,7896.0,Heilongjiang,Haerbin,Xiangfang,Heilongjiang-Haerbin
263943,文府嘉园,哈尔滨,南岗,文府街,2017,高层,文府街副8号,126.6511051,45.73930745,1.0,20.0,,863,公寓住宅,民用,8.2,12,0.0,13268.0,Heilongjiang,Haerbin,Xiangfang,Heilongjiang-Haerbin
263893,和平二道街5号小区,哈尔滨,南岗,博物馆,2000,小高层,和平二道街5号,126.649762,45.73875309,1.0,30.0,,544,公寓住宅,民用,7.6,12,0.0,10000.0,Heilongjiang,Haerbin,Xiangfang,Heilongjiang-Haerbin
263871,文端街小区(文端街30号-36号(双号)),哈尔滨,南岗,博物馆,1991,小高层,文端街30号-36号(双号),126.6494307,45.73994235,1.0,20.0,,72,公寓住宅,民用,7.3,12,0.0,8135.0,Heilongjiang,Haerbin,Xiangfang,Heilongjiang-Haerbin
263862,文化街121号小区,哈尔滨,南岗,博物馆,2012,小高层,文化街121号,126.6457408,45.74058528,1.0,30.0,,142,公寓住宅,民用,8.1,12,0.0,8625.0,Heilongjiang,Haerbin,Xiangfang,Heilongjiang-Haerbin
263714,文舍街1号小区,哈尔滨,南岗,博物馆,1991,小高层,文舍街1号,126.6469408,45.73974626,1.0,20.0,,224,公寓住宅,民用,7.3,12,0.0,8619.0,Heilongjiang,Haerbin,Xiangfang,Heilongjiang-Haerbin
263545,黑龙江省安装公司家属宿舍,哈尔滨,香坊,民生路,1987,多层,动源二道街5号,126.6371182,45.7164612,1.0,20.0,,579,公寓住宅,民用,6.8,12,0.0,10129.0,Heilongjiang,Haerbin,Xiangfang,Heilongjiang-Haerbin
263544,鼎苑明居,哈尔滨,香坊,民生路,2018,多层|高层,民生头道街10号,126.6526099,45.73786765,1.0,25.0,,194,公寓住宅,民用,8.7,12,0.0,14766.0,Heilongjiang,Haerbin,Xiangfang,Heilongjiang-Haerbin
263543,创展国际,哈尔滨,香坊,民生路,2004,高层,和平路66-3号,126.6540394,45.73677048,1.0,35.0,,395,公寓住宅,民用,7.8,12,0.0,10833.0,Heilongjiang,Haerbin,Xiangfang,Heilongjiang-Haerbin
267808,健康路28号小区,哈尔滨,香坊,三大动力,2004,多层,健康路28号,126.6490702,45.70608583,1.0,30.0,,72,公寓住宅,民用,7.6,12,0.0,8500.0,Heilongjiang,Haerbin,Xiangfang,Heilongjiang-Haerbin
263542,华东大厦,哈尔滨,香坊,民生路,2006,高层,和平路66号,126.6543168,45.73713458,1.0,20.0,,216,公寓住宅,民用,8.0,12,0.0,11449.0,Heilongjiang,Haerbin,Xiangfang,Heilongjiang-Haerbin
263540,民生东五道街43号小区,哈尔滨,香坊,民生路,2000,小高层,民生东五道街3号,126.6615532,45.7286348,1.0,30.0,,120,公寓住宅,民用,7.8,12,0.0,15714.0,Heilongjiang,Haerbin,Xiangfang,Heilongjiang-Haerbin
263539,哈平路127号小区,哈尔滨,香坊,民生路,2000,小高层,哈平路127号,126.653696,45.73463825,1.0,30.0,,144,公寓住宅,民用,7.6,12,0.0,7320.0,Heilongjiang,Haerbin,Xiangfang,Heilongjiang-Haerbin
263537,亚麻街小区(亚麻街32号-64号(双号)),哈尔滨,香坊,民生路,2000,小高层,亚麻街32号-64号(双号),126.6599178,45.73283131,1.0,30.0,,200,公寓住宅,民用,8.1,12,0.0,18092.0,Heilongjiang,Haerbin,Xiangfang,Heilongjiang-Haerbin
263536,香滨路小区(香滨路79号-83号(单号)),哈尔滨,香坊,民生路,2000,小高层,香滨路79号-83号(单号),126.6652915,45.73034478,1.0,30.0,,79,公寓住宅,民用,7.8,12,0.0,12025.0,Heilongjiang,Haerbin,Xiangfang,Heilongjiang-Haerbin
263535,量具新区,哈尔滨,香坊,民生路,2000,高层,民生二道街3-1号,126.6515264,45.73420348,1.0,35.0,,568,公寓住宅,民用,7.6,12,0.0,10000.0,Heilongjiang,Haerbin,Xiangfang,Heilongjiang-Haerbin
263534,民生二道街38号小区,哈尔滨,香坊,民生路,2000,多层,民生二道街38号,126.6499287,45.73816142,1.0,30.0,,117,公寓住宅,民用,7.6,12,0.0,11415.0,Heilongjiang,Haerbin,Xiangfang,Heilongjiang-Haerbin
263533,民生路190号楼,哈尔滨,香坊,民生路,2011,多层,民生路190号,126.6461406,45.7361014,1.0,30.0,,138,公寓住宅,民用,7.7,12,0.0,8000.0,Heilongjiang,Haerbin,Xiangfang,Heilongjiang-Haerbin
263532,民生路二道街36号小区,哈尔滨,香坊,民生路,1995,多层,民生路二道街36号,126.6498247,45.73730512,1.0,20.0,,0,公寓住宅,民用,7.6,12,0.0,8000.0,Heilongjiang,Haerbin,Xiangfang,Heilongjiang-Haerbin
263531,民生路78号住宅楼,哈尔滨,香坊,民生路,2018,多层,民生路78号,126.6611049,45.73105596,,30.0,,0,公寓住宅,民用,8.0,12,0.0,12000.0,Heilongjiang,Haerbin,Xiangfang,Heilongjiang-Haerbin
263541,民生东头道街3号小区,哈尔滨,香坊,民生路,1997,小高层,民生东头道街3号,126.66078,45.72798609,,20.0,,51,公寓住宅,民用,7.7,12,0.0,15263.0,Heilongjiang,Haerbin,Xiangfang,Heilongjiang-Haerbin
267674,哈锅职工村,哈尔滨,香坊,母亲广场,2002,多层,大庆副路10号,126.6656497,45.7095941,1.0,30.0,,328,公寓住宅,民用,7.9,12,0.0,7700.0,Heilongjiang,Haerbin,Xiangfang,Heilongjiang-Haerbin
267673,华润中央公园(别墅),哈尔滨,香坊,母亲广场,2018,低层,松江路2号,126.6641572,45.69439618,,35.0,,0,别墅,民用,7.6,12,0.0,21839.0,Heilongjiang,Haerbin,Xiangfang,Heilongjiang-Haerbin
267672,哈锅物业小区,哈尔滨,香坊,母亲广场,1986,高层,旭升街17号,126.6629771,45.70608505,,20.0,,732,公寓住宅,民用,7.7,12,0.0,6545.0,Heilongjiang,Haerbin,Xiangfang,Heilongjiang-Haerbin
267671,哈电东升家园,哈尔滨,香坊,母亲广场,1993,多层,旭升街102号,126.6633242,45.71275669,,30.0,,2191,公寓住宅,民用,7.6,12,-0.13,7457.0,Heilongjiang,Haerbin,Xiangfang,Heilongjiang-Haerbin
267670,明珠家园,哈尔滨,香坊,母亲广场,1990,小高层,进乡街20号,126.6685284,45.70767222,1.0,40.0,,880,公寓住宅,民用,7.9,12,0.0,6854.0,Heilongjiang,Haerbin,Xiangfang,Heilongjiang-Haerbin
267669,省建一家属小区,哈尔滨,香坊,母亲广场,1990,多层,联草街4号,126.6675793,45.70842214,1.0,20.0,,843,公寓住宅,民用,7.5,12,0.0,9722.0,Heilongjiang,Haerbin,Xiangfang,Heilongjiang-Haerbin
267668,联草小区(西区),哈尔滨,香坊,母亲广场,1997,多层,新联草街,126.6659894,45.70577067,1.0,35.0,,1068,公寓住宅,民用,7.9,12,0.0,7441.0,Heilongjiang,Haerbin,Xiangfang,Heilongjiang-Haerbin
267667,星光家园(星光街),哈尔滨,香坊,母亲广场,1998,多层,进乡街52号,126.6733749,45.70598222,1.0,20.0,,2458,公寓住宅,民用,7.8,12,0.0,6166.0,Heilongjiang,Haerbin,Xiangfang,Heilongjiang-Haerbin
267666,新兴建筑材料工业公司职工宿舍,哈尔滨,香坊,母亲广场,1995,多层,军民街72号,126.6882919,45.69028258,1.0,20.0,,523,公寓住宅,民用,7.4,12,0.0,7466.0,Heilongjiang,Haerbin,Xiangfang,Heilongjiang-Haerbin
267665,哈药小区(南区),哈尔滨,香坊,母亲广场,1992,多层,进乡街134-1号,126.6960295,45.68685187,1.0,20.0,,253,公寓住宅,民用,7.3,12,0.0,7000.0,Heilongjiang,Haerbin,Xiangfang,Heilongjiang-Haerbin
267664,旭升小区,哈尔滨,香坊,母亲广场,1999,小高层,旭升街51号,126.6629471,45.70896229,1.0,33.0,,579,公寓住宅,民用,7.8,12,0.53,7291.0,Heilongjiang,Haerbin,Xiangfang,Heilongjiang-Haerbin
267663,香湾青城,哈尔滨,香坊,母亲广场,2020,多层|高层,"松乐街,近通乡街",126.6708398,45.69481903,,30.0,300000.0,2028,公寓住宅,民用,8.0,12,0.04,11257.0,Heilongjiang,Haerbin,Xiangfang,Heilongjiang-Haerbin
267662,联草小区,哈尔滨,香坊,母亲广场,1997,多层|小高层,联草街,126.6686535,45.70512081,,37.0,,3286,公寓住宅,民用,7.9,12,0.37,7083.0,Heilongjiang,Haerbin,Xiangfang,Heilongjiang-Haerbin
267661,华润中央公园,哈尔滨,香坊,母亲广场,2018,多层|小高层|高层,松江路2号,126.6644188,45.69339385,,35.0,276900.0,1407,公寓住宅,民用,8.0,12,1.8,19492.0,Heilongjiang,Haerbin,Xiangfang,Heilongjiang-Haerbin
267660,华润紫云府,哈尔滨,香坊,母亲广场,2022,小高层,通乡街137号,126.676326,45.69858099,,45.0,89300.0,1317,公寓住宅,民用,7.9,12,0.45,15737.0,Heilongjiang,Haerbin,Xiangfang,Heilongjiang-Haerbin
267659,703研究所家属楼,哈尔滨,香坊,旭升街,2002,多层,香木街1号,126.6709297,45.72341264,1.0,20.0,,385,公寓住宅,民用,7.6,12,0.0,8130.0,Heilongjiang,Haerbin,Xiangfang,Heilongjiang-Haerbin
267658,田园新城,哈尔滨,香坊,旭升街,2006,多层,旭升南街226号,126.6585481,45.68734515,1.0,35.0,,2049,公寓住宅,民用,7.3,12,0.0,6111.0,Heilongjiang,Haerbin,Xiangfang,Heilongjiang-Haerbin
267657,润禾香都城,哈尔滨,香坊,旭升街,2019,高层,联草街5-3号,126.6636269,45.70299098,1.0,30.0,,1088,公寓住宅,民用,8.0,12,0.0,12400.0,Heilongjiang,Haerbin,Xiangfang,Heilongjiang-Haerbin
267656,焊培楼,哈尔滨,香坊,旭升街,2014,小高层,花场街12号,126.6591256,45.70644967,1.0,30.0,,154,公寓住宅,民用,7.5,12,0.0,8578.0,Heilongjiang,Haerbin,Xiangfang,Heilongjiang-Haerbin
267655,二新头道街8号小区,哈尔滨,香坊,旭升街,2000,小高层,二新头道街8号,126.664356,45.70251315,,30.0,,69,公寓住宅,民用,7.5,12,0.0,7638.0,Heilongjiang,Haerbin,Xiangfang,Heilongjiang-Haerbin
267654,大庆副路26号小区,哈尔滨,香坊,旭升街,2000,小高层,庆副路26号,126.6641036,45.71007081,1.0,30.0,,168,公寓住宅,民用,7.7,12,0.0,7594.0,Heilongjiang,Haerbin,Xiangfang,Heilongjiang-Haerbin
267675,汽轮机家属小区,哈尔滨,香坊,母亲广场,1998,多层,星光街,126.6685885,45.70667134,1.0,20.0,,112,公寓住宅,民用,8.0,12,0.0,7500.0,Heilongjiang,Haerbin,Xiangfang,Heilongjiang-Haerbin
267653,星光家园(钢垫街),哈尔滨,香坊,旭升街,2002,多层,星光二新街,126.6668085,45.70065037,,30.0,,610,公寓住宅,民用,7.5,12,0.0,7800.0,Heilongjiang,Haerbin,Xiangfang,Heilongjiang-Haerbin
267678,进化街57号小区,哈尔滨,香坊,母亲广场,2000,小高层,进化街57号,126.6783174,45.70438377,1.0,30.0,,176,公寓住宅,民用,7.7,12,0.0,5961.0,Heilongjiang,Haerbin,Xiangfang,Heilongjiang-Haerbin
267699,和平商住楼,哈尔滨,香坊,乐园街,2003,高层,三大动力路7号,126.6447396,45.71923457,1.0,30.0,,0,公寓住宅,民用,7.8,12,0.0,11208.0,Heilongjiang,Haerbin,Xiangfang,Heilongjiang-Haerbin
267698,金鼎华庭,哈尔滨,香坊,乐园街,2000,多层|高层,健康路97号,126.6535249,45.71170419,1.0,30.0,,228,公寓住宅,民用,8.2,12,0.0,16277.0,Heilongjiang,Haerbin,Xiangfang,Heilongjiang-Haerbin
267697,哈电春江家园(二三期),哈尔滨,香坊,乐园街,2007,多层|小高层,幸福路14号,126.649068,45.71431082,1.0,25.0,,2524,公寓住宅,民用,7.8,12,0.0,12605.0,Heilongjiang,Haerbin,Xiangfang,Heilongjiang-Haerbin
267696,菜站小区(香坊),哈尔滨,香坊,乐园街,2000,多层,健康路85-7号,126.6520682,45.7101514,1.0,20.0,,540,公寓住宅,民用,7.9,12,0.0,6649.0,Heilongjiang,Haerbin,Xiangfang,Heilongjiang-Haerbin
267695,乐园小区,哈尔滨,香坊,乐园街,1997,小高层,乐园街12号,126.6445536,45.71156227,1.0,20.0,,842,公寓住宅,民用,7.8,12,0.0,7744.0,Heilongjiang,Haerbin,Xiangfang,Heilongjiang-Haerbin
267694,文革小区,哈尔滨,香坊,乐园街,2001,小高层,乐园街111号,126.6498166,45.71670406,1.0,35.0,,552,公寓住宅,民用,8.0,12,0.0,7196.0,Heilongjiang,Haerbin,Xiangfang,Heilongjiang-Haerbin
267693,龙福家园小区,哈尔滨,香坊,乐园街,2001,小高层,哈动街2号,126.6437884,45.7130656,1.0,30.0,,154,公寓住宅,民用,7.5,12,0.0,9066.0,Heilongjiang,Haerbin,Xiangfang,Heilongjiang-Haerbin
267692,电教小区,哈尔滨,香坊,乐园街,1994,多层,电教街6号,126.6536208,45.70872028,1.0,39.0,,656,公寓住宅,民用,8.1,12,1.71,8096.0,Heilongjiang,Haerbin,Xiangfang,Heilongjiang-Haerbin
267691,幸福小区(香坊),哈尔滨,香坊,乐园街,1998,多层,幸福路3号,126.6458865,45.71376425,1.0,20.0,,570,公寓住宅,民用,7.6,12,0.0,8782.0,Heilongjiang,Haerbin,Xiangfang,Heilongjiang-Haerbin
267689,五院小区,哈尔滨,香坊,乐园街,2005,多层|高层,健康路27号,126.6501641,45.70520221,1.0,15.0,,1297,公寓住宅,民用,8.0,12,-0.16,7943.0,Heilongjiang,Haerbin,Xiangfang,Heilongjiang-Haerbin
267688,电业局家属楼,哈尔滨,香坊,乐园街,1998,多层,大庆副路76号,126.6535025,45.71387401,1.0,20.0,,812,公寓住宅,民用,7.5,12,0.0,8677.0,Heilongjiang,Haerbin,Xiangfang,Heilongjiang-Haerbin
267687,健康馨苑,哈尔滨,香坊,乐园街,2009,多层,大庆副路58号,126.6561575,45.71257646,1.0,20.0,,845,公寓住宅,民用,7.9,12,-2.29,8403.0,Heilongjiang,Haerbin,Xiangfang,Heilongjiang-Haerbin
267686,哈电春江家园(一期),哈尔滨,香坊,乐园街,2007,多层|小高层,乐园街72号,126.6475928,45.71499937,1.0,25.0,,902,公寓住宅,民用,7.6,12,-0.02,9975.0,Heilongjiang,Haerbin,Xiangfang,Heilongjiang-Haerbin
267685,乐安小区,哈尔滨,香坊,乐园街,2006,小高层,乐园街130号,126.6507337,45.71850862,1.0,20.0,,737,公寓住宅,民用,7.7,12,0.0,9808.0,Heilongjiang,Haerbin,Xiangfang,Heilongjiang-Haerbin
267684,福缘名苑,哈尔滨,香坊,乐园街,2007,多层,大庆副路176号,126.6456878,45.71564738,1.0,20.0,,564,公寓住宅,民用,7.7,12,0.0,10277.0,Heilongjiang,Haerbin,Xiangfang,Heilongjiang-Haerbin
267683,春缘名苑,哈尔滨,香坊,乐园街,2004,小高层,绝缘街109号,126.6525285,45.72272805,1.0,20.0,,481,公寓住宅,民用,7.7,12,0.0,9492.0,Heilongjiang,Haerbin,Xiangfang,Heilongjiang-Haerbin
267682,春江新城,哈尔滨,香坊,乐园街,2012,多层|高层,幸福路40号,126.6487699,45.71290996,1.0,32.0,,2179,公寓住宅,民用,7.8,12,0.17,11057.0,Heilongjiang,Haerbin,Xiangfang,Heilongjiang-Haerbin
267681,黎明荣府,哈尔滨,香坊,母亲广场,2014,高层,荣进街74号,126.67268,45.68497682,1.0,37.0,,1164,公寓住宅,民用,7.3,12,0.0,7487.0,Heilongjiang,Haerbin,Xiangfang,Heilongjiang-Haerbin
267680,大庆副路26号小区,哈尔滨,香坊,母亲广场,2000,小高层,庆副路26号,126.6641036,45.71007081,1.0,30.0,,168,公寓住宅,民用,7.7,12,0.0,7594.0,Heilongjiang,Haerbin,Xiangfang,Heilongjiang-Haerbin
267679,有色地质家属楼,哈尔滨,香坊,母亲广场,2010,小高层,进乡街21号(旧:大庆路26号),126.6728168,45.70742354,1.0,30.0,,0,公寓住宅,民用,7.8,12,0.0,8000.0,Heilongjiang,Haerbin,Xiangfang,Heilongjiang-Haerbin
267677,进乡街23号红栋住宅楼,哈尔滨,香坊,母亲广场,2001,多层,进乡街,126.673479,45.70725917,1.0,30.0,,0,公寓住宅,民用,7.8,12,0.0,7500.0,Heilongjiang,Haerbin,Xiangfang,Heilongjiang-Haerbin
267652,花场街16号楼,哈尔滨,香坊,旭升街,2000,多层,花场街16号,126.658094,45.70618171,1.0,30.0,,84,公寓住宅,民用,7.7,12,0.0,7500.0,Heilongjiang,Haerbin,Xiangfang,Heilongjiang-Haerbin
267650,哈锅职工村,哈尔滨,香坊,旭升街,2002,多层,大庆副路10号,126.6656497,45.7095941,1.0,30.0,,328,公寓住宅,民用,7.9,12,0.0,7700.0,Heilongjiang,Haerbin,Xiangfang,Heilongjiang-Haerbin
267583,朝北路1号小区,哈尔滨,香坊,湘江路,1998,多层,朝北路1号,126.7064876,45.73095759,1.0,20.0,,108,公寓住宅,民用,7.3,12,0.0,7122.0,Heilongjiang,Haerbin,Xiangfang,Heilongjiang-Haerbin
267582,建北街39号小区,哈尔滨,香坊,湘江路,2004,小高层,建北街39号,126.6915594,45.73591461,1.0,30.0,,91,公寓住宅,民用,7.9,12,0.0,7142.0,Heilongjiang,Haerbin,Xiangfang,Heilongjiang-Haerbin
267580,建北街35号小区,哈尔滨,香坊,湘江路,2002,多层,建北街35号,126.691014,45.73623856,1.0,30.0,,84,公寓住宅,民用,8.3,12,0.0,8000.0,Heilongjiang,Haerbin,Xiangfang,Heilongjiang-Haerbin
267579,电力医院家属楼,哈尔滨,香坊,湘江路,1997,多层|小高层,湘江路2号,126.6940727,45.73787007,1.0,20.0,,593,公寓住宅,民用,8.3,12,0.0,9761.0,Heilongjiang,Haerbin,Xiangfang,Heilongjiang-Haerbin
267578,建北街57号小区,哈尔滨,香坊,湘江路,2002,小高层,建北街57号,126.6917635,45.73853572,1.0,20.0,,224,公寓住宅,民用,8.0,12,0.0,7793.0,Heilongjiang,Haerbin,Xiangfang,Heilongjiang-Haerbin
267577,湘江丽园小区,哈尔滨,香坊,湘江路,2000,多层,建北街30号,126.6909995,45.73904615,1.0,20.0,,245,公寓住宅,民用,8.5,12,0.0,9819.0,Heilongjiang,Haerbin,Xiangfang,Heilongjiang-Haerbin
267575,龙民大厦,哈尔滨,香坊,湘江路,2007,高层,南直路75号,126.7049733,45.74279302,1.0,20.0,,593,公寓住宅,民用,7.7,12,0.0,11317.0,Heilongjiang,Haerbin,Xiangfang,Heilongjiang-Haerbin
267574,龙房小区,哈尔滨,香坊,湘江路,2001,多层|小高层,赣水路229号,126.6925788,45.73717828,1.0,20.0,,415,公寓住宅,民用,8.3,12,0.0,9121.0,Heilongjiang,Haerbin,Xiangfang,Heilongjiang-Haerbin
267571,香城街3号小区,哈尔滨,香坊,湘江路,1995,小高层,香城街3号,126.6964042,45.73576086,1.0,20.0,,408,公寓住宅,民用,8.2,12,0.0,7406.0,Heilongjiang,Haerbin,Xiangfang,Heilongjiang-Haerbin
267568,华电名苑,哈尔滨,香坊,省医院,2006,多层,公滨路572号,126.666551,45.72284125,1.0,30.0,,181,公寓住宅,民用,7.7,12,0.0,10000.0,Heilongjiang,Haerbin,Xiangfang,Heilongjiang-Haerbin
267567,赣水社区(南区),哈尔滨,香坊,省医院,2007,高层,民航路32-4号,126.6665722,45.73626924,1.0,30.0,,211,公寓住宅,民用,7.7,12,0.0,7384.0,Heilongjiang,Haerbin,Xiangfang,Heilongjiang-Haerbin
267566,赣水社区(北区),哈尔滨,香坊,省医院,2007,高层,赣水路8-1号,126.6636082,45.73733974,1.0,30.0,,294,公寓住宅,民用,7.7,12,0.0,9277.0,Heilongjiang,Haerbin,Xiangfang,Heilongjiang-Haerbin
267565,中山龙郡,哈尔滨,香坊,省医院,2016,高层,香坊大街230号,126.6696071,45.72097635,1.0,30.0,28509.0,180,公寓住宅,民用,8.1,12,0.0,10666.0,Heilongjiang,Haerbin,Xiangfang,Heilongjiang-Haerbin
267564,翠竹园,哈尔滨,香坊,省医院,1993,多层|高层,群乐街27号,126.6580004,45.73548113,1.0,20.0,,272,公寓住宅,民用,7.6,12,0.0,13823.0,Heilongjiang,Haerbin,Xiangfang,Heilongjiang-Haerbin
267562,尚苑英才汇,哈尔滨,香坊,省医院,1991,多层|高层,公滨路461号,126.6776951,45.72643532,1.0,41.0,,299,公寓住宅,民用,8.2,12,0.0,9777.0,Heilongjiang,Haerbin,Xiangfang,Heilongjiang-Haerbin
267561,五叙街小区(五叙街37-39号(单号)),哈尔滨,香坊,省医院,1998,小高层,五叙街37-39号(单号),126.6708048,45.7317512,1.0,20.0,,272,公寓住宅,民用,8.0,12,0.0,9500.0,Heilongjiang,Haerbin,Xiangfang,Heilongjiang-Haerbin
267560,三辅社区,哈尔滨,香坊,省医院,1999,多层,菜艺街32号,126.676813,45.73011317,1.0,20.0,,506,公寓住宅,民用,8.2,12,0.0,7283.0,Heilongjiang,Haerbin,Xiangfang,Heilongjiang-Haerbin
267559,香安电力(东区),哈尔滨,香坊,省医院,1997,小高层,顺水街2号,126.680771,45.73016623,1.0,20.0,,639,公寓住宅,民用,8.3,12,0.0,8865.0,Heilongjiang,Haerbin,Xiangfang,Heilongjiang-Haerbin
267558,开运花园,哈尔滨,香坊,省医院,2002,多层|高层,中山路57号,126.6702388,45.72533731,1.0,27.0,,673,公寓住宅,民用,8.1,12,0.0,10507.0,Heilongjiang,Haerbin,Xiangfang,Heilongjiang-Haerbin
267557,地矿大厦,哈尔滨,香坊,省医院,2009,超高层,中山路65号,126.668073,45.72813914,1.0,20.0,,300,公寓住宅,民用,8.1,12,0.0,16433.0,Heilongjiang,Haerbin,Xiangfang,Heilongjiang-Haerbin
267584,警官公寓,哈尔滨,香坊,湘江路,2009,多层|高层,南直路58号,126.7006919,45.73900326,1.0,20.0,,270,公寓住宅,民用,7.7,12,0.0,10055.0,Heilongjiang,Haerbin,Xiangfang,Heilongjiang-Haerbin
267592,泰鑫国典,哈尔滨,开发区,会展中心,2013,多层|高层,南直路99-13号,126.7051405,45.74174693,1.0,35.0,280000.0,2023,公寓住宅,民用,8.5,12,-0.27,13251.0,Heilongjiang,Haerbin,Xiangfang,Heilongjiang-Haerbin
267613,嘉兴闽江国际,哈尔滨,开发区,会展中心,2015,高层,闽江路,126.7147656,45.74295288,1.0,43.0,370541.0,4053,公寓住宅,民用,7.8,12,0.0,9878.0,Heilongjiang,Haerbin,Xiangfang,Heilongjiang-Haerbin
267625,华鸿金色柏林,哈尔滨,开发区,会展中心,2019,超高层,长江路,126.71123,45.75272304,,36.7,410000.0,2776,公寓住宅,民用,8.0,12,0.0,11532.0,Heilongjiang,Haerbin,Xiangfang,Heilongjiang-Haerbin
267649,天悦(别墅),哈尔滨,香坊,旭升街,2012,低层,松乐街79号,126.6604998,45.69111588,1.0,50.0,,0,别墅,民用,7.1,12,0.0,13036.0,Heilongjiang,Haerbin,Xiangfang,Heilongjiang-Haerbin
267648,成套小区,哈尔滨,香坊,旭升街,1989,多层,联旭街3号,126.6614166,45.70292839,1.0,20.0,,387,公寓住宅,民用,7.8,12,0.0,9836.0,Heilongjiang,Haerbin,Xiangfang,Heilongjiang-Haerbin
267647,怡园绿景,哈尔滨,香坊,旭升街,2012,高层,电塔街17号,126.6585909,45.7053068,1.0,34.0,,1019,公寓住宅,民用,8.0,12,-0.27,9543.0,Heilongjiang,Haerbin,Xiangfang,Heilongjiang-Haerbin
267646,锅炉厂厂前小区,哈尔滨,香坊,旭升街,2002,小高层,旭升街27号,126.6616736,45.70725471,1.0,30.0,,342,公寓住宅,民用,7.6,12,0.0,7550.0,Heilongjiang,Haerbin,Xiangfang,Heilongjiang-Haerbin
267645,黑龙江省建公司家属楼,哈尔滨,香坊,旭升街,2000,小高层,联草街5-3号,126.6638054,45.70273979,1.0,30.0,,530,公寓住宅,民用,8.3,12,0.0,8516.0,Heilongjiang,Haerbin,Xiangfang,Heilongjiang-Haerbin
267644,乐东小区,哈尔滨,香坊,旭升街,2005,小高层,旭东街269号,126.6563403,45.70456421,1.0,20.0,,443,公寓住宅,民用,7.6,12,0.0,9375.0,Heilongjiang,Haerbin,Xiangfang,Heilongjiang-Haerbin
267643,哈电东升家园,哈尔滨,香坊,旭升街,1993,多层,旭升街102号,126.6633242,45.71275669,,30.0,,2191,公寓住宅,民用,7.6,12,-0.13,7457.0,Heilongjiang,Haerbin,Xiangfang,Heilongjiang-Haerbin
267642,多福家园,哈尔滨,香坊,旭升街,2004,多层,旭升街9号,126.6623756,45.70543727,1.0,30.0,,613,公寓住宅,民用,7.9,12,0.0,7653.0,Heilongjiang,Haerbin,Xiangfang,Heilongjiang-Haerbin
267641,哈汽旭升小区,哈尔滨,香坊,旭升街,1996,多层,旭升街129号,126.6652108,45.71179371,1.0,33.0,,965,公寓住宅,民用,7.8,12,0.93,7928.0,Heilongjiang,Haerbin,Xiangfang,Heilongjiang-Haerbin
267640,三力明居,哈尔滨,香坊,旭升街,2000,高层,旭升街18号,126.6592679,45.70602554,1.0,21.0,,323,公寓住宅,民用,7.7,12,0.0,10189.0,Heilongjiang,Haerbin,Xiangfang,Heilongjiang-Haerbin
267700,绝缘厂宿舍,哈尔滨,香坊,乐园街,1995,多层,绝缘三道街5号,126.6534579,45.72239519,1.0,20.0,,714,公寓住宅,民用,7.3,12,0.0,8255.0,Heilongjiang,Haerbin,Xiangfang,Heilongjiang-Haerbin
267639,七零三研究所职工住宅小区,哈尔滨,香坊,旭升街,2001,多层|高层,旭升街副2号,126.6574842,45.70351744,1.0,20.0,,238,公寓住宅,民用,7.8,12,0.0,7773.0,Heilongjiang,Haerbin,Xiangfang,Heilongjiang-Haerbin
267637,哈锅宿舍,哈尔滨,香坊,旭升街,1986,多层|小高层,旭升街21号,126.6658336,45.70249801,1.0,20.0,,2966,公寓住宅,民用,7.5,12,0.0,6853.0,Heilongjiang,Haerbin,Xiangfang,Heilongjiang-Haerbin
267636,旭锦苑,哈尔滨,香坊,旭升街,2002,多层,旭东街1号,126.6615167,45.70110663,1.0,30.0,,736,公寓住宅,民用,8.0,12,0.0,8211.0,Heilongjiang,Haerbin,Xiangfang,Heilongjiang-Haerbin
267635,旭升家园,哈尔滨,香坊,旭升街,2002,高层,旭升街7-2号,126.6602674,45.70465472,1.0,31.0,,668,公寓住宅,民用,7.8,12,0.55,7797.0,Heilongjiang,Haerbin,Xiangfang,Heilongjiang-Haerbin
267634,松电新村,哈尔滨,香坊,旭升街,1993,多层,松乐街,126.6624385,45.69073264,1.0,20.0,,2010,公寓住宅,民用,7.6,12,0.0,6066.0,Heilongjiang,Haerbin,Xiangfang,Heilongjiang-Haerbin
267633,旭升小区,哈尔滨,香坊,旭升街,1999,小高层,旭升街51号,126.6629471,45.70896229,1.0,33.0,,579,公寓住宅,民用,7.8,12,0.53,7291.0,Heilongjiang,Haerbin,Xiangfang,Heilongjiang-Haerbin
267632,旭辉苑,哈尔滨,香坊,旭升街,2005,高层,旭东街33号,126.6589297,45.70199521,1.0,15.0,,552,公寓住宅,民用,7.8,12,-0.32,8454.0,Heilongjiang,Haerbin,Xiangfang,Heilongjiang-Haerbin
267631,翠海花园,哈尔滨,香坊,旭升街,2005,多层,旭东街55号,126.6563468,45.70193392,1.0,50.0,,1365,公寓住宅,民用,8.1,12,0.95,7797.0,Heilongjiang,Haerbin,Xiangfang,Heilongjiang-Haerbin
267630,日升家园,哈尔滨,香坊,旭升街,2010,多层,旭升街188号,126.6653593,45.71472023,1.0,38.0,,884,公寓住宅,民用,8.0,12,0.0,8269.0,Heilongjiang,Haerbin,Xiangfang,Heilongjiang-Haerbin
267629,乐民小区,哈尔滨,香坊,旭升街,2004,高层,旭升街179号,126.6668182,45.71340144,1.0,32.0,,1622,公寓住宅,民用,8.0,12,-1.6,6801.0,Heilongjiang,Haerbin,Xiangfang,Heilongjiang-Haerbin
267628,明光翡翠湾,哈尔滨,香坊,旭升街,2001,高层,电塔街13号,126.6578679,45.70437918,1.0,40.0,,1410,公寓住宅,民用,7.9,12,0.22,9590.0,Heilongjiang,Haerbin,Xiangfang,Heilongjiang-Haerbin
267638,育林小区,哈尔滨,香坊,旭升街,2007,多层,育林街5号,126.6411486,45.69661752,1.0,20.0,,320,公寓住宅,民用,7.9,12,0.0,8474.0,Heilongjiang,Haerbin,Xiangfang,Heilongjiang-Haerbin
269708,蓝天尚都,哈尔滨,双城,双城城区,2003,高层,"群益胡同,近生产胡同",126.6610185,45.70310013,1.0,30.0,,252,公寓住宅,民用,7.7,12,0.0,5500.0,Heilongjiang,Haerbin,Xiangfang,Heilongjiang-Haerbin
267701,理工大学东区家园,哈尔滨,香坊,乐园街,2003,多层|高层,幸福路93号,126.6445505,45.71597345,1.0,30.0,,877,公寓住宅,民用,7.1,12,0.0,9963.0,Heilongjiang,Haerbin,Xiangfang,Heilongjiang-Haerbin
267703,健康嘉园,哈尔滨,香坊,乐园街,1986,多层,健康路52号,126.6498194,45.70963771,1.0,20.0,,1830,公寓住宅,民用,7.6,12,0.0,9312.0,Heilongjiang,Haerbin,Xiangfang,Heilongjiang-Haerbin
267779,消防胡同16号小区,哈尔滨,香坊,西香坊,1995,小高层,消防胡同16号,126.6759097,45.7215402,1.0,20.0,,464,公寓住宅,民用,8.2,12,0.0,8666.0,Heilongjiang,Haerbin,Xiangfang,Heilongjiang-Haerbin
267778,古香小区,哈尔滨,香坊,西香坊,2000,多层,古香街14号,126.6737549,45.72271718,1.0,20.0,,279,公寓住宅,民用,8.0,12,0.0,8615.0,Heilongjiang,Haerbin,Xiangfang,Heilongjiang-Haerbin
267777,香山小区,哈尔滨,香坊,西香坊,2003,多层|高层,中山路18号,126.6688606,45.72179978,1.0,27.0,,470,公寓住宅,民用,8.1,12,0.0,8494.0,Heilongjiang,Haerbin,Xiangfang,Heilongjiang-Haerbin
267776,香中小区,哈尔滨,香坊,西香坊,2001,多层|小高层,中山路11号,126.6708818,45.7222986,1.0,60.0,,323,公寓住宅,民用,8.2,12,0.0,8432.0,Heilongjiang,Haerbin,Xiangfang,Heilongjiang-Haerbin
267775,香康小区,哈尔滨,香坊,西香坊,1996,小高层,香和街6号,126.6670894,45.72413865,1.0,35.0,,1105,公寓住宅,民用,8.1,12,0.0,8163.0,Heilongjiang,Haerbin,Xiangfang,Heilongjiang-Haerbin
267774,邮电小区(司徒街),哈尔滨,香坊,西香坊,1997,多层,司徒街60号,126.6729191,45.72553061,1.0,32.0,,847,公寓住宅,民用,8.3,12,0.0,7624.0,Heilongjiang,Haerbin,Xiangfang,Heilongjiang-Haerbin
267773,哈动头道街1号小区,哈尔滨,香坊,哈量,2000,小高层,哈动头道街1号,126.6441103,45.71320324,1.0,30.0,,192,公寓住宅,民用,7.2,12,0.0,9647.0,Heilongjiang,Haerbin,Xiangfang,Heilongjiang-Haerbin
267771,健康路小区(健康路43号-47号(单号)),哈尔滨,香坊,哈量,2000,多层,健康路43号-47号(单号),126.6511172,45.70963993,1.0,30.0,,54,公寓住宅,民用,7.7,12,0.0,8586.0,Heilongjiang,Haerbin,Xiangfang,Heilongjiang-Haerbin
267770,二三五处家属楼,哈尔滨,香坊,哈量,2000,小高层,公滨路170号,126.7053985,45.72902095,1.0,30.0,,385,公寓住宅,民用,7.5,12,0.0,8275.0,Heilongjiang,Haerbin,Xiangfang,Heilongjiang-Haerbin
267769,文政街小区(文政街212号-216号(双号)),哈尔滨,香坊,哈量,1993,小高层,文政街212号-216号(双号),126.6311519,45.73214971,1.0,20.0,,77,公寓住宅,民用,7.3,12,0.0,9447.0,Heilongjiang,Haerbin,Xiangfang,Heilongjiang-Haerbin
267768,哈平路127号小区,哈尔滨,香坊,哈量,2000,小高层,哈平路127号,126.653696,45.73463825,1.0,30.0,,144,公寓住宅,民用,7.6,12,0.0,7320.0,Heilongjiang,Haerbin,Xiangfang,Heilongjiang-Haerbin
267766,量具新区,哈尔滨,香坊,哈量,2000,高层,民生二道街3-1号,126.6515264,45.73420348,1.0,35.0,,568,公寓住宅,民用,7.6,12,0.0,10000.0,Heilongjiang,Haerbin,Xiangfang,Heilongjiang-Haerbin
267765,民生二道街38号小区,哈尔滨,香坊,哈量,2000,多层,民生二道街38号,126.6499287,45.73816142,1.0,30.0,,117,公寓住宅,民用,7.6,12,0.0,11415.0,Heilongjiang,Haerbin,Xiangfang,Heilongjiang-Haerbin
267764,民生路190号楼,哈尔滨,香坊,哈量,2011,多层,民生路190号,126.6461406,45.7361014,1.0,30.0,,138,公寓住宅,民用,7.7,12,0.0,8000.0,Heilongjiang,Haerbin,Xiangfang,Heilongjiang-Haerbin
267763,民生路二道街36号小区,哈尔滨,香坊,哈量,1995,多层,民生路二道街36号,126.6498247,45.73730512,1.0,20.0,,0,公寓住宅,民用,7.6,12,0.0,8000.0,Heilongjiang,Haerbin,Xiangfang,Heilongjiang-Haerbin
267780,远香街14号院,哈尔滨,香坊,西香坊,2002,多层,远香街14号,126.6644426,45.72548496,1.0,30.0,,0,公寓住宅,民用,7.8,12,0.0,8819.0,Heilongjiang,Haerbin,Xiangfang,Heilongjiang-Haerbin
267758,文治二道街13号小区,哈尔滨,香坊,哈量,2000,小高层,文治二道街13号,126.6364177,45.72634554,1.0,30.0,,141,公寓住宅,民用,7.5,12,0.0,10826.0,Heilongjiang,Haerbin,Xiangfang,Heilongjiang-Haerbin
267803,哈尔滨热电厂家属楼,哈尔滨,香坊,三大动力,1992,多层,安通街,126.6898954,45.70651405,1.0,20.0,,1852,公寓住宅,民用,7.3,12,0.0,6860.0,Heilongjiang,Haerbin,Xiangfang,Heilongjiang-Haerbin
267802,成套小区,哈尔滨,香坊,三大动力,1989,多层,联旭街3号,126.6614166,45.70292839,1.0,20.0,,387,公寓住宅,民用,7.8,12,0.0,9836.0,Heilongjiang,Haerbin,Xiangfang,Heilongjiang-Haerbin
267801,锅炉厂家属小区(香坊),哈尔滨,香坊,三大动力,1990,多层,旭升街47号,126.6599389,45.70852624,1.0,20.0,,899,公寓住宅,民用,7.8,12,0.0,8641.0,Heilongjiang,Haerbin,Xiangfang,Heilongjiang-Haerbin
267800,金鼎华庭,哈尔滨,香坊,三大动力,2000,多层|高层,健康路97号,126.6535249,45.71170419,1.0,30.0,,228,公寓住宅,民用,8.2,12,0.0,16277.0,Heilongjiang,Haerbin,Xiangfang,Heilongjiang-Haerbin
267799,锅炉二新区,哈尔滨,香坊,三大动力,1986,多层,联草街30号,126.6616056,45.70237706,1.0,39.0,,874,公寓住宅,民用,7.8,12,0.0,7241.0,Heilongjiang,Haerbin,Xiangfang,Heilongjiang-Haerbin
267798,电塔家园,哈尔滨,香坊,三大动力,2001,多层,旭升街56号,126.66158,45.71046678,1.0,20.0,,1443,公寓住宅,民用,7.7,12,0.84,8901.0,Heilongjiang,Haerbin,Xiangfang,Heilongjiang-Haerbin
267797,电机新村,哈尔滨,香坊,三大动力,1984,多层,哈平路165号,126.6397396,45.69510128,,20.0,,1542,公寓住宅,民用,7.3,12,0.0,8333.0,Heilongjiang,Haerbin,Xiangfang,Heilongjiang-Haerbin
267796,安通家园,哈尔滨,香坊,三大动力,2007,多层,安通街道24号,126.6836351,45.70590398,1.0,20.0,,701,公寓住宅,民用,7.6,12,0.0,9230.0,Heilongjiang,Haerbin,Xiangfang,Heilongjiang-Haerbin
267795,军体小区,哈尔滨,香坊,三大动力,1996,小高层,和平路81号,126.6492161,45.72556061,1.0,35.0,,566,公寓住宅,民用,7.7,12,0.0,8181.0,Heilongjiang,Haerbin,Xiangfang,Heilongjiang-Haerbin
267793,旭锦苑,哈尔滨,香坊,三大动力,2002,多层,旭东街1号,126.6615167,45.70110663,1.0,30.0,,736,公寓住宅,民用,8.0,12,0.0,8211.0,Heilongjiang,Haerbin,Xiangfang,Heilongjiang-Haerbin
267792,五院小区,哈尔滨,香坊,三大动力,2005,多层|高层,健康路27号,126.6501641,45.70520221,1.0,15.0,,1297,公寓住宅,民用,8.0,12,-0.16,7943.0,Heilongjiang,Haerbin,Xiangfang,Heilongjiang-Haerbin
267791,电业局家属楼,哈尔滨,香坊,三大动力,1998,多层,大庆副路76号,126.6535025,45.71387401,1.0,20.0,,812,公寓住宅,民用,7.5,12,0.0,8677.0,Heilongjiang,Haerbin,Xiangfang,Heilongjiang-Haerbin
267790,富江家园,哈尔滨,香坊,三大动力,2005,多层,通乡街243号,126.6859989,45.71439771,,25.0,,830,公寓住宅,民用,7.9,12,-0.15,6834.0,Heilongjiang,Haerbin,Xiangfang,Heilongjiang-Haerbin
267789,星光家属小区,哈尔滨,香坊,三大动力,2000,多层,三大动力路524号,126.6640354,45.70852066,1.0,20.0,,2850,公寓住宅,民用,7.7,12,0.0,5869.0,Heilongjiang,Haerbin,Xiangfang,Heilongjiang-Haerbin
267788,金房小区,哈尔滨,香坊,三大动力,2001,多层|小高层,和平路87号,126.651003,45.72784346,1.0,20.0,,834,公寓住宅,民用,8.0,12,2.84,11069.0,Heilongjiang,Haerbin,Xiangfang,Heilongjiang-Haerbin
267787,四史社区,哈尔滨,香坊,西香坊,1989,多层|高层,司徒街91-1号,126.6708905,45.73017678,1.0,30.0,,549,公寓住宅,民用,7.9,12,0.0,7678.0,Heilongjiang,Haerbin,Xiangfang,Heilongjiang-Haerbin
267786,香顺小区,哈尔滨,香坊,西香坊,1997,多层|小高层,公滨路481号,126.672467,45.72437307,1.0,20.0,,279,公寓住宅,民用,7.7,12,0.0,7740.0,Heilongjiang,Haerbin,Xiangfang,Heilongjiang-Haerbin
267785,石油公司家属小区,哈尔滨,香坊,西香坊,1998,小高层,香顺街4号,126.6724363,45.72225486,1.0,20.0,,0,公寓住宅,民用,7.8,12,0.0,8755.0,Heilongjiang,Haerbin,Xiangfang,Heilongjiang-Haerbin
267784,远香街10号小区,哈尔滨,香坊,西香坊,2002,多层,远香街10号,126.6648827,45.72489847,1.0,30.0,,0,公寓住宅,民用,7.7,12,0.0,8560.0,Heilongjiang,Haerbin,Xiangfang,Heilongjiang-Haerbin
267757,文端街10号小区,哈尔滨,香坊,哈量,1991,小高层,"文端街10,7号",126.6498043,45.73798512,1.0,20.0,,278,公寓住宅,民用,8.3,12,0.0,8780.0,Heilongjiang,Haerbin,Xiangfang,Heilongjiang-Haerbin
267756,建业小区,哈尔滨,香坊,哈量,2001,小高层,和平路54号,126.6528274,45.73460234,1.0,32.0,,130,公寓住宅,民用,8.2,12,0.0,9213.0,Heilongjiang,Haerbin,Xiangfang,Heilongjiang-Haerbin
267755,"文治三道街小区(文治三道街2号,文治二道街9号)",哈尔滨,香坊,哈量,2000,多层,"文治三道街2号,文治二道街9号",126.6367617,45.72560348,1.0,30.0,,285,公寓住宅,民用,7.9,12,0.0,9626.0,Heilongjiang,Haerbin,Xiangfang,Heilongjiang-Haerbin
267724,东光宿舍,哈尔滨,香坊,乐园街,1992,多层,东光街33号,126.6481677,45.71961762,1.0,20.0,,621,公寓住宅,民用,7.2,12,0.0,7096.0,Heilongjiang,Haerbin,Xiangfang,Heilongjiang-Haerbin
267723,大庆副路92号小区,哈尔滨,香坊,乐园街,1990,小高层,大庆副路92号,126.6524047,45.71413299,1.0,20.0,,146,公寓住宅,民用,6.9,12,0.0,7727.0,Heilongjiang,Haerbin,Xiangfang,Heilongjiang-Haerbin
267722,大庆副路小区(大庆副路37号-47号(单号)),哈尔滨,香坊,乐园街,1986,小高层,大庆副路37号-47号(单号),126.65836,45.7125485,1.0,20.0,,108,公寓住宅,民用,7.0,12,0.0,7748.0,Heilongjiang,Haerbin,Xiangfang,Heilongjiang-Haerbin
267721,地质队家属楼,哈尔滨,香坊,乐园街,1980,多层,乐园街10号,126.6455742,45.71083625,1.0,20.0,,201,公寓住宅,民用,7.0,12,0.0,7272.0,Heilongjiang,Haerbin,Xiangfang,Heilongjiang-Haerbin
267720,绝缘四道街9号小区,哈尔滨,香坊,乐园街,1993,多层,绝缘四道街9号,126.6519337,45.72072134,1.0,20.0,,0,公寓住宅,民用,7.6,12,0.0,7957.0,Heilongjiang,Haerbin,Xiangfang,Heilongjiang-Haerbin
267719,健康路74号小区,哈尔滨,香坊,乐园街,2014,小高层,健康路74号,126.6529347,45.71347673,1.0,30.0,,30,公寓住宅,民用,7.8,12,0.0,7900.0,Heilongjiang,Haerbin,Xiangfang,Heilongjiang-Haerbin
267718,理工家属楼(东区),哈尔滨,香坊,乐园街,1995,小高层,三大动力路28号,126.6456414,45.71916093,1.0,20.0,,54,公寓住宅,民用,7.3,12,0.0,10397.0,Heilongjiang,Haerbin,Xiangfang,Heilongjiang-Haerbin
267717,健康路小区(健康路43号-47号(单号)),哈尔滨,香坊,乐园街,2000,多层,健康路43号-47号(单号),126.6511172,45.70963993,1.0,30.0,,54,公寓住宅,民用,7.7,12,0.0,8586.0,Heilongjiang,Haerbin,Xiangfang,Heilongjiang-Haerbin
267716,健康路70-72号小区,哈尔滨,香坊,乐园街,2004,小高层,健康路70-72号,126.6530199,45.71307569,1.0,30.0,,208,公寓住宅,民用,7.4,12,0.0,7842.0,Heilongjiang,Haerbin,Xiangfang,Heilongjiang-Haerbin
267715,理工大学东区家属楼,哈尔滨,香坊,乐园街,2005,小高层,三大动力路23号,126.6496167,45.71907132,1.0,30.0,,546,公寓住宅,民用,7.3,12,0.0,8275.0,Heilongjiang,Haerbin,Xiangfang,Heilongjiang-Haerbin
267714,黛秀公寓,哈尔滨,香坊,乐园街,2000,小高层,健康路32号,126.6486873,45.70782645,1.0,20.0,,217,公寓住宅,民用,7.6,12,0.0,8539.0,Heilongjiang,Haerbin,Xiangfang,Heilongjiang-Haerbin
267713,健康路66号小区,哈尔滨,香坊,乐园街,2002,小高层,健康路66号,126.6527081,45.71289496,1.0,30.0,,105,公寓住宅,民用,7.6,12,0.0,7900.0,Heilongjiang,Haerbin,Xiangfang,Heilongjiang-Haerbin
267712,和平路73号小区,哈尔滨,香坊,乐园街,2004,小高层,和平路73号,126.6468097,45.72479148,1.0,30.0,,536,公寓住宅,民用,7.4,12,0.0,8750.0,Heilongjiang,Haerbin,Xiangfang,Heilongjiang-Haerbin
267711,华侨名苑(别墅),哈尔滨,香坊,乐园街,2013,低层,规划街8-6号,126.6518061,45.72438697,1.0,50.0,,0,别墅,民用,7.3,12,0.0,10263.0,Heilongjiang,Haerbin,Xiangfang,Heilongjiang-Haerbin
267710,健康路58号小区,哈尔滨,香坊,乐园街,2008,小高层,健康路58号,126.6508612,45.71055056,1.0,30.0,,0,公寓住宅,民用,7.6,12,0.0,6600.0,Heilongjiang,Haerbin,Xiangfang,Heilongjiang-Haerbin
267709,三大动力路小区(三大动力路48-162号(双号)),哈尔滨,香坊,乐园街,2020,多层,三大动力路48-162号(双号),126.6465076,45.71658655,1.0,30.0,,219,公寓住宅,民用,7.5,12,0.0,10000.0,Heilongjiang,Haerbin,Xiangfang,Heilongjiang-Haerbin
267708,三大动力路366号小区,哈尔滨,香坊,乐园街,2002,多层,三大动力路366号,126.6560736,45.71353272,1.0,30.0,,0,公寓住宅,民用,7.6,12,0.0,8000.0,Heilongjiang,Haerbin,Xiangfang,Heilongjiang-Haerbin
267704,乐园省建家属区,哈尔滨,香坊,乐园街,2002,小高层,乐园街10-5号,126.6434474,45.71141682,1.0,30.0,,436,公寓住宅,民用,7.6,12,0.0,7089.0,Heilongjiang,Haerbin,Xiangfang,Heilongjiang-Haerbin
267726,公园小区,哈尔滨,香坊,香坊大街,2000,多层|小高层,香坊大街67号,126.6770409,45.72279085,1.0,20.0,,1011,公寓住宅,民用,8.0,12,0.16,8805.0,Heilongjiang,Haerbin,Xiangfang,Heilongjiang-Haerbin
267727,横道小区(一期),哈尔滨,香坊,香坊大街,2004,多层,横道街86号,126.6801259,45.72561434,1.0,30.0,,654,公寓住宅,民用,8.6,12,0.0,9496.0,Heilongjiang,Haerbin,Xiangfang,Heilongjiang-Haerbin
267728,珑瑞小区(西区),哈尔滨,香坊,香坊大街,2001,小高层,香坊大街160号,126.6734328,45.72091779,1.0,32.0,,1255,公寓住宅,民用,8.2,12,0.87,7621.0,Heilongjiang,Haerbin,Xiangfang,Heilongjiang-Haerbin
267729,横道小区(二期),哈尔滨,香坊,香坊大街,2004,小高层,横道街85-1号,126.6813958,45.72418431,1.0,30.0,,297,公寓住宅,民用,8.2,12,0.0,9633.0,Heilongjiang,Haerbin,Xiangfang,Heilongjiang-Haerbin
267754,哈量一区,哈尔滨,香坊,哈量,2003,多层|高层,民生二道街3-1号,126.6525798,45.73617196,1.0,20.0,,2558,公寓住宅,民用,8.1,12,0.0,9230.0,Heilongjiang,Haerbin,Xiangfang,Heilongjiang-Haerbin
267753,哈量小区,哈尔滨,香坊,哈量,1996,多层,民生三道街1号,126.6466215,45.73412515,,25.0,,2917,公寓住宅,民用,7.9,12,-0.2,8071.0,Heilongjiang,Haerbin,Xiangfang,Heilongjiang-Haerbin
267751,省广电家属楼,哈尔滨,香坊,建北,2020,小高层,赣水路副222号,126.6836462,45.73781232,1.0,30.0,,141,公寓住宅,民用,8.6,12,0.0,7840.0,Heilongjiang,Haerbin,Xiangfang,Heilongjiang-Haerbin
267750,建北街39号小区,哈尔滨,香坊,建北,2004,小高层,建北街39号,126.6915594,45.73591461,1.0,30.0,,91,公寓住宅,民用,7.9,12,0.0,7142.0,Heilongjiang,Haerbin,Xiangfang,Heilongjiang-Haerbin
267749,红旗大街185号小区,哈尔滨,香坊,建北,2006,小高层,红旗大街185号,126.6873969,45.73475759,1.0,30.0,,95,公寓住宅,民用,8.4,12,0.0,8116.0,Heilongjiang,Haerbin,Xiangfang,Heilongjiang-Haerbin
267746,电力学校居民楼,哈尔滨,香坊,建北,1997,多层,农电街4号,126.6934566,45.73351255,1.0,20.0,,72,公寓住宅,民用,7.8,12,0.0,9500.0,Heilongjiang,Haerbin,Xiangfang,Heilongjiang-Haerbin
267744,赣水路222-3号楼,哈尔滨,香坊,建北,1998,多层,赣水路222-3号,126.6848584,45.73769678,1.0,20.0,,177,公寓住宅,民用,8.2,12,0.0,7800.0,Heilongjiang,Haerbin,Xiangfang,Heilongjiang-Haerbin
267743,建北街35号小区,哈尔滨,香坊,建北,2002,多层,建北街35号,126.691014,45.73623856,1.0,30.0,,84,公寓住宅,民用,8.3,12,0.0,8000.0,Heilongjiang,Haerbin,Xiangfang,Heilongjiang-Haerbin
267742,建北街57号小区,哈尔滨,香坊,建北,2002,小高层,建北街57号,126.6917635,45.73853572,1.0,20.0,,224,公寓住宅,民用,8.0,12,0.0,7793.0,Heilongjiang,Haerbin,Xiangfang,Heilongjiang-Haerbin
267741,哈轴职工建北小区,哈尔滨,香坊,建北,1985,多层|高层,赣水路62号,126.6895493,45.73605017,1.0,20.0,,1599,公寓住宅,民用,8.2,12,0.0,7042.0,Heilongjiang,Haerbin,Xiangfang,Heilongjiang-Haerbin
267739,汇雄时代,哈尔滨,香坊,香坊大街,2016,超高层,通站街1号,126.6820506,45.72326132,1.0,19.0,,1503,公寓住宅,民用,8.1,12,0.0,12280.0,Heilongjiang,Haerbin,Xiangfang,Heilongjiang-Haerbin
267738,香庆小区,哈尔滨,香坊,香坊大街,1996,小高层,香坊大街200号,126.6711799,45.72127961,1.0,35.0,,387,公寓住宅,民用,7.5,12,0.0,10001.0,Heilongjiang,Haerbin,Xiangfang,Heilongjiang-Haerbin
267737,中山小区,哈尔滨,香坊,香坊大街,2000,小高层|高层,三辅街154号,126.6656349,45.72838332,1.0,30.0,,695,公寓住宅,民用,7.9,12,0.0,12941.0,Heilongjiang,Haerbin,Xiangfang,Heilongjiang-Haerbin
267736,香坊大街162号小区,哈尔滨,香坊,香坊大街,1996,多层,香坊大街162号,126.6725309,45.72166749,1.0,26.0,,180,公寓住宅,民用,7.7,12,0.0,7638.0,Heilongjiang,Haerbin,Xiangfang,Heilongjiang-Haerbin
267735,轴承街17号小区,哈尔滨,香坊,香坊大街,2004,小高层,轴承街17号,126.6809791,45.72055668,1.0,30.0,,217,公寓住宅,民用,8.1,12,0.0,10000.0,Heilongjiang,Haerbin,Xiangfang,Heilongjiang-Haerbin
267732,消防胡同16号小区,哈尔滨,香坊,香坊大街,1995,小高层,消防胡同16号,126.6759097,45.7215402,1.0,20.0,,464,公寓住宅,民用,8.2,12,0.0,8666.0,Heilongjiang,Haerbin,Xiangfang,Heilongjiang-Haerbin
267731,通站小区五街区,哈尔滨,香坊,香坊大街,2011,小高层,卫生街44号,126.6779283,45.72076611,1.0,30.0,,294,公寓住宅,民用,8.1,12,0.0,8960.0,Heilongjiang,Haerbin,Xiangfang,Heilongjiang-Haerbin
267730,教委楼,哈尔滨,香坊,香坊大街,1995,多层,香坊大街副45号,126.6794862,45.7228722,1.0,20.0,,435,公寓住宅,民用,8.3,12,0.0,7254.0,Heilongjiang,Haerbin,Xiangfang,Heilongjiang-Haerbin
267740,建成家园,哈尔滨,香坊,建北,1985,多层,"成标街46号,建成头道街2号",126.6975449,45.73822707,1.0,25.0,,4259,公寓住宅,民用,7.8,12,-0.31,6898.0,Heilongjiang,Haerbin,Xiangfang,Heilongjiang-Haerbin
266839,金房小区,哈尔滨,香坊,香坊周边,2001,多层|小高层,和平路87号,126.651003,45.72784346,1.0,20.0,,834,公寓住宅,民用,8.0,12,2.84,11069.0,Heilongjiang,Haerbin,Xiangfang,Heilongjiang-Haerbin
266840,文政佳园,哈尔滨,香坊,香坊周边,2002,高层,香恒路,126.6619298,45.72159368,1.0,30.0,,736,公寓住宅,民用,8.2,12,0.0,9495.0,Heilongjiang,Haerbin,Xiangfang,Heilongjiang-Haerbin
268006,通站小区五街区,哈尔滨,香坊,司徒街,2011,小高层,卫生街44号,126.6779283,45.72076611,1.0,30.0,,294,公寓住宅,民用,8.1,12,0.0,8960.0,Heilongjiang,Haerbin,Xiangfang,Heilongjiang-Haerbin
268010,古香街46号小区,哈尔滨,香坊,司徒街,2000,小高层,古香街46号,126.6731678,45.72473804,1.0,30.0,,30,公寓住宅,民用,7.9,12,0.0,8083.0,Heilongjiang,Haerbin,Xiangfang,Heilongjiang-Haerbin
268011,远香街18号小区,哈尔滨,香坊,司徒街,1998,小高层,远香街18号,126.664075,45.72581044,1.0,20.0,,318,公寓住宅,民用,7.5,12,0.0,9966.0,Heilongjiang,Haerbin,Xiangfang,Heilongjiang-Haerbin
268012,公滨路555号小区,哈尔滨,香坊,司徒街,1991,小高层,公滨路555号,126.6709437,45.72523321,1.0,20.0,,287,公寓住宅,民用,7.5,12,0.0,8201.0,Heilongjiang,Haerbin,Xiangfang,Heilongjiang-Haerbin
268013,农林七道街4号小区,哈尔滨,香坊,王兆街,2002,多层,"农林七道街2,4号",126.6341246,45.72375713,1.0,30.0,,138,公寓住宅,民用,7.7,12,0.0,9272.0,Heilongjiang,Haerbin,Xiangfang,Heilongjiang-Haerbin
268014,龙府家园,哈尔滨,香坊,王兆街,2004,小高层,王兆街49号,126.6319868,45.7280041,1.0,25.0,,699,公寓住宅,民用,7.8,12,0.0,10000.0,Heilongjiang,Haerbin,Xiangfang,Heilongjiang-Haerbin
268015,文政街349号小区,哈尔滨,香坊,王兆街,2002,小高层,文政街349号,126.6326695,45.73215233,1.0,30.0,,288,公寓住宅,民用,7.9,12,0.0,11315.0,Heilongjiang,Haerbin,Xiangfang,Heilongjiang-Haerbin
268016,电子所家属楼,哈尔滨,香坊,王兆街,2000,小高层,农林街66号,126.6339727,45.72484566,1.0,30.0,,98,公寓住宅,民用,7.5,12,0.0,10714.0,Heilongjiang,Haerbin,Xiangfang,Heilongjiang-Haerbin
268021,文昌街333号小区,哈尔滨,香坊,王兆街,1995,多层,文昌街333号,126.6317039,45.72533334,1.0,20.0,,66,公寓住宅,民用,7.3,12,0.0,9000.0,Heilongjiang,Haerbin,Xiangfang,Heilongjiang-Haerbin
268022,"新启街小区(新启街8-1号,10号)",哈尔滨,香坊,王兆街,2002,小高层,"新启街8-1号,10号",126.6310889,45.73174562,1.0,30.0,,112,公寓住宅,民用,7.5,12,0.0,10929.0,Heilongjiang,Haerbin,Xiangfang,Heilongjiang-Haerbin
268023,王兆小区(农机),哈尔滨,香坊,王兆街,1990,多层,王兆街51号,126.6324152,45.72856816,1.0,20.0,,192,公寓住宅,民用,7.3,12,0.0,10817.0,Heilongjiang,Haerbin,Xiangfang,Heilongjiang-Haerbin
268024,文政街405号小区,哈尔滨,香坊,王兆街,1991,小高层,文政街405号,126.6296305,45.73340408,1.0,20.0,,56,公寓住宅,民用,7.4,12,0.0,9594.0,Heilongjiang,Haerbin,Xiangfang,Heilongjiang-Haerbin
268025,农林二道街3号小区,哈尔滨,香坊,动源街,1986,多层,农林二道街3号,126.6411804,45.72202584,1.0,20.0,,72,公寓住宅,民用,7.1,12,0.0,10303.0,Heilongjiang,Haerbin,Xiangfang,Heilongjiang-Haerbin
268026,"文治三道街小区(文治三道街2号,文治二道街9号)",哈尔滨,香坊,动源街,2000,多层,"文治三道街2号,文治二道街9号",126.6367617,45.72560348,1.0,30.0,,285,公寓住宅,民用,7.9,12,0.0,9626.0,Heilongjiang,Haerbin,Xiangfang,Heilongjiang-Haerbin
268005,"司徒街小区(司徒街79号,79-1号)",哈尔滨,香坊,司徒街,1991,小高层,"司徒街79号,79-1号",126.6737545,45.72976957,1.0,20.0,,288,公寓住宅,民用,8.5,12,0.0,8400.0,Heilongjiang,Haerbin,Xiangfang,Heilongjiang-Haerbin
268027,动源小区,哈尔滨,香坊,动源街,1998,多层,动源街5号,126.639093,45.71937812,1.0,20.0,,448,公寓住宅,民用,7.6,12,0.0,8176.0,Heilongjiang,Haerbin,Xiangfang,Heilongjiang-Haerbin
268004,司徒街13号小区,哈尔滨,香坊,司徒街,1991,小高层,司徒街13号,126.6760867,45.72300948,1.0,20.0,,15,公寓住宅,民用,7.5,12,0.0,8305.0,Heilongjiang,Haerbin,Xiangfang,Heilongjiang-Haerbin
268002,古香街28号小区,哈尔滨,香坊,司徒街,2000,小高层,古香街28号,126.6736898,45.72354832,1.0,30.0,,284,公寓住宅,民用,8.0,12,0.0,7458.0,Heilongjiang,Haerbin,Xiangfang,Heilongjiang-Haerbin
267940,怡兴花园,哈尔滨,香坊,农林街,2001,多层,农林街副44号,126.636071,45.7236119,,38.0,,613,公寓住宅,民用,7.9,12,-0.24,9211.0,Heilongjiang,Haerbin,Xiangfang,Heilongjiang-Haerbin
267939,金地家园(香坊),哈尔滨,香坊,农林街,2006,小高层,和兴路19号,126.640835,45.72098818,1.0,20.0,,102,公寓住宅,民用,7.5,12,0.0,12892.0,Heilongjiang,Haerbin,Xiangfang,Heilongjiang-Haerbin
267938,珠江路100号小区,哈尔滨,香坊,菜艺街,1990,小高层,珠江路100号,126.6720591,45.73440996,1.0,20.0,,7,公寓住宅,民用,7.7,12,0.0,8437.0,Heilongjiang,Haerbin,Xiangfang,Heilongjiang-Haerbin
267937,通站街23号小区,哈尔滨,香坊,菜艺街,1996,小高层,通站街23号,126.6763623,45.72163008,1.0,20.0,,165,公寓住宅,民用,7.6,12,0.0,8360.0,Heilongjiang,Haerbin,Xiangfang,Heilongjiang-Haerbin
267936,省技术物理研究所宿舍,哈尔滨,香坊,菜艺街,2001,小高层,司徒街128号,126.6712535,45.73354034,1.0,30.0,,178,公寓住宅,民用,8.0,12,0.0,9243.0,Heilongjiang,Haerbin,Xiangfang,Heilongjiang-Haerbin
267935,民生东头道街3号小区,哈尔滨,香坊,菜艺街,1997,小高层,民生东头道街3号,126.66078,45.72798609,,20.0,,51,公寓住宅,民用,7.7,12,0.0,15263.0,Heilongjiang,Haerbin,Xiangfang,Heilongjiang-Haerbin
267934,公滨小区,哈尔滨,香坊,菜艺街,2012,多层,朝北路54号,126.7040514,45.73183816,1.0,30.0,,1464,公寓住宅,民用,7.4,12,0.0,9996.0,Heilongjiang,Haerbin,Xiangfang,Heilongjiang-Haerbin
267933,绝缘四道街9号小区,哈尔滨,香坊,菜艺街,1993,多层,绝缘四道街9号,126.6519337,45.72072134,1.0,20.0,,0,公寓住宅,民用,7.6,12,0.0,7957.0,Heilongjiang,Haerbin,Xiangfang,Heilongjiang-Haerbin
267932,三监家属楼,哈尔滨,香坊,菜艺街,2005,多层,农校街,126.7097617,45.73122382,1.0,30.0,,126,公寓住宅,民用,7.7,12,0.0,9186.0,Heilongjiang,Haerbin,Xiangfang,Heilongjiang-Haerbin
267931,公滨路小区(公滨路536号-542号(双号)),哈尔滨,香坊,菜艺街,1986,小高层,公滨路536号-542号(双号),126.6705559,45.72415202,1.0,11.0,,1,公寓住宅,民用,7.5,12,0.0,8300.0,Heilongjiang,Haerbin,Xiangfang,Heilongjiang-Haerbin
267991,华府家园,哈尔滨,香坊,王兆,2014,多层,王兆大街42号,126.631438,45.72924654,1.0,35.0,,156,公寓住宅,民用,7.9,12,0.0,15823.0,Heilongjiang,Haerbin,Xiangfang,Heilongjiang-Haerbin
267992,"文治三道街小区(文治三道街15号,17号,文治头道街12号-20号(双号))",哈尔滨,香坊,王兆,1980,小高层,"文治三道街15号,17号,文治头道街12号-20号(双号)",126.6389883,45.72754102,1.0,20.0,,337,公寓住宅,民用,7.6,12,0.0,8571.0,Heilongjiang,Haerbin,Xiangfang,Heilongjiang-Haerbin
267994,和平路81-3号公寓,哈尔滨,香坊,王兆,2002,小高层,和平路81-3号,126.6479756,45.72590407,1.0,30.0,,0,商住楼,商用,7.3,12,0.0,5250.0,Heilongjiang,Haerbin,Xiangfang,Heilongjiang-Haerbin
267995,华侨名苑(别墅),哈尔滨,香坊,王兆,2013,低层,规划街8-6号,126.6518061,45.72438697,1.0,50.0,,0,别墅,民用,7.3,12,0.0,10263.0,Heilongjiang,Haerbin,Xiangfang,Heilongjiang-Haerbin
267996,文治头道街32号小区,哈尔滨,香坊,王兆,2000,小高层,文治头道街32号,126.6358738,45.72861954,1.0,30.0,,558,公寓住宅,民用,7.3,12,0.0,9583.0,Heilongjiang,Haerbin,Xiangfang,Heilongjiang-Haerbin
267997,王兆小区,哈尔滨,香坊,王兆,1990,多层,文政街54号,126.6420535,45.72819315,1.0,10.0,,1035,公寓住宅,民用,7.0,12,0.0,10697.0,Heilongjiang,Haerbin,Xiangfang,Heilongjiang-Haerbin
267998,明仕小区,哈尔滨,香坊,王兆,2005,多层,农林五道街18号,126.6380656,45.72273648,1.0,30.0,,182,公寓住宅,民用,7.4,12,0.0,11420.0,Heilongjiang,Haerbin,Xiangfang,Heilongjiang-Haerbin
267999,三辅小区,哈尔滨,香坊,司徒街,2002,多层,三辅街80-1号,126.6753287,45.72997,1.0,26.0,,3513,公寓住宅,民用,8.4,12,0.0,9818.0,Heilongjiang,Haerbin,Xiangfang,Heilongjiang-Haerbin
268000,八栋楼小区,哈尔滨,香坊,司徒街,2001,多层,香安街185号,126.6726557,45.73012115,1.0,20.0,,1090,公寓住宅,民用,8.3,12,0.0,7659.0,Heilongjiang,Haerbin,Xiangfang,Heilongjiang-Haerbin
268001,香武胡同1号小区,哈尔滨,香坊,司徒街,1991,小高层,香武胡同1号,126.6788918,45.72285374,1.0,20.0,,180,公寓住宅,民用,8.1,12,0.0,7708.0,Heilongjiang,Haerbin,Xiangfang,Heilongjiang-Haerbin
268003,司徒街20号小区,哈尔滨,香坊,司徒街,1991,小高层,司徒街20号,126.6751596,45.72283095,1.0,20.0,,147,公寓住宅,民用,7.8,12,0.0,7142.0,Heilongjiang,Haerbin,Xiangfang,Heilongjiang-Haerbin
268028,和平商住楼,哈尔滨,香坊,动源街,2003,高层,三大动力路7号,126.6447396,45.71923457,1.0,30.0,,0,公寓住宅,民用,7.8,12,0.0,11208.0,Heilongjiang,Haerbin,Xiangfang,Heilongjiang-Haerbin
268029,文治二道街13号小区,哈尔滨,香坊,动源街,2000,小高层,文治二道街13号,126.6364177,45.72634554,1.0,30.0,,141,公寓住宅,民用,7.5,12,0.0,10826.0,Heilongjiang,Haerbin,Xiangfang,Heilongjiang-Haerbin
268030,民生路309号小区,哈尔滨,香坊,动源街,2004,小高层,民生路309号,126.6474892,45.73639274,1.0,30.0,,147,公寓住宅,民用,8.1,12,0.0,11701.0,Heilongjiang,Haerbin,Xiangfang,Heilongjiang-Haerbin
268048,文政街349号小区,哈尔滨,香坊,文治二道街,2002,小高层,文政街349号,126.6326695,45.73215233,1.0,30.0,,288,公寓住宅,民用,7.9,12,0.0,11315.0,Heilongjiang,Haerbin,Xiangfang,Heilongjiang-Haerbin
268049,文治二道街13号小区,哈尔滨,香坊,文治二道街,2000,小高层,文治二道街13号,126.6364177,45.72634554,1.0,30.0,,141,公寓住宅,民用,7.5,12,0.0,10826.0,Heilongjiang,Haerbin,Xiangfang,Heilongjiang-Haerbin
268050,文治三道街6号小区,哈尔滨,香坊,文治二道街,2000,多层,三道街6号,126.6379183,45.72681426,1.0,30.0,,87,公寓住宅,民用,7.7,12,0.0,9541.0,Heilongjiang,Haerbin,Xiangfang,Heilongjiang-Haerbin
268051,电子所家属楼,哈尔滨,香坊,文治二道街,2000,小高层,农林街66号,126.6339727,45.72484566,1.0,30.0,,98,公寓住宅,民用,7.5,12,0.0,10714.0,Heilongjiang,Haerbin,Xiangfang,Heilongjiang-Haerbin
268057,文昌街333号小区,哈尔滨,香坊,文治二道街,1995,多层,文昌街333号,126.6317039,45.72533334,1.0,20.0,,66,公寓住宅,民用,7.3,12,0.0,9000.0,Heilongjiang,Haerbin,Xiangfang,Heilongjiang-Haerbin
268058,"新启街小区(新启街8-1号,10号)",哈尔滨,香坊,文治二道街,2002,小高层,"新启街8-1号,10号",126.6310889,45.73174562,1.0,30.0,,112,公寓住宅,民用,7.5,12,0.0,10929.0,Heilongjiang,Haerbin,Xiangfang,Heilongjiang-Haerbin
268059,文治头道街32号小区,哈尔滨,香坊,文治二道街,2000,小高层,文治头道街32号,126.6358738,45.72861954,1.0,30.0,,558,公寓住宅,民用,7.3,12,0.0,9583.0,Heilongjiang,Haerbin,Xiangfang,Heilongjiang-Haerbin
268060,文治小区,哈尔滨,香坊,文治二道街,1998,小高层,和兴路29号,126.6387956,45.72612138,1.0,45.63,,301,公寓住宅,民用,7.6,12,0.0,12040.0,Heilongjiang,Haerbin,Xiangfang,Heilongjiang-Haerbin
268061,融创公园壹号,哈尔滨,香坊,通天,Dec-21,高层,"东巴安里街,近南果园街",126.6982089,45.7140683,,40.0,,129,公寓住宅,民用,8.0,12,0.0,7294.0,Heilongjiang,Haerbin,Xiangfang,Heilongjiang-Haerbin
268063,尚古街3号小区,哈尔滨,香坊,通天,2002,小高层,尚古街3号,126.6976098,45.72316899,1.0,30.0,,392,公寓住宅,民用,7.5,12,0.0,8440.0,Heilongjiang,Haerbin,Xiangfang,Heilongjiang-Haerbin
268064,果园街1号小区,哈尔滨,香坊,通天,2005,多层,果园街1号,126.6982825,45.71547194,,30.0,,30,公寓住宅,民用,6.6,12,0.0,7700.0,Heilongjiang,Haerbin,Xiangfang,Heilongjiang-Haerbin
268065,东香胡同11号小区,哈尔滨,香坊,通天,2002,小高层,东香胡同11号,126.6966918,45.72910197,1.0,30.0,,156,公寓住宅,民用,7.9,12,0.0,7441.0,Heilongjiang,Haerbin,Xiangfang,Heilongjiang-Haerbin
268067,威朗小区,哈尔滨,开发区,赣水路,1995,小高层,赣水路26-5号,126.6668717,45.73924114,1.0,15.0,,407,公寓住宅,民用,8.1,12,0.0,9818.0,Heilongjiang,Haerbin,Xiangfang,Heilongjiang-Haerbin
268068,证券小区,哈尔滨,开发区,赣水路,1998,多层,赣水路54号,126.6698223,45.73976118,1.0,20.0,,36,公寓住宅,民用,8.0,12,0.0,10000.0,Heilongjiang,Haerbin,Xiangfang,Heilongjiang-Haerbin
268069,建北街35号小区,哈尔滨,开发区,赣水路,2002,多层,建北街35号,126.691014,45.73623856,1.0,30.0,,84,公寓住宅,民用,8.3,12,0.0,8000.0,Heilongjiang,Haerbin,Xiangfang,Heilongjiang-Haerbin
268047,健康路74号小区,哈尔滨,香坊,动源街,2014,小高层,健康路74号,126.6529347,45.71347673,1.0,30.0,,30,公寓住宅,民用,7.8,12,0.0,7900.0,Heilongjiang,Haerbin,Xiangfang,Heilongjiang-Haerbin
268046,哈动头道街1号小区,哈尔滨,香坊,动源街,2000,小高层,哈动头道街1号,126.6441103,45.71320324,1.0,30.0,,192,公寓住宅,民用,7.2,12,0.0,9647.0,Heilongjiang,Haerbin,Xiangfang,Heilongjiang-Haerbin
268044,体育头道街5号小区,哈尔滨,香坊,动源街,2000,小高层,体育头道街5号,126.6454574,45.7191927,1.0,30.0,,255,公寓住宅,民用,7.2,12,0.0,9474.0,Heilongjiang,Haerbin,Xiangfang,Heilongjiang-Haerbin
267930,木材西街4号小区,哈尔滨,香坊,菜艺街,2005,小高层,木材西街4号,126.7160113,45.72956383,1.0,30.0,,126,公寓住宅,民用,7.2,12,0.0,6666.0,Heilongjiang,Haerbin,Xiangfang,Heilongjiang-Haerbin
268032,农林头道街4号小区,哈尔滨,香坊,动源街,2006,小高层,农林头道街4号,126.6415602,45.72167488,1.0,30.0,,0,公寓住宅,民用,7.5,12,0.0,10000.0,Heilongjiang,Haerbin,Xiangfang,Heilongjiang-Haerbin
268033,乐园省建家属区,哈尔滨,香坊,动源街,2002,小高层,乐园街10-5号,126.6434474,45.71141682,1.0,30.0,,436,公寓住宅,民用,7.6,12,0.0,7089.0,Heilongjiang,Haerbin,Xiangfang,Heilongjiang-Haerbin
267929,司徒街46号小区,哈尔滨,香坊,菜艺街,1991,小高层,司徒街46号,126.6743026,45.72468747,1.0,20.0,,244,公寓住宅,民用,8.2,12,0.0,7500.0,Heilongjiang,Haerbin,Xiangfang,Heilongjiang-Haerbin
267928,东站街9号小区,哈尔滨,香坊,菜艺街,1995,小高层,东站街9号,126.7123938,45.73443985,1.0,20.0,,54,公寓住宅,民用,7.4,12,0.0,7600.0,Heilongjiang,Haerbin,Xiangfang,Heilongjiang-Haerbin
267927,司徒街96号小区,哈尔滨,香坊,菜艺街,1991,小高层,司徒街96号,126.6711321,45.73025556,1.0,20.0,,126,公寓住宅,民用,7.8,12,0.0,8285.0,Heilongjiang,Haerbin,Xiangfang,Heilongjiang-Haerbin
267925,华润熙云府,哈尔滨,香坊,菜艺街,2021,高层,果园街,126.6971149,45.71827083,,50.0,,1563,公寓住宅,民用,8.1,12,0.0,8846.0,Heilongjiang,Haerbin,Xiangfang,Heilongjiang-Haerbin
267924,香城街18号小区,哈尔滨,香坊,菜艺街,2004,小高层,香城街18号,126.6952322,45.73455358,1.0,30.0,,54,公寓住宅,民用,8.1,12,0.0,7313.0,Heilongjiang,Haerbin,Xiangfang,Heilongjiang-Haerbin
267923,健康路74号小区,哈尔滨,香坊,菜艺街,2014,小高层,健康路74号,126.6529347,45.71347673,1.0,30.0,,30,公寓住宅,民用,7.8,12,0.0,7900.0,Heilongjiang,Haerbin,Xiangfang,Heilongjiang-Haerbin
267941,农林小区,哈尔滨,香坊,农林街,2003,多层|高层,农林街16号,126.6397409,45.72204397,,32.0,,1182,公寓住宅,民用,7.7,12,1.04,10115.0,Heilongjiang,Haerbin,Xiangfang,Heilongjiang-Haerbin
267922,香化街4-12号小区,哈尔滨,香坊,菜艺街,1987,小高层,"香化街4号,12号",126.6963847,45.73140217,1.0,20.0,,180,公寓住宅,民用,7.6,12,0.0,10429.0,Heilongjiang,Haerbin,Xiangfang,Heilongjiang-Haerbin
268038,理工大学东区家属楼,哈尔滨,香坊,动源街,2005,小高层,三大动力路23号,126.6496167,45.71907132,1.0,30.0,,546,公寓住宅,民用,7.3,12,0.0,8275.0,Heilongjiang,Haerbin,Xiangfang,Heilongjiang-Haerbin
268039,文政街小区(文政街212号-216号(双号)),哈尔滨,香坊,动源街,1993,小高层,文政街212号-216号(双号),126.6311519,45.73214971,1.0,20.0,,77,公寓住宅,民用,7.3,12,0.0,9447.0,Heilongjiang,Haerbin,Xiangfang,Heilongjiang-Haerbin
268040,和平三道街小区(和平三道街28号-32号(双号)),哈尔滨,香坊,动源街,1995,小高层,和平三道街28号-32号(双号),126.651304,45.73710745,1.0,20.0,,63,公寓住宅,民用,7.5,12,0.0,7647.0,Heilongjiang,Haerbin,Xiangfang,Heilongjiang-Haerbin
268041,二三五处家属楼,哈尔滨,香坊,动源街,2000,小高层,公滨路170号,126.7053985,45.72902095,1.0,30.0,,385,公寓住宅,民用,7.5,12,0.0,8275.0,Heilongjiang,Haerbin,Xiangfang,Heilongjiang-Haerbin
268042,东光厂家属楼,哈尔滨,香坊,动源街,2003,小高层,旭东街3-2号,126.6606811,45.70127318,1.0,30.0,,378,公寓住宅,民用,7.9,12,0.0,7759.0,Heilongjiang,Haerbin,Xiangfang,Heilongjiang-Haerbin
268043,健康路小区(健康路43号-47号(单号)),哈尔滨,香坊,动源街,2000,多层,健康路43号-47号(单号),126.6511172,45.70963993,1.0,30.0,,54,公寓住宅,民用,7.7,12,0.0,8586.0,Heilongjiang,Haerbin,Xiangfang,Heilongjiang-Haerbin
267920,安埠街小区(安埠街22号-26号(双号)),哈尔滨,香坊,菜艺街,2001,小高层,安埠街22号-26号(双号),126.7019557,45.72679395,1.0,30.0,,224,公寓住宅,民用,7.6,12,0.0,12882.0,Heilongjiang,Haerbin,Xiangfang,Heilongjiang-Haerbin
267942,文治头道街24号小区,哈尔滨,香坊,农林街,2001,小高层,文治头道街24号,126.6384543,45.72761624,1.0,30.0,,168,公寓住宅,民用,7.6,12,0.0,11006.0,Heilongjiang,Haerbin,Xiangfang,Heilongjiang-Haerbin
267944,农林七道街4号小区,哈尔滨,香坊,农林街,2002,多层,"农林七道街2,4号",126.6341246,45.72375713,1.0,30.0,,138,公寓住宅,民用,7.7,12,0.0,9272.0,Heilongjiang,Haerbin,Xiangfang,Heilongjiang-Haerbin
267860,菜艺街95号小区,哈尔滨,香坊,菜艺街,2002,小高层,菜艺街95号,126.6781505,45.73092759,1.0,30.0,,320,公寓住宅,民用,8.5,12,0.0,7300.0,Heilongjiang,Haerbin,Xiangfang,Heilongjiang-Haerbin
267859,中民街46号小区,哈尔滨,香坊,菜艺街,2000,小高层,中民街46号,126.661428,45.73423687,1.0,30.0,,78,公寓住宅,民用,8.2,12,0.0,13900.0,Heilongjiang,Haerbin,Xiangfang,Heilongjiang-Haerbin
267858,"珠江路小区(珠江路20号,42号)",哈尔滨,香坊,菜艺街,1990,多层,"珠江路20号,42号",126.6793378,45.73500064,1.0,20.0,,114,公寓住宅,民用,7.9,12,0.0,9090.0,Heilongjiang,Haerbin,Xiangfang,Heilongjiang-Haerbin
267857,"六顺街小区(六顺街158号-172号(双号),172-1号))",哈尔滨,香坊,菜艺街,1999,小高层,"六顺街158号-172号(双号),172-1号",126.6705557,45.73224449,1.0,20.0,,274,公寓住宅,民用,8.3,12,0.0,7704.0,Heilongjiang,Haerbin,Xiangfang,Heilongjiang-Haerbin
267856,民生路309号小区,哈尔滨,香坊,菜艺街,2004,小高层,民生路309号,126.6474892,45.73639274,1.0,30.0,,147,公寓住宅,民用,8.1,12,0.0,11701.0,Heilongjiang,Haerbin,Xiangfang,Heilongjiang-Haerbin
267855,古香街小区(古香街30号-32号(双号)),哈尔滨,香坊,菜艺街,2005,小高层,古香街30号-32号(双号),126.6736432,45.72394917,1.0,30.0,,178,公寓住宅,民用,8.2,12,0.0,8085.0,Heilongjiang,Haerbin,Xiangfang,Heilongjiang-Haerbin
267854,香坊大街93号小区,哈尔滨,香坊,菜艺街,2000,小高层,香坊大街93号,126.6753104,45.72227504,1.0,30.0,,200,公寓住宅,民用,8.1,12,0.0,11939.0,Heilongjiang,Haerbin,Xiangfang,Heilongjiang-Haerbin
267853,菜艺街8号小区,哈尔滨,香坊,菜艺街,1991,小高层,菜艺街8号,126.6787005,45.72704634,1.0,20.0,,218,公寓住宅,民用,8.1,12,0.0,9103.0,Heilongjiang,Haerbin,Xiangfang,Heilongjiang-Haerbin
267852,农垦党校家属楼,哈尔滨,香坊,菜艺街,1998,多层,香电街副26-4号,126.6885256,45.73133778,1.0,20.0,,575,公寓住宅,民用,8.2,12,0.0,9157.0,Heilongjiang,Haerbin,Xiangfang,Heilongjiang-Haerbin
267851,联建小区,哈尔滨,香坊,菜艺街,1995,小高层,红旗大街副44号,126.6825778,45.72427083,1.0,35.0,,254,公寓住宅,民用,8.6,12,0.0,8000.0,Heilongjiang,Haerbin,Xiangfang,Heilongjiang-Haerbin
267850,五叙街33号小区,哈尔滨,香坊,菜艺街,1996,小高层,五叙街33号,126.6742658,45.73348367,1.0,20.0,,917,公寓住宅,民用,8.3,12,0.0,9218.0,Heilongjiang,Haerbin,Xiangfang,Heilongjiang-Haerbin
267849,"珠江路小区(珠江路72-1号,珠江路72-2号)",哈尔滨,香坊,菜艺街,1991,小高层,"珠江路72-1号,珠江路72-2号",126.6745232,45.73532171,1.0,20.0,,180,公寓住宅,民用,8.0,12,0.0,9396.0,Heilongjiang,Haerbin,Xiangfang,Heilongjiang-Haerbin
267848,"司徒街小区(司徒街79号,79-1号)",哈尔滨,香坊,菜艺街,1991,小高层,"司徒街79号,79-1号",126.6737545,45.72976957,1.0,20.0,,288,公寓住宅,民用,8.5,12,0.0,8400.0,Heilongjiang,Haerbin,Xiangfang,Heilongjiang-Haerbin
267847,中山路116号小区,哈尔滨,香坊,菜艺街,2000,多层,中山路116号,126.6658918,45.72984976,1.0,30.0,,84,公寓住宅,民用,8.1,12,0.0,9130.0,Heilongjiang,Haerbin,Xiangfang,Heilongjiang-Haerbin
267846,绝缘厂宿舍,哈尔滨,香坊,菜艺街,1995,多层,绝缘三道街5号,126.6534579,45.72239519,1.0,20.0,,714,公寓住宅,民用,7.3,12,0.0,8255.0,Heilongjiang,Haerbin,Xiangfang,Heilongjiang-Haerbin
266931,风车小镇,哈尔滨,香坊,哈平路,2004,多层|小高层,哈平路149号,126.6391584,45.69801509,,20.0,,817,公寓住宅,民用,7.6,12,0.0,8367.0,Heilongjiang,Haerbin,Xiangfang,Heilongjiang-Haerbin
266932,闻达绿都,哈尔滨,香坊,哈平路,2012,高层,哈平路115号,126.6370321,45.70428735,1.0,25.0,,504,公寓住宅,民用,7.9,12,-0.18,8648.0,Heilongjiang,Haerbin,Xiangfang,Heilongjiang-Haerbin
266934,龙茂小区,哈尔滨,香坊,哈平路,2002,小高层,哈平路151号,126.6390732,45.69731448,1.0,20.0,,552,公寓住宅,民用,7.8,12,0.0,7636.0,Heilongjiang,Haerbin,Xiangfang,Heilongjiang-Haerbin
266935,绿荫芳邻,哈尔滨,香坊,哈平路,2011,高层,哈平路119号,126.6375789,45.70131425,1.0,31.0,,306,公寓住宅,民用,7.9,12,0.0,9914.0,Heilongjiang,Haerbin,Xiangfang,Heilongjiang-Haerbin
266936,电机新村,哈尔滨,香坊,哈平路,1984,多层,哈平路165号,126.6397396,45.69510128,,20.0,,1542,公寓住宅,民用,7.3,12,0.0,8333.0,Heilongjiang,Haerbin,Xiangfang,Heilongjiang-Haerbin
267871,珠江路35号小区,哈尔滨,香坊,菜艺街,2002,小高层,珠江路35号,126.669442,45.73465917,1.0,30.0,,0,公寓住宅,民用,8.4,12,0.0,8769.0,Heilongjiang,Haerbin,Xiangfang,Heilongjiang-Haerbin
267872,"菜艺街小区(菜艺街62,72号,五叙街10号,农胜街1号,3号,5号)",哈尔滨,香坊,菜艺街,2000,小高层,"菜艺街62,72号,五叙街10号,农胜街1号,3号,5号",126.6762838,45.73255282,1.0,30.0,,189,公寓住宅,民用,8.0,12,0.0,8235.0,Heilongjiang,Haerbin,Xiangfang,Heilongjiang-Haerbin
267873,六顺街216号小区,哈尔滨,香坊,菜艺街,2000,高层,六顺街216号,126.6671882,45.7314713,1.0,30.0,,48,公寓住宅,民用,7.8,12,0.0,9916.0,Heilongjiang,Haerbin,Xiangfang,Heilongjiang-Haerbin
267874,古香街46号小区,哈尔滨,香坊,菜艺街,2000,小高层,古香街46号,126.6731678,45.72473804,1.0,30.0,,30,公寓住宅,民用,7.9,12,0.0,8083.0,Heilongjiang,Haerbin,Xiangfang,Heilongjiang-Haerbin
267875,顺水街6-8号小区,哈尔滨,香坊,菜艺街,1991,小高层,顺水街6-8号,126.68207,45.73072529,1.0,20.0,,390,公寓住宅,民用,8.2,12,0.0,8285.0,Heilongjiang,Haerbin,Xiangfang,Heilongjiang-Haerbin
267876,"菜艺街小区(菜艺街124号,126-1号)",哈尔滨,香坊,菜艺街,2000,小高层,"菜艺街124号,126-1号",126.6747199,45.73409086,1.0,30.0,,108,公寓住宅,民用,8.0,12,0.0,9126.0,Heilongjiang,Haerbin,Xiangfang,Heilongjiang-Haerbin
267877,红旗大街副112号小区,哈尔滨,香坊,菜艺街,2016,小高层,红旗大街副112号,126.6858234,45.73296821,1.0,30.0,,70,公寓住宅,民用,8.5,12,0.0,9026.0,Heilongjiang,Haerbin,Xiangfang,Heilongjiang-Haerbin
267878,地质测试所家属小区,哈尔滨,香坊,菜艺街,2005,小高层,民建巷5号,126.6680393,45.73084051,1.0,30.0,,196,公寓住宅,民用,7.9,12,0.0,7543.0,Heilongjiang,Haerbin,Xiangfang,Heilongjiang-Haerbin
267879,地质局家属院,哈尔滨,香坊,菜艺街,2006,小高层,珠江路72-2号,126.6740278,45.73501026,1.0,30.0,,112,公寓住宅,民用,7.9,12,0.0,6866.0,Heilongjiang,Haerbin,Xiangfang,Heilongjiang-Haerbin
267880,红民街63号小区,哈尔滨,香坊,菜艺街,1991,小高层,红民街63号,126.6842246,45.73159471,1.0,20.0,,108,公寓住宅,民用,8.0,12,0.0,8666.0,Heilongjiang,Haerbin,Xiangfang,Heilongjiang-Haerbin
267881,香安街小区(香安街46号-50号(双号)),哈尔滨,香坊,菜艺街,2004,小高层,香安街46号-50号(双号),126.6769904,45.72836066,1.0,30.0,,72,公寓住宅,民用,7.9,12,0.0,8949.0,Heilongjiang,Haerbin,Xiangfang,Heilongjiang-Haerbin
267882,"菜艺街小区(公滨路403号,403-1号,菜艺街1号)",哈尔滨,香坊,菜艺街,1991,小高层,"公滨路403号,403-1号,菜艺街1号",126.6795031,45.72676045,1.0,20.0,,379,公寓住宅,民用,8.2,12,0.0,9030.0,Heilongjiang,Haerbin,Xiangfang,Heilongjiang-Haerbin
267883,香顺街小区(香顺街106号-112号(双号)),哈尔滨,香坊,菜艺街,1997,小高层,香顺街106号-112号(双号),126.668727,45.73165474,1.0,20.0,,70,公寓住宅,民用,7.8,12,0.0,7042.0,Heilongjiang,Haerbin,Xiangfang,Heilongjiang-Haerbin
267884,菜艺街48号小区,哈尔滨,香坊,菜艺街,1991,小高层,菜艺街48号,126.6768104,45.73187816,1.0,20.0,,70,公寓住宅,民用,7.8,12,0.0,10714.0,Heilongjiang,Haerbin,Xiangfang,Heilongjiang-Haerbin
267885,珠江路98-1号小区,哈尔滨,香坊,菜艺街,2002,小高层,珠江路98-1号,126.672999,45.7343667,1.0,30.0,,126,公寓住宅,民用,8.1,12,0.0,7772.0,Heilongjiang,Haerbin,Xiangfang,Heilongjiang-Haerbin
267870,香安街小区(香安街24号-32号(双号)),哈尔滨,香坊,菜艺街,1982,小高层,香安街24号-32号(双号),126.6800249,45.72906621,1.0,20.0,,0,公寓住宅,民用,8.0,12,0.0,7641.0,Heilongjiang,Haerbin,Xiangfang,Heilongjiang-Haerbin
267869,三辅街副1-23号小区,哈尔滨,香坊,菜艺街,2009,多层,三辅街副1-23号,126.6787672,45.73179567,1.0,30.0,,108,公寓住宅,民用,8.1,12,0.0,6729.0,Heilongjiang,Haerbin,Xiangfang,Heilongjiang-Haerbin
267868,六顺街34号小区,哈尔滨,香坊,菜艺街,2000,小高层,六顺街34号,126.6771191,45.73355583,1.0,30.0,,336,公寓住宅,民用,8.1,12,0.0,8916.0,Heilongjiang,Haerbin,Xiangfang,Heilongjiang-Haerbin
267867,质检局家属楼,哈尔滨,香坊,菜艺街,2010,多层,锦山路3号,126.6792767,45.73594151,1.0,30.0,,104,公寓住宅,民用,8.0,12,0.0,8500.0,Heilongjiang,Haerbin,Xiangfang,Heilongjiang-Haerbin
266940,交通星苑公寓,哈尔滨,香坊,哈平路,2000,多层,通粮路,126.6570222,45.64660393,1.0,30.0,,72,公寓住宅,民用,6.7,12,0.0,4000.0,Heilongjiang,Haerbin,Xiangfang,Heilongjiang-Haerbin
267965,农林省直机关住宅楼,哈尔滨,香坊,农林街,2003,多层,农林四道街7号,126.6387682,45.72273756,1.0,20.0,,132,公寓住宅,民用,7.4,12,0.0,12534.0,Heilongjiang,Haerbin,Xiangfang,Heilongjiang-Haerbin
267964,明仕小区,哈尔滨,香坊,农林街,2005,多层,农林五道街18号,126.6380656,45.72273648,1.0,30.0,,182,公寓住宅,民用,7.4,12,0.0,11420.0,Heilongjiang,Haerbin,Xiangfang,Heilongjiang-Haerbin
267963,文昌新苑,哈尔滨,香坊,农林街,2008,小高层,文昌街248-11号,126.6334678,45.72544325,,10.0,,81,公寓住宅,民用,7.4,12,0.0,9909.0,Heilongjiang,Haerbin,Xiangfang,Heilongjiang-Haerbin
267962,文治头道街32号小区,哈尔滨,香坊,农林街,2000,小高层,文治头道街32号,126.6358738,45.72861954,1.0,30.0,,558,公寓住宅,民用,7.3,12,0.0,9583.0,Heilongjiang,Haerbin,Xiangfang,Heilongjiang-Haerbin
267961,王兆小区(农机),哈尔滨,香坊,农林街,1990,多层,王兆街51号,126.6324152,45.72856816,1.0,20.0,,192,公寓住宅,民用,7.3,12,0.0,10817.0,Heilongjiang,Haerbin,Xiangfang,Heilongjiang-Haerbin
267960,和平路73号小区,哈尔滨,香坊,农林街,2004,小高层,和平路73号,126.6468097,45.72479148,1.0,30.0,,536,公寓住宅,民用,7.4,12,0.0,8750.0,Heilongjiang,Haerbin,Xiangfang,Heilongjiang-Haerbin
267959,文昌街333号小区,哈尔滨,香坊,农林街,1995,多层,文昌街333号,126.6317039,45.72533334,1.0,20.0,,66,公寓住宅,民用,7.3,12,0.0,9000.0,Heilongjiang,Haerbin,Xiangfang,Heilongjiang-Haerbin
267952,农林头道街4号小区,哈尔滨,香坊,农林街,2006,小高层,农林头道街4号,126.6415602,45.72167488,1.0,30.0,,0,公寓住宅,民用,7.5,12,0.0,10000.0,Heilongjiang,Haerbin,Xiangfang,Heilongjiang-Haerbin
267951,电子所家属楼,哈尔滨,香坊,农林街,2000,小高层,农林街66号,126.6339727,45.72484566,1.0,30.0,,98,公寓住宅,民用,7.5,12,0.0,10714.0,Heilongjiang,Haerbin,Xiangfang,Heilongjiang-Haerbin
267950,"文治三道街小区(文治三道街15号,17号,文治头道街12号-20号(双号))",哈尔滨,香坊,农林街,1980,小高层,"文治三道街15号,17号,文治头道街12号-20号(双号)",126.6389883,45.72754102,1.0,20.0,,337,公寓住宅,民用,7.6,12,0.0,8571.0,Heilongjiang,Haerbin,Xiangfang,Heilongjiang-Haerbin
267949,文治三道街6号小区,哈尔滨,香坊,农林街,2000,多层,三道街6号,126.6379183,45.72681426,1.0,30.0,,87,公寓住宅,民用,7.7,12,0.0,9541.0,Heilongjiang,Haerbin,Xiangfang,Heilongjiang-Haerbin
267948,林大家属楼,哈尔滨,香坊,农林街,1993,多层|小高层,和兴路26号,126.6316403,45.71579301,,20.0,,1990,公寓住宅,民用,7.3,12,0.0,7725.0,Heilongjiang,Haerbin,Xiangfang,Heilongjiang-Haerbin
267947,气象局家属小区(香坊),哈尔滨,香坊,农林街,1998,多层,农林七道街,126.6360356,45.72848491,,20.0,,154,公寓住宅,民用,7.3,12,0.0,11250.0,Heilongjiang,Haerbin,Xiangfang,Heilongjiang-Haerbin
267946,"农林四道街小区(农林四道街3号-7号(单号),农林街16号,18号)",哈尔滨,香坊,农林街,1991,多层,"农林四道街3号-7号(单号),农林街16号,18号",126.6393485,45.72300576,1.0,20.0,,299,公寓住宅,民用,7.4,12,0.0,10793.0,Heilongjiang,Haerbin,Xiangfang,Heilongjiang-Haerbin
267945,林大和平小区,哈尔滨,香坊,农林街,1995,高层,农林头道街9号,126.6416715,45.72069511,,20.0,,465,公寓住宅,民用,7.5,12,0.0,10166.0,Heilongjiang,Haerbin,Xiangfang,Heilongjiang-Haerbin
267966,果园星城(E区),哈尔滨,香坊,果园,2007,小高层,"增福街,近通天街",126.6968847,45.72494798,1.0,30.0,,1827,公寓住宅,民用,7.9,12,-2.66,8089.0,Heilongjiang,Haerbin,Xiangfang,Heilongjiang-Haerbin
267968,东北农业大学综合楼,哈尔滨,香坊,果园,2003,多层,公滨路211号,126.7064126,45.7297613,1.0,30.0,,182,公寓住宅,民用,7.5,12,0.0,7900.0,Heilongjiang,Haerbin,Xiangfang,Heilongjiang-Haerbin
267969,公滨路192号楼,哈尔滨,香坊,果园,2002,多层,公滨路192号,126.7039101,45.72945394,1.0,30.0,,32,公寓住宅,民用,7.8,12,0.0,8000.0,Heilongjiang,Haerbin,Xiangfang,Heilongjiang-Haerbin
267886,三辅街小区(三辅街12号-18号(双号)),哈尔滨,香坊,菜艺街,2009,小高层,三辅街12号-18号(双号),126.6797834,45.73178022,1.0,30.0,,147,公寓住宅,民用,8.3,12,0.0,8530.0,Heilongjiang,Haerbin,Xiangfang,Heilongjiang-Haerbin
267990,林大家属楼,哈尔滨,香坊,王兆,1993,多层|小高层,和兴路26号,126.6316403,45.71579301,,20.0,,1990,公寓住宅,民用,7.3,12,0.0,7725.0,Heilongjiang,Haerbin,Xiangfang,Heilongjiang-Haerbin
267989,龙鑫家园,哈尔滨,香坊,王兆,2000,小高层,王兆街65号,126.6338508,45.72973951,1.0,20.0,,808,公寓住宅,民用,7.7,12,0.18,10669.0,Heilongjiang,Haerbin,Xiangfang,Heilongjiang-Haerbin
267988,文治头道街24号小区,哈尔滨,香坊,王兆,2001,小高层,文治头道街24号,126.6384543,45.72761624,1.0,30.0,,168,公寓住宅,民用,7.6,12,0.0,11006.0,Heilongjiang,Haerbin,Xiangfang,Heilongjiang-Haerbin
267986,文治小区,哈尔滨,香坊,文治街,1998,小高层,和兴路29号,126.6387956,45.72612138,1.0,45.63,,301,公寓住宅,民用,7.6,12,0.0,12040.0,Heilongjiang,Haerbin,Xiangfang,Heilongjiang-Haerbin
267984,和平路81-3号公寓,哈尔滨,香坊,文治街,2002,小高层,和平路81-3号,126.6479756,45.72590407,1.0,30.0,,0,商住楼,商用,7.3,12,0.0,5250.0,Heilongjiang,Haerbin,Xiangfang,Heilongjiang-Haerbin
267983,"文治三道街小区(文治三道街15号,17号,文治头道街12号-20号(双号))",哈尔滨,香坊,文治街,1980,小高层,"文治三道街15号,17号,文治头道街12号-20号(双号)",126.6389883,45.72754102,1.0,20.0,,337,公寓住宅,民用,7.6,12,0.0,8571.0,Heilongjiang,Haerbin,Xiangfang,Heilongjiang-Haerbin
267982,文治三道街6号小区,哈尔滨,香坊,文治街,2000,多层,三道街6号,126.6379183,45.72681426,1.0,30.0,,87,公寓住宅,民用,7.7,12,0.0,9541.0,Heilongjiang,Haerbin,Xiangfang,Heilongjiang-Haerbin
267943,农林二道街3号小区,哈尔滨,香坊,农林街,1986,多层,农林二道街3号,126.6411804,45.72202584,1.0,20.0,,72,公寓住宅,民用,7.1,12,0.0,10303.0,Heilongjiang,Haerbin,Xiangfang,Heilongjiang-Haerbin
267981,"文治三道街小区(文治三道街2号,文治二道街9号)",哈尔滨,香坊,文治街,2000,多层,"文治三道街2号,文治二道街9号",126.6367617,45.72560348,1.0,30.0,,285,公寓住宅,民用,7.9,12,0.0,9626.0,Heilongjiang,Haerbin,Xiangfang,Heilongjiang-Haerbin
267979,文政佳园,哈尔滨,香坊,文治街,2002,高层,香恒路,126.6619298,45.72159368,1.0,30.0,,736,公寓住宅,民用,8.2,12,0.0,9495.0,Heilongjiang,Haerbin,Xiangfang,Heilongjiang-Haerbin
267978,文治家园,哈尔滨,香坊,文治街,2006,多层,文治三道街5号,126.6385474,45.72683248,,35.0,,338,公寓住宅,民用,7.8,12,0.0,13814.0,Heilongjiang,Haerbin,Xiangfang,Heilongjiang-Haerbin
267977,省气象台家属楼,哈尔滨,香坊,果园,1991,小高层,电碳路71-1号,126.7275733,45.72426848,1.0,20.0,,297,公寓住宅,民用,7.1,12,0.0,6850.0,Heilongjiang,Haerbin,Xiangfang,Heilongjiang-Haerbin
267976,东北农业大学教职工公寓,哈尔滨,香坊,果园,2000,高层,化工路100号,126.7281986,45.74103891,1.0,30.0,,1254,公寓住宅,民用,7.4,12,0.0,10469.0,Heilongjiang,Haerbin,Xiangfang,Heilongjiang-Haerbin
267975,电碳路67号小区,哈尔滨,香坊,果园,2002,小高层,电碳路67号,126.7270985,45.72302473,1.0,30.0,,440,公寓住宅,民用,7.3,12,0.0,8100.0,Heilongjiang,Haerbin,Xiangfang,Heilongjiang-Haerbin
267974,东香胡同11号小区,哈尔滨,香坊,果园,2002,小高层,东香胡同11号,126.6966918,45.72910197,1.0,30.0,,156,公寓住宅,民用,7.9,12,0.0,7441.0,Heilongjiang,Haerbin,Xiangfang,Heilongjiang-Haerbin
267973,尚古街3号小区,哈尔滨,香坊,果园,2002,小高层,尚古街3号,126.6976098,45.72316899,1.0,30.0,,392,公寓住宅,民用,7.5,12,0.0,8440.0,Heilongjiang,Haerbin,Xiangfang,Heilongjiang-Haerbin
267972,公滨路282号小区,哈尔滨,香坊,果园,2012,小高层,公滨路282号,126.6952258,45.72926479,1.0,30.0,,154,公寓住宅,民用,8.0,12,0.0,9375.0,Heilongjiang,Haerbin,Xiangfang,Heilongjiang-Haerbin
267971,公滨路235号小区,哈尔滨,香坊,果园,2000,小高层,公滨路235号,126.7024884,45.73022689,1.0,30.0,,0,公寓住宅,民用,7.7,12,0.0,7123.0,Heilongjiang,Haerbin,Xiangfang,Heilongjiang-Haerbin
267970,公滨路219号小区,哈尔滨,香坊,果园,2004,多层,公滨路219号,126.7054628,45.72983527,1.0,30.0,,162,公寓住宅,民用,7.9,12,0.0,4788.0,Heilongjiang,Haerbin,Xiangfang,Heilongjiang-Haerbin
267980,文治头道街24号小区,哈尔滨,香坊,文治街,2001,小高层,文治头道街24号,126.6384543,45.72761624,1.0,30.0,,168,公寓住宅,民用,7.6,12,0.0,11006.0,Heilongjiang,Haerbin,Xiangfang,Heilongjiang-Haerbin
267556,民生路80号小区,哈尔滨,香坊,省医院,2002,多层,民生路80号,126.6612558,45.73111654,1.0,30.0,,122,公寓住宅,民用,8.1,12,0.0,13272.0,Heilongjiang,Haerbin,Xiangfang,Heilongjiang-Haerbin
268071,电力学校居民楼,哈尔滨,开发区,赣水路,1997,多层,农电街4号,126.6934566,45.73351255,1.0,20.0,,72,公寓住宅,民用,7.8,12,0.0,9500.0,Heilongjiang,Haerbin,Xiangfang,Heilongjiang-Haerbin
268530,长江小区,哈尔滨,道外,哈东站,2006,多层|小高层,化工路238号,126.722973,45.75589898,1.0,13.0,,1912,公寓住宅,民用,7.1,12,0.0,6923.0,Heilongjiang,Haerbin,Xiangfang,Heilongjiang-Haerbin
269177,万宇家园,哈尔滨,平房,北厂,2008,小高层,"联乡路,近新疆东路",126.6386477,45.61019601,1.0,30.0,,458,公寓住宅,民用,7.9,12,0.0,6600.0,Heilongjiang,Haerbin,Xiangfang,Heilongjiang-Haerbin
269195,宏博家园,哈尔滨,平房,北厂,2004,多层,新疆大街8-2号,126.6338405,45.612883,1.0,23.0,,489,公寓住宅,民用,7.5,12,0.0,6039.0,Heilongjiang,Haerbin,Xiangfang,Heilongjiang-Haerbin
269204,星耀南城,哈尔滨,平房,北厂,2012,小高层,"滨河大道,近哈南五路",126.6071026,45.59785864,1.0,50.0,186173.0,2421,公寓住宅,民用,7.7,12,0.11,8282.0,Heilongjiang,Haerbin,Xiangfang,Heilongjiang-Haerbin
266915,进乡街副93号小区,哈尔滨,香坊,进乡街,2004,多层,进乡街副93号,126.6883108,45.69555086,1.0,30.0,,42,公寓住宅,民用,7.8,12,0.0,7000.0,Heilongjiang,Haerbin,Xiangfang,Heilongjiang-Haerbin
266914,通乡街169号小区,哈尔滨,香坊,进乡街,2015,小高层,通乡街169号,126.6807286,45.70294583,1.0,30.0,,142,公寓住宅,民用,7.7,12,0.0,7379.0,Heilongjiang,Haerbin,Xiangfang,Heilongjiang-Haerbin
266913,哈药小区(北区),哈尔滨,香坊,进乡街,1992,多层,进乡街141号,126.6927285,45.69198761,,20.0,,607,公寓住宅,民用,7.4,12,0.0,7100.0,Heilongjiang,Haerbin,Xiangfang,Heilongjiang-Haerbin
266912,黎明家园,哈尔滨,香坊,进乡街,2000,多层,进乡街136号,126.6964711,45.68608217,1.0,20.0,,209,公寓住宅,民用,7.5,12,0.0,6195.0,Heilongjiang,Haerbin,Xiangfang,Heilongjiang-Haerbin
266911,省建一家属小区,哈尔滨,香坊,进乡街,1990,多层,联草街4号,126.6675793,45.70842214,1.0,20.0,,843,公寓住宅,民用,7.5,12,0.0,9722.0,Heilongjiang,Haerbin,Xiangfang,Heilongjiang-Haerbin
266910,哈药小区(南区),哈尔滨,香坊,进乡街,1992,多层,进乡街134-1号,126.6960295,45.68685187,1.0,20.0,,253,公寓住宅,民用,7.3,12,0.0,7000.0,Heilongjiang,Haerbin,Xiangfang,Heilongjiang-Haerbin
266909,工程机械厂家属楼,哈尔滨,香坊,进乡街,2005,小高层,进乡街118号,126.6890521,45.69701644,1.0,35.0,,1381,公寓住宅,民用,7.4,12,-1.47,6314.0,Heilongjiang,Haerbin,Xiangfang,Heilongjiang-Haerbin
266908,环卫小区,哈尔滨,香坊,进乡街,2004,小高层,福泰街7号,126.6956137,45.69137993,1.0,20.0,,196,公寓住宅,民用,7.1,12,0.0,5610.0,Heilongjiang,Haerbin,Xiangfang,Heilongjiang-Haerbin
266907,丁香家园,哈尔滨,香坊,进乡街,1986,高层,进乡街25号(旧:汽轮三道街1号),126.6749485,45.7070853,,26.0,,2157,公寓住宅,民用,7.7,12,0.0,8070.0,Heilongjiang,Haerbin,Xiangfang,Heilongjiang-Haerbin
266906,东山聚宝,哈尔滨,香坊,进乡街,2009,多层,进乡街164号,126.6994172,45.68651906,1.0,20.0,,2087,公寓住宅,民用,7.2,12,-0.1,7278.0,Heilongjiang,Haerbin,Xiangfang,Heilongjiang-Haerbin
266905,三鑫小区,哈尔滨,香坊,进乡街,1992,多层|小高层,通乡街24号,126.7028106,45.6893998,1.0,20.0,,2146,公寓住宅,民用,7.0,12,0.19,5314.0,Heilongjiang,Haerbin,Xiangfang,Heilongjiang-Haerbin
266904,恒大丁香郡,哈尔滨,香坊,进乡街,2016,高层,进乡街186号,126.7008894,45.6816831,1.0,35.0,244900.0,2520,公寓住宅,民用,7.8,12,0.0,9767.0,Heilongjiang,Haerbin,Xiangfang,Heilongjiang-Haerbin
266903,泰山领秀,哈尔滨,香坊,进乡街,2010,多层|高层,进乡街139号,126.6913751,45.69365734,1.0,50.0,,1345,公寓住宅,民用,7.7,12,-0.19,8115.0,Heilongjiang,Haerbin,Xiangfang,Heilongjiang-Haerbin
266902,林机小区,哈尔滨,香坊,进乡街,2004,多层|小高层,进乡街副73号,126.6847231,45.69934823,1.0,25.0,,1144,公寓住宅,民用,7.6,12,1.59,7548.0,Heilongjiang,Haerbin,Xiangfang,Heilongjiang-Haerbin
266901,冬奥家园,哈尔滨,香坊,进乡街,2009,多层,通乡街207号,126.6832544,45.70763628,1.0,38.84,,1210,公寓住宅,民用,7.9,12,-0.95,8595.0,Heilongjiang,Haerbin,Xiangfang,Heilongjiang-Haerbin
266900,仁和家园,哈尔滨,香坊,进乡街,1992,多层,军民街103号,126.6901954,45.68746077,1.0,32.0,,3540,公寓住宅,民用,7.3,12,3.11,6664.0,Heilongjiang,Haerbin,Xiangfang,Heilongjiang-Haerbin
266899,幸福里(香坊),哈尔滨,香坊,进乡街,2012,多层|高层,拥军路280号,126.6797103,45.69147084,1.0,31.0,,1126,公寓住宅,民用,7.8,12,0.19,6684.0,Heilongjiang,Haerbin,Xiangfang,Heilongjiang-Haerbin
266898,阳光绿景,哈尔滨,香坊,进乡街,2009,小高层,进乡街110号,126.6808466,45.69975533,1.0,30.0,,1695,公寓住宅,民用,7.8,12,0.38,8757.0,Heilongjiang,Haerbin,Xiangfang,Heilongjiang-Haerbin
266917,林机街24号小区,哈尔滨,香坊,进乡街,2004,多层,林机街24号,126.6864978,45.70500044,,30.0,,96,公寓住宅,民用,7.4,12,0.0,8000.0,Heilongjiang,Haerbin,Xiangfang,Heilongjiang-Haerbin
266919,通乡街169-1号小区,哈尔滨,香坊,进乡街,1994,小高层,通乡街169-1号,126.680945,45.70351018,1.0,20.0,,126,公寓住宅,民用,7.5,12,0.0,7642.0,Heilongjiang,Haerbin,Xiangfang,Heilongjiang-Haerbin
267000,公滨路343号小区,哈尔滨,香坊,公滨路,1990,小高层,公滨路343号,126.6885593,45.72859621,1.0,20.0,,60,公寓住宅,民用,7.9,12,0.0,10415.0,Heilongjiang,Haerbin,Xiangfang,Heilongjiang-Haerbin
267001,东香胡同11号小区,哈尔滨,香坊,公滨路,2002,小高层,东香胡同11号,126.6966918,45.72910197,1.0,30.0,,156,公寓住宅,民用,7.9,12,0.0,7441.0,Heilongjiang,Haerbin,Xiangfang,Heilongjiang-Haerbin
267002,建北街39号小区,哈尔滨,香坊,公滨路,2004,小高层,建北街39号,126.6915594,45.73591461,1.0,30.0,,91,公寓住宅,民用,7.9,12,0.0,7142.0,Heilongjiang,Haerbin,Xiangfang,Heilongjiang-Haerbin
267003,珠江小区(珠江路),哈尔滨,香坊,公滨路,2005,小高层,珠江路,126.7039956,45.73265278,1.0,45.0,,1326,公寓住宅,民用,8.6,12,0.0,8588.0,Heilongjiang,Haerbin,Xiangfang,Heilongjiang-Haerbin
267004,电碳路67号小区,哈尔滨,香坊,公滨路,2002,小高层,电碳路67号,126.7270985,45.72302473,1.0,30.0,,440,公寓住宅,民用,7.3,12,0.0,8100.0,Heilongjiang,Haerbin,Xiangfang,Heilongjiang-Haerbin
267005,热电街55号小区,哈尔滨,香坊,公滨路,1992,低层,热电街55号,126.6970214,45.70327887,,20.0,,4,公寓住宅,民用,7.0,12,0.0,7600.0,Heilongjiang,Haerbin,Xiangfang,Heilongjiang-Haerbin
267006,东北农业大学教职工公寓,哈尔滨,香坊,公滨路,2000,高层,化工路100号,126.7281986,45.74103891,1.0,30.0,,1254,公寓住宅,民用,7.4,12,0.0,10469.0,Heilongjiang,Haerbin,Xiangfang,Heilongjiang-Haerbin
267007,省气象台家属楼,哈尔滨,香坊,公滨路,1991,小高层,电碳路71-1号,126.7275733,45.72426848,1.0,20.0,,297,公寓住宅,民用,7.1,12,0.0,6850.0,Heilongjiang,Haerbin,Xiangfang,Heilongjiang-Haerbin
267008,三监家属楼,哈尔滨,香坊,公滨路,2005,多层,农校街,126.7097617,45.73122382,1.0,30.0,,126,公寓住宅,民用,7.7,12,0.0,9186.0,Heilongjiang,Haerbin,Xiangfang,Heilongjiang-Haerbin
267009,公滨小区,哈尔滨,香坊,公滨路,2012,多层,朝北路54号,126.7040514,45.73183816,1.0,30.0,,1464,公寓住宅,民用,7.4,12,0.0,9996.0,Heilongjiang,Haerbin,Xiangfang,Heilongjiang-Haerbin
267010,鑫瑞家园小区,哈尔滨,香坊,公滨路,2017,多层,"哈成路,近靠河路",126.8184917,45.70232512,1.0,30.0,,378,公寓住宅,民用,7.0,12,0.0,3684.0,Heilongjiang,Haerbin,Xiangfang,Heilongjiang-Haerbin
267011,融创御园,哈尔滨,香坊,公滨路,Dec-21,高层,"香东街,近公滨路",126.7646233,45.72054747,,30.0,,456,公寓住宅,民用,7.4,12,0.0,10112.0,Heilongjiang,Haerbin,Xiangfang,Heilongjiang-Haerbin
267012,省水堪院职工住宅小区,哈尔滨,香坊,公滨路,1998,多层,电碳路29号,126.7268774,45.71891242,1.0,20.0,,238,公寓住宅,民用,7.1,12,0.0,5655.0,Heilongjiang,Haerbin,Xiangfang,Heilongjiang-Haerbin
267013,曹家楼,哈尔滨,香坊,公滨路,2001,多层,公滨路73号,126.7287371,45.72635747,1.0,30.0,,336,公寓住宅,民用,7.6,12,0.0,7076.0,Heilongjiang,Haerbin,Xiangfang,Heilongjiang-Haerbin
267014,蓝鹰公寓,哈尔滨,香坊,公滨路,2012,高层,公滨路65号,126.7295895,45.7266432,1.0,20.0,,327,公寓住宅,民用,7.3,12,0.0,7076.0,Heilongjiang,Haerbin,Xiangfang,Heilongjiang-Haerbin
267015,罗马公元,哈尔滨,香坊,安埠,2014,高层,红旗大街1号,126.6871951,45.71769391,1.0,35.0,,4777,公寓住宅,民用,8.2,12,-0.34,11082.0,Heilongjiang,Haerbin,Xiangfang,Heilongjiang-Haerbin
267016,家园新城,哈尔滨,香坊,安埠,2012,小高层|高层,果园街20号,126.6986226,45.72216342,1.0,34.0,,2771,公寓住宅,民用,8.0,12,0.6,10231.0,Heilongjiang,Haerbin,Xiangfang,Heilongjiang-Haerbin
267017,安埠小区(南区),哈尔滨,香坊,安埠,1997,多层,延福街140号,126.6926557,45.72246428,1.0,35.0,,5220,公寓住宅,民用,8.2,12,1.13,8430.0,Heilongjiang,Haerbin,Xiangfang,Heilongjiang-Haerbin
267018,盛新领地,哈尔滨,香坊,安埠,2009,多层,果园街15号,126.7010727,45.72325918,1.0,20.0,,1052,公寓住宅,民用,7.9,12,-0.9,8655.0,Heilongjiang,Haerbin,Xiangfang,Heilongjiang-Haerbin
267019,永吉家园,哈尔滨,香坊,安埠,2003,多层,民吉街63号,126.6875693,45.72943604,,32.0,,1568,公寓住宅,民用,8.4,12,-0.38,8337.0,Heilongjiang,Haerbin,Xiangfang,Heilongjiang-Haerbin
267020,水木兰亭,哈尔滨,香坊,安埠,2010,多层|小高层,油坊街9号,126.7045738,45.72086948,1.0,30.32,,1453,公寓住宅,民用,7.9,12,0.23,8836.0,Heilongjiang,Haerbin,Xiangfang,Heilongjiang-Haerbin
266918,通乡街855号小区,哈尔滨,香坊,进乡街,2005,多层,通乡街855号,126.6769364,45.69556312,1.0,30.0,,144,公寓住宅,民用,7.5,12,0.0,7600.0,Heilongjiang,Haerbin,Xiangfang,Heilongjiang-Haerbin
266897,祥和家园,哈尔滨,香坊,进乡街,2009,多层|高层,进乡街123号,126.6906509,45.69502239,1.0,32.0,,1816,公寓住宅,民用,7.6,12,-1.14,7405.0,Heilongjiang,Haerbin,Xiangfang,Heilongjiang-Haerbin
266896,招商诺丁山,哈尔滨,香坊,进乡街,2015,多层|高层,进乡街175-8号,126.7039538,45.68640785,1.0,35.0,700000.0,5858,公寓住宅,民用,7.4,12,-0.18,8769.0,Heilongjiang,Haerbin,Xiangfang,Heilongjiang-Haerbin
266895,万科招商城市之光(二期),哈尔滨,香坊,进乡街,2019,小高层|高层,东三三道街,126.7054378,45.68746856,,29.0,388910.0,1796,公寓住宅,民用,7.6,12,-0.22,8944.0,Heilongjiang,Haerbin,Xiangfang,Heilongjiang-Haerbin
266861,结构街7号小区,哈尔滨,香坊,哈慈,2002,多层,结构街7号,126.6893209,45.69577477,1.0,30.0,,633,公寓住宅,民用,7.1,12,0.0,10000.0,Heilongjiang,Haerbin,Xiangfang,Heilongjiang-Haerbin
266860,红星村集资楼,哈尔滨,香坊,哈慈,2002,多层,红星路49号,126.700997,45.69949521,1.0,30.0,,297,公寓住宅,民用,7.3,12,0.0,6500.0,Heilongjiang,Haerbin,Xiangfang,Heilongjiang-Haerbin
266859,黎明大市场小区,哈尔滨,香坊,哈慈,2002,多层,进乡街134号,126.6947182,45.68668503,1.0,30.0,,0,公寓住宅,民用,7.3,12,0.0,7000.0,Heilongjiang,Haerbin,Xiangfang,Heilongjiang-Haerbin
266857,万科招商城市之光(三期),哈尔滨,香坊,哈慈,2020,小高层|高层,东三三道街,126.7080521,45.68670758,,25.0,,680,公寓住宅,民用,7.6,12,0.0,10220.0,Heilongjiang,Haerbin,Xiangfang,Heilongjiang-Haerbin
266856,万科招商城市之光(一期),哈尔滨,香坊,哈慈,2019,高层,东三三道街,126.7080138,45.68886134,,35.0,,1422,公寓住宅,民用,7.6,12,-0.17,9393.0,Heilongjiang,Haerbin,Xiangfang,Heilongjiang-Haerbin
266855,万科招商城市之光(四期),哈尔滨,香坊,哈慈,2019,小高层|高层,东三四道街1号,126.7060163,45.68533733,,29.0,,313,公寓住宅,民用,7.5,12,0.0,10000.0,Heilongjiang,Haerbin,Xiangfang,Heilongjiang-Haerbin
266854,香湾青城,哈尔滨,香坊,哈慈,2020,多层|高层,"松乐街,近通乡街",126.6708398,45.69481903,,30.0,300000.0,2028,公寓住宅,民用,8.0,12,0.04,11257.0,Heilongjiang,Haerbin,Xiangfang,Heilongjiang-Haerbin
266853,金瑞林城(二期),哈尔滨,香坊,哈慈,2011,高层,通乡街191号,126.6819351,45.7036779,1.0,35.0,,4276,公寓住宅,民用,8.2,12,0.38,10441.0,Heilongjiang,Haerbin,Xiangfang,Heilongjiang-Haerbin
266852,悦然臻城,哈尔滨,香坊,哈慈,2016,高层,通乡街151号,126.6794741,45.69708734,1.0,33.0,210000.0,2147,公寓住宅,民用,7.9,12,-0.66,9149.0,Heilongjiang,Haerbin,Xiangfang,Heilongjiang-Haerbin
266851,香林名苑,哈尔滨,香坊,哈慈,2017,小高层,通乡街118号,126.674978,45.69584035,1.0,35.0,450000.0,4089,公寓住宅,民用,8.0,12,-1.53,9197.0,Heilongjiang,Haerbin,Xiangfang,Heilongjiang-Haerbin
266850,澜悦东方,哈尔滨,香坊,哈慈,2017,多层|小高层|高层,松海路88号,126.6714728,45.69710811,1.0,38.0,260000.0,3151,公寓住宅,民用,8.1,12,-0.33,13603.0,Heilongjiang,Haerbin,Xiangfang,Heilongjiang-Haerbin
266849,恒大御景湾,哈尔滨,香坊,哈慈,2016,高层,"松海路,近通乡街",126.6737913,45.7007453,1.0,30.0,,3636,公寓住宅,民用,8.0,12,-0.19,11015.0,Heilongjiang,Haerbin,Xiangfang,Heilongjiang-Haerbin
266848,碧园小区,哈尔滨,香坊,香坊周边,1984,多层|小高层,"印染街,近兴盛路",126.7909439,45.70089347,1.0,20.0,,2736,公寓住宅,民用,6.1,12,0.0,8684.0,Heilongjiang,Haerbin,Xiangfang,Heilongjiang-Haerbin
266847,安泰北欧小镇,哈尔滨,香坊,香坊周边,2015,多层|高层,哈成路158号,126.8292775,45.69918757,1.0,40.0,,162,公寓住宅,民用,6.9,12,0.0,3709.0,Heilongjiang,Haerbin,Xiangfang,Heilongjiang-Haerbin
266845,和平糖厂家属楼,哈尔滨,香坊,香坊周边,2002,小高层,成高子街67号,126.8335971,45.70321465,1.0,30.0,,84,公寓住宅,民用,6.3,12,0.0,3624.0,Heilongjiang,Haerbin,Xiangfang,Heilongjiang-Haerbin
266844,安埠二期独栋,哈尔滨,香坊,香坊周边,2004,小高层,安埠街330号,126.6909378,45.72607739,1.0,30.0,,152,公寓住宅,民用,8.1,12,0.0,9642.0,Heilongjiang,Haerbin,Xiangfang,Heilongjiang-Haerbin
266841,和平屯社区,哈尔滨,香坊,香坊周边,2000,多层,和平路99号,126.6496478,45.72785666,1.0,30.0,,117,公寓住宅,民用,7.7,12,0.0,11142.0,Heilongjiang,Haerbin,Xiangfang,Heilongjiang-Haerbin
266862,铁道部哈办小区,哈尔滨,香坊,哈慈,2008,小高层,通郊南街9号,126.6740944,45.68977766,1.0,30.0,,212,公寓住宅,民用,7.7,12,0.0,8000.0,Heilongjiang,Haerbin,Xiangfang,Heilongjiang-Haerbin
266863,黎明小区(福泰街),哈尔滨,香坊,哈慈,1996,小高层,福泰街,126.695291,45.69179859,1.0,20.0,,324,公寓住宅,民用,7.1,12,0.0,6000.0,Heilongjiang,Haerbin,Xiangfang,Heilongjiang-Haerbin
266864,邓家新区,哈尔滨,香坊,哈慈,1993,多层|小高层,荣进街62号,126.6739595,45.6820811,1.0,30.0,,987,公寓住宅,民用,7.2,12,0.0,4705.0,Heilongjiang,Haerbin,Xiangfang,Heilongjiang-Haerbin
266865,善上居,哈尔滨,香坊,闽江路,2015,小高层|高层,"南直路,近成标街",126.7045843,45.73913622,1.0,40.0,520000.0,3488,公寓住宅,民用,8.2,12,-0.04,16126.0,Heilongjiang,Haerbin,Xiangfang,Heilongjiang-Haerbin
266894,福泰绿色名苑,哈尔滨,香坊,进乡街,2004,多层,进乡街159号,126.6942334,45.69389178,1.0,25.0,,1828,公寓住宅,民用,7.4,12,-1.49,7324.0,Heilongjiang,Haerbin,Xiangfang,Heilongjiang-Haerbin
266893,玉翠秀府,哈尔滨,香坊,进乡街,2007,多层|小高层,进乡街130号,126.6935501,45.68812502,1.0,35.0,,1984,公寓住宅,民用,7.1,12,-0.08,6871.0,Heilongjiang,Haerbin,Xiangfang,Heilongjiang-Haerbin
266892,富丽国际,哈尔滨,香坊,进乡街,2011,高层,军民街2-11号,126.6892876,45.69181901,1.0,30.0,,816,公寓住宅,民用,7.7,12,-1.23,7432.0,Heilongjiang,Haerbin,Xiangfang,Heilongjiang-Haerbin
266891,金瑞林城(一期),哈尔滨,香坊,进乡街,2018,高层,通乡街191号,126.6826616,45.70481108,,35.0,565453.0,8019,公寓住宅,民用,8.1,12,0.13,9769.0,Heilongjiang,Haerbin,Xiangfang,Heilongjiang-Haerbin
266890,东方玫瑰园,哈尔滨,香坊,进乡街,2010,多层|高层,进乡街122号,126.6889764,45.69398777,1.0,31.0,,1783,公寓住宅,民用,7.7,12,-0.35,7369.0,Heilongjiang,Haerbin,Xiangfang,Heilongjiang-Haerbin
266889,格兰云天,哈尔滨,香坊,进乡街,2014,小高层,进乡街120号,126.6846267,45.69468603,1.0,45.0,,8996,公寓住宅,民用,7.7,12,-0.61,8550.0,Heilongjiang,Haerbin,Xiangfang,Heilongjiang-Haerbin
266888,远香街18号小区,哈尔滨,香坊,香滨路,1998,小高层,远香街18号,126.664075,45.72581044,1.0,20.0,,318,公寓住宅,民用,7.5,12,0.0,9966.0,Heilongjiang,Haerbin,Xiangfang,Heilongjiang-Haerbin
266887,华侨名苑(别墅),哈尔滨,香坊,香滨路,2013,低层,规划街8-6号,126.6518061,45.72438697,1.0,50.0,,0,别墅,民用,7.3,12,0.0,10263.0,Heilongjiang,Haerbin,Xiangfang,Heilongjiang-Haerbin
266886,香滨路小区(香滨路79号-83号(单号)),哈尔滨,香坊,香滨路,2000,小高层,香滨路79号-83号(单号),126.6652915,45.73034478,1.0,30.0,,79,公寓住宅,民用,7.8,12,0.0,12025.0,Heilongjiang,Haerbin,Xiangfang,Heilongjiang-Haerbin
266885,远香街10号小区,哈尔滨,香坊,香滨路,2002,多层,远香街10号,126.6648827,45.72489847,1.0,30.0,,0,公寓住宅,民用,7.7,12,0.0,8560.0,Heilongjiang,Haerbin,Xiangfang,Heilongjiang-Haerbin
266999,尚古街3号小区,哈尔滨,香坊,公滨路,2002,小高层,尚古街3号,126.6976098,45.72316899,1.0,30.0,,392,公寓住宅,民用,7.5,12,0.0,8440.0,Heilongjiang,Haerbin,Xiangfang,Heilongjiang-Haerbin
266880,远香街14号院,哈尔滨,香坊,香滨路,2002,多层,远香街14号,126.6644426,45.72548496,1.0,30.0,,0,公寓住宅,民用,7.8,12,0.0,8819.0,Heilongjiang,Haerbin,Xiangfang,Heilongjiang-Haerbin
266879,香溪花园,哈尔滨,香坊,香滨路,2003,多层,香滨路19号,126.6633,45.72727072,1.0,39.0,,453,公寓住宅,民用,7.8,12,-1.68,9546.0,Heilongjiang,Haerbin,Xiangfang,Heilongjiang-Haerbin
266878,中北春城(一期),哈尔滨,香坊,香滨路,2007,多层|高层,香滨路4-20号,126.6573521,45.72659237,1.0,39.0,,1039,公寓住宅,民用,8.3,12,-2.52,12084.0,Heilongjiang,Haerbin,Xiangfang,Heilongjiang-Haerbin
266877,中北春城(二期),哈尔滨,香坊,香滨路,2007,多层|高层,香滨路4号,126.6594985,45.72499894,1.0,39.0,,922,公寓住宅,民用,8.3,12,-0.77,11879.0,Heilongjiang,Haerbin,Xiangfang,Heilongjiang-Haerbin
266876,中北春城(三期),哈尔滨,香坊,香滨路,2007,多层|小高层,香滨路9号,126.6545136,45.72736166,1.0,39.0,,5881,公寓住宅,民用,8.1,12,-0.4,13118.0,Heilongjiang,Haerbin,Xiangfang,Heilongjiang-Haerbin
266871,建北街57号小区,哈尔滨,香坊,闽江路,2002,小高层,建北街57号,126.6917635,45.73853572,1.0,20.0,,224,公寓住宅,民用,8.0,12,0.0,7793.0,Heilongjiang,Haerbin,Xiangfang,Heilongjiang-Haerbin
266870,麒麟茗邸,哈尔滨,香坊,闽江路,2019,小高层|高层,民福路88号,126.7084441,45.74315598,,30.0,,799,公寓住宅,民用,8.3,12,0.19,13564.0,Heilongjiang,Haerbin,Xiangfang,Heilongjiang-Haerbin
266869,哈轴职工香电,哈尔滨,香坊,闽江路,1983,多层|高层,香电街42号,126.6871797,45.73145922,,20.0,,588,公寓住宅,民用,8.0,12,0.0,8396.0,Heilongjiang,Haerbin,Xiangfang,Heilongjiang-Haerbin
266998,公滨路282号小区,哈尔滨,香坊,公滨路,2012,小高层,公滨路282号,126.6952258,45.72926479,1.0,30.0,,154,公寓住宅,民用,8.0,12,0.0,9375.0,Heilongjiang,Haerbin,Xiangfang,Heilongjiang-Haerbin
266996,公滨路219号小区,哈尔滨,香坊,公滨路,2004,多层,公滨路219号,126.7054628,45.72983527,1.0,30.0,,162,公寓住宅,民用,7.9,12,0.0,4788.0,Heilongjiang,Haerbin,Xiangfang,Heilongjiang-Haerbin
267902,旅游汽车综合楼,哈尔滨,香坊,菜艺街,2002,小高层,珠江路副37号,126.6681507,45.73526776,1.0,30.0,,40,公寓住宅,民用,8.2,12,0.0,10576.0,Heilongjiang,Haerbin,Xiangfang,Heilongjiang-Haerbin
267901,和平三道街小区(和平三道街28号-32号(双号)),哈尔滨,香坊,菜艺街,1995,小高层,和平三道街28号-32号(双号),126.651304,45.73710745,1.0,20.0,,63,公寓住宅,民用,7.5,12,0.0,7647.0,Heilongjiang,Haerbin,Xiangfang,Heilongjiang-Haerbin
267900,通站街112号小区,哈尔滨,香坊,菜艺街,2011,多层,通站街112号,126.6747216,45.71969491,1.0,30.0,,122,公寓住宅,民用,7.9,12,0.0,8949.0,Heilongjiang,Haerbin,Xiangfang,Heilongjiang-Haerbin
266930,哈南之星,哈尔滨,香坊,哈平路,2014,高层,哈平路231号,126.6447141,45.65621483,1.0,30.0,229000.0,2603,公寓住宅,民用,7.3,12,0.0,6510.0,Heilongjiang,Haerbin,Xiangfang,Heilongjiang-Haerbin
267899,六顺街小区(六顺街148号-154号(双号)),哈尔滨,香坊,菜艺街,1991,小高层,六顺街148号-154号(双号),126.6713488,45.73234968,1.0,20.0,,105,公寓住宅,民用,7.9,12,0.0,8103.0,Heilongjiang,Haerbin,Xiangfang,Heilongjiang-Haerbin
267898,教师楼(香坊),哈尔滨,香坊,菜艺街,2000,小高层,通站街二胡同1号,126.674949,45.72002742,1.0,30.0,,72,公寓住宅,民用,7.6,12,0.0,7000.0,Heilongjiang,Haerbin,Xiangfang,Heilongjiang-Haerbin
267897,香武胡同3号小区,哈尔滨,香坊,菜艺街,2000,小高层,香武胡同3号,126.6784019,45.72273602,1.0,30.0,,168,公寓住宅,民用,7.9,12,0.0,7285.0,Heilongjiang,Haerbin,Xiangfang,Heilongjiang-Haerbin
267896,理工大学东区家属楼,哈尔滨,香坊,菜艺街,2005,小高层,三大动力路23号,126.6496167,45.71907132,1.0,30.0,,546,公寓住宅,民用,7.3,12,0.0,8275.0,Heilongjiang,Haerbin,Xiangfang,Heilongjiang-Haerbin
267895,"咸宜街小区(双井街25号,咸宜街2号-10号(双号))",哈尔滨,香坊,菜艺街,2000,多层,"双井街25号,咸宜街2号-10号(双号)",126.6937109,45.72300037,1.0,30.0,,194,公寓住宅,民用,7.7,12,0.0,8424.0,Heilongjiang,Haerbin,Xiangfang,Heilongjiang-Haerbin
267894,公滨路小区(公滨路336号-344号(双号)),哈尔滨,香坊,菜艺街,1986,小高层,公滨路336号-344号(双号),126.6901786,45.72819466,1.0,11.0,,340,公寓住宅,民用,7.6,12,0.0,9111.0,Heilongjiang,Haerbin,Xiangfang,Heilongjiang-Haerbin
267893,通天街46号小区,哈尔滨,香坊,菜艺街,1991,小高层,通天街46号,126.6949484,45.72298436,1.0,20.0,,42,公寓住宅,民用,7.9,12,0.0,8352.0,Heilongjiang,Haerbin,Xiangfang,Heilongjiang-Haerbin
267892,六顺街小区(六顺街212号-214号(双号)),哈尔滨,香坊,菜艺街,1991,小高层,六顺街212号-214号(双号),126.6677672,45.73153065,1.0,20.0,,112,公寓住宅,民用,7.8,12,0.0,7454.0,Heilongjiang,Haerbin,Xiangfang,Heilongjiang-Haerbin
267891,省广电家属楼,哈尔滨,香坊,菜艺街,2020,小高层,赣水路副222号,126.6836462,45.73781232,1.0,30.0,,141,公寓住宅,民用,8.6,12,0.0,7840.0,Heilongjiang,Haerbin,Xiangfang,Heilongjiang-Haerbin
267890,"珠江路小区(珠江路66号-72号(双号),菜艺街140号,142号)",哈尔滨,香坊,菜艺街,1991,小高层,"珠江路66号-72号(双号),菜艺街140号,142号",126.6750551,45.73533931,1.0,20.0,,268,公寓住宅,民用,8.2,12,0.0,8107.0,Heilongjiang,Haerbin,Xiangfang,Heilongjiang-Haerbin
267889,五叙街小区(五叙街66号-72号(双号)),哈尔滨,香坊,菜艺街,1990,小高层,五叙街68号-72号(双号),126.6726678,45.73213085,1.0,20.0,,134,公寓住宅,民用,7.8,12,0.0,8384.0,Heilongjiang,Haerbin,Xiangfang,Heilongjiang-Haerbin
267888,三辅街145号小区,哈尔滨,香坊,菜艺街,2009,小高层,三辅街145号,126.665509,45.72909997,1.0,30.0,,119,公寓住宅,民用,7.7,12,0.0,8123.0,Heilongjiang,Haerbin,Xiangfang,Heilongjiang-Haerbin
267887,三辅街副39号小区,哈尔滨,香坊,菜艺街,2009,小高层,三辅街副39号,126.673951,45.73091477,1.0,30.0,,96,公寓住宅,民用,8.2,12,0.0,7785.0,Heilongjiang,Haerbin,Xiangfang,Heilongjiang-Haerbin
266942,哈平路127号小区,哈尔滨,香坊,哈平路,2000,小高层,哈平路127号,126.653696,45.73463825,1.0,30.0,,144,公寓住宅,民用,7.6,12,0.0,7320.0,Heilongjiang,Haerbin,Xiangfang,Heilongjiang-Haerbin
266943,冷冻站家属区,哈尔滨,香坊,哈平路,2002,多层,哈平路,126.6508718,45.64901619,,30.0,,36,公寓住宅,民用,6.9,12,0.0,6250.0,Heilongjiang,Haerbin,Xiangfang,Heilongjiang-Haerbin
266944,综合牧场家属区,哈尔滨,香坊,哈平路,1998,多层,哈平路518号,126.6482842,45.64628104,1.0,20.0,,343,公寓住宅,民用,6.8,12,0.0,6363.0,Heilongjiang,Haerbin,Xiangfang,Heilongjiang-Haerbin
266945,省农科园艺分院家属楼,哈尔滨,香坊,哈平路,1999,多层,哈平路658号,126.6536083,45.63608325,1.0,20.0,,335,公寓住宅,民用,6.7,12,0.0,7042.0,Heilongjiang,Haerbin,Xiangfang,Heilongjiang-Haerbin
267903,"菜艺街小区(15号,17,19号)",哈尔滨,香坊,菜艺街,1991,小高层,"菜艺街15号,17,19号",126.6789515,45.72803099,1.0,20.0,,219,公寓住宅,民用,8.0,12,0.0,11216.0,Heilongjiang,Haerbin,Xiangfang,Heilongjiang-Haerbin
266946,兴隆小区,哈尔滨,香坊,哈平路,2000,多层,哈平路,126.6553812,45.6477396,1.0,30.0,,987,公寓住宅,民用,6.8,12,0.0,3245.0,Heilongjiang,Haerbin,Xiangfang,Heilongjiang-Haerbin
267904,黑龙江省城市规划勘测设计研究院家属楼,哈尔滨,香坊,菜艺街,2016,小高层,和平路83号,126.6488519,45.72637339,1.0,30.0,,52,公寓住宅,民用,7.7,12,0.0,10717.0,Heilongjiang,Haerbin,Xiangfang,Heilongjiang-Haerbin
267906,林机街10号小区,哈尔滨,香坊,菜艺街,2004,小高层,林机街10号,126.685706,45.70540941,1.0,30.0,,114,公寓住宅,民用,7.5,12,0.0,9207.0,Heilongjiang,Haerbin,Xiangfang,Heilongjiang-Haerbin
266929,绿海花园,哈尔滨,香坊,哈平路,2014,高层,哈平公路199号,126.6428994,45.67976412,1.0,35.0,,1422,公寓住宅,民用,7.9,12,0.2,9010.0,Heilongjiang,Haerbin,Xiangfang,Heilongjiang-Haerbin
266928,远大都市绿洲,哈尔滨,香坊,哈平路,2011,多层|小高层,"哈平路,近保健路",126.6409308,45.70144102,1.0,32.0,,3454,公寓住宅,民用,8.0,12,-0.44,9107.0,Heilongjiang,Haerbin,Xiangfang,Heilongjiang-Haerbin
266927,邓家村小区,哈尔滨,香坊,进乡街,2009,高层,荣进街131号,126.674545,45.68013924,1.0,30.0,,216,公寓住宅,民用,6.8,12,0.0,4444.0,Heilongjiang,Haerbin,Xiangfang,Heilongjiang-Haerbin
266926,融创城,哈尔滨,香坊,进乡街,Dec-21,高层,军民街75号,126.6893993,45.67417523,,30.0,,2581,公寓住宅,民用,7.4,12,0.0,10000.0,Heilongjiang,Haerbin,Xiangfang,Heilongjiang-Haerbin
266925,兴隆小区,哈尔滨,香坊,进乡街,2000,多层,哈平路,126.6553812,45.6477396,1.0,30.0,,987,公寓住宅,民用,6.8,12,0.0,3245.0,Heilongjiang,Haerbin,Xiangfang,Heilongjiang-Haerbin
266924,哈广小区,哈尔滨,香坊,进乡街,2000,小高层,军民街37号,126.6867342,45.67935156,1.0,20.0,,189,公寓住宅,民用,7.4,12,0.0,4492.0,Heilongjiang,Haerbin,Xiangfang,Heilongjiang-Haerbin
266923,铁道部哈办小区,哈尔滨,香坊,进乡街,2008,小高层,通郊南街9号,126.6740944,45.68977766,1.0,30.0,,212,公寓住宅,民用,7.7,12,0.0,8000.0,Heilongjiang,Haerbin,Xiangfang,Heilongjiang-Haerbin
266922,结构街7号小区,哈尔滨,香坊,进乡街,2002,多层,结构街7号,126.6893209,45.69577477,1.0,30.0,,633,公寓住宅,民用,7.1,12,0.0,10000.0,Heilongjiang,Haerbin,Xiangfang,Heilongjiang-Haerbin
267919,公滨路小区(公滨路326号-330号(双号)),哈尔滨,香坊,菜艺街,1986,小高层,公滨路326号-330号(双号),126.6914094,45.72841373,1.0,11.0,,0,公寓住宅,民用,7.7,12,0.0,8250.0,Heilongjiang,Haerbin,Xiangfang,Heilongjiang-Haerbin
267918,体育头道街5号小区,哈尔滨,香坊,菜艺街,2000,小高层,体育头道街5号,126.6454574,45.7191927,1.0,30.0,,255,公寓住宅,民用,7.2,12,0.0,9474.0,Heilongjiang,Haerbin,Xiangfang,Heilongjiang-Haerbin
267917,香城街22号小区,哈尔滨,香坊,菜艺街,2004,小高层,香城街22号,126.6955846,45.73560728,1.0,30.0,,183,公寓住宅,民用,8.2,12,0.0,9594.0,Heilongjiang,Haerbin,Xiangfang,Heilongjiang-Haerbin
267916,民生东五道街43号小区,哈尔滨,香坊,菜艺街,2000,小高层,民生东五道街3号,126.6615532,45.7286348,1.0,30.0,,120,公寓住宅,民用,7.8,12,0.0,15714.0,Heilongjiang,Haerbin,Xiangfang,Heilongjiang-Haerbin
267915,香吉街1号小区,哈尔滨,香坊,菜艺街,1991,小高层,香吉街1号,126.6713001,45.7239591,1.0,20.0,,48,公寓住宅,民用,7.5,12,0.0,8253.0,Heilongjiang,Haerbin,Xiangfang,Heilongjiang-Haerbin
267914,建北街33号小区,哈尔滨,香坊,菜艺街,1995,小高层,建北街33号,126.6907806,45.73545325,1.0,20.0,,30,公寓住宅,民用,7.2,12,0.0,8100.0,Heilongjiang,Haerbin,Xiangfang,Heilongjiang-Haerbin
267913,红旗大街104-1号小区,哈尔滨,香坊,菜艺街,2014,小高层,红旗大街104-1号,126.6846146,45.73022034,1.0,30.0,,30,公寓住宅,民用,7.6,12,0.0,8100.0,Heilongjiang,Haerbin,Xiangfang,Heilongjiang-Haerbin
267912,公滨路小区(公滨路526号-532号(双号)),哈尔滨,香坊,菜艺街,1986,小高层,公滨路526号-532号(双号),126.6707493,45.72423468,1.0,11.0,,112,公寓住宅,民用,7.4,12,0.0,8303.0,Heilongjiang,Haerbin,Xiangfang,Heilongjiang-Haerbin
267911,四史街77号小区,哈尔滨,香坊,菜艺街,2005,小高层,四史街77号,126.6703622,45.73118182,1.0,30.0,,105,公寓住宅,民用,7.8,12,0.0,7477.0,Heilongjiang,Haerbin,Xiangfang,Heilongjiang-Haerbin
267910,哈轴职工住宅庆丰楼,哈尔滨,香坊,菜艺街,2002,小高层,红旗大街45号,126.6851812,45.72428758,1.0,30.0,,90,公寓住宅,民用,8.1,12,0.0,9803.0,Heilongjiang,Haerbin,Xiangfang,Heilongjiang-Haerbin
267909,六顺街91-1号小区,哈尔滨,香坊,菜艺街,1991,小高层,六顺街91-1号,126.6751477,45.73367447,1.0,20.0,,198,公寓住宅,民用,8.2,12,0.0,10057.0,Heilongjiang,Haerbin,Xiangfang,Heilongjiang-Haerbin
267908,公滨路355号小区,哈尔滨,香坊,菜艺街,2014,小高层,公滨路355号,126.6873815,45.72833009,1.0,30.0,,231,公寓住宅,民用,8.3,12,0.0,9438.0,Heilongjiang,Haerbin,Xiangfang,Heilongjiang-Haerbin
267907,公滨路小区(公滨路500号-508号(双号)),哈尔滨,香坊,菜艺街,1986,小高层,公滨路500号-508号(双号),126.674206,45.72492431,1.0,11.0,,72,公寓住宅,民用,7.7,12,0.0,9731.0,Heilongjiang,Haerbin,Xiangfang,Heilongjiang-Haerbin
267905,哈轴职工住宅新区,哈尔滨,香坊,菜艺街,2000,小高层,油坊街13号,126.7009111,45.72104738,1.0,30.0,,802,公寓住宅,民用,7.5,12,0.0,8669.0,Heilongjiang,Haerbin,Xiangfang,Heilongjiang-Haerbin
266947,南城壹号,哈尔滨,香坊,哈平路,2012,多层,"温州路,近同江路",126.6646419,45.6388631,1.0,30.0,,24,公寓住宅,民用,6.8,12,0.0,8333.0,Heilongjiang,Haerbin,Xiangfang,Heilongjiang-Haerbin
266948,穆家新区,哈尔滨,香坊,哈平路,2008,小高层,"团结路,近穆家头道街",126.6688502,45.67351075,1.0,30.0,,264,公寓住宅,民用,6.9,12,0.0,3448.0,Heilongjiang,Haerbin,Xiangfang,Heilongjiang-Haerbin
266949,珠江帝景,哈尔滨,香坊,珠江路,2012,小高层|高层,南直路65号,126.7049746,45.73381058,,40.0,,2324,公寓住宅,民用,8.3,12,0.02,10873.0,Heilongjiang,Haerbin,Xiangfang,Heilongjiang-Haerbin
266975,菜艺小区,哈尔滨,香坊,珠江路,1998,多层,菜艺街137-4号,126.67993,45.72840457,1.0,40.0,,821,公寓住宅,民用,8.8,12,0.0,9286.0,Heilongjiang,Haerbin,Xiangfang,Heilongjiang-Haerbin
266976,赣水路222-3号楼,哈尔滨,香坊,珠江路,1998,多层,赣水路222-3号,126.6848584,45.73769678,1.0,20.0,,177,公寓住宅,民用,8.2,12,0.0,7800.0,Heilongjiang,Haerbin,Xiangfang,Heilongjiang-Haerbin
266977,哈工大香坊小区,哈尔滨,香坊,珠江路,2002,多层,红旗大街102号,126.6844717,45.73051141,1.0,30.0,,290,公寓住宅,民用,8.8,12,0.0,8363.0,Heilongjiang,Haerbin,Xiangfang,Heilongjiang-Haerbin
266978,珠江香城(东区),哈尔滨,香坊,珠江路,1998,多层,香城街16号,126.6949183,45.73427228,,36.0,,315,公寓住宅,民用,8.2,12,0.0,9170.0,Heilongjiang,Haerbin,Xiangfang,Heilongjiang-Haerbin
266982,质检局家属楼,哈尔滨,香坊,珠江路,2010,多层,锦山路3号,126.6792767,45.73594151,1.0,30.0,,104,公寓住宅,民用,8.0,12,0.0,8500.0,Heilongjiang,Haerbin,Xiangfang,Heilongjiang-Haerbin
266983,红旗大街185号小区,哈尔滨,香坊,珠江路,2006,小高层,红旗大街185号,126.6873969,45.73475759,1.0,30.0,,95,公寓住宅,民用,8.4,12,0.0,8116.0,Heilongjiang,Haerbin,Xiangfang,Heilongjiang-Haerbin
266984,南亭印象,哈尔滨,香坊,珠江路,2019,高层,南果园街6号,126.6973778,45.71642465,1.0,30.0,,1086,公寓住宅,民用,7.8,12,0.0,8642.0,Heilongjiang,Haerbin,Xiangfang,Heilongjiang-Haerbin
266985,兴检小区,哈尔滨,香坊,珠江路,1997,多层|小高层,三辅街附24号,126.6734379,45.72730774,1.0,35.0,,155,公寓住宅,民用,8.1,12,0.0,8687.0,Heilongjiang,Haerbin,Xiangfang,Heilongjiang-Haerbin
266986,香艺居,哈尔滨,香坊,珠江路,2003,多层,三辅街64号,126.6766675,45.7308027,1.0,30.0,,189,公寓住宅,民用,8.5,12,0.0,8481.0,Heilongjiang,Haerbin,Xiangfang,Heilongjiang-Haerbin
266987,黑龙江省旅游局家属楼,哈尔滨,香坊,珠江路,1993,多层,珠江路39号,126.6675422,45.73447702,1.0,20.0,,287,公寓住宅,民用,7.8,12,0.0,9354.0,Heilongjiang,Haerbin,Xiangfang,Heilongjiang-Haerbin
266988,六顺小区,哈尔滨,香坊,珠江路,2000,小高层,司徒街120号,126.6709862,45.73301303,1.0,20.0,,462,公寓住宅,民用,7.8,12,0.0,8204.0,Heilongjiang,Haerbin,Xiangfang,Heilongjiang-Haerbin
266989,福人居,哈尔滨,香坊,珠江路,2016,多层|小高层,公滨路250号,126.6998614,45.73056907,1.0,21.0,,403,公寓住宅,民用,7.9,12,0.0,10786.0,Heilongjiang,Haerbin,Xiangfang,Heilongjiang-Haerbin
266990,龙跃金水湾,哈尔滨,香坊,公滨路,2017,小高层|高层,农场街18号,126.6925894,45.71720652,1.0,30.0,350000.0,3053,公寓住宅,民用,8.2,12,-0.58,10714.0,Heilongjiang,Haerbin,Xiangfang,Heilongjiang-Haerbin
266991,鸿盛春天,哈尔滨,香坊,公滨路,2012,高层,公滨路412号,126.6828728,45.72646105,1.0,35.4,,710,公寓住宅,民用,8.4,12,0.0,20068.0,Heilongjiang,Haerbin,Xiangfang,Heilongjiang-Haerbin
266992,幸福家园(公滨路),哈尔滨,香坊,公滨路,2002,多层|高层,公滨路36号,126.7381752,45.72380982,1.0,33.0,,558,公寓住宅,民用,7.7,12,0.0,11495.0,Heilongjiang,Haerbin,Xiangfang,Heilongjiang-Haerbin
266993,建北街4号楼,哈尔滨,香坊,公滨路,2001,小高层,建北街4号,126.6891804,45.73358507,1.0,30.0,,260,公寓住宅,民用,8.3,12,0.0,7704.0,Heilongjiang,Haerbin,Xiangfang,Heilongjiang-Haerbin
266994,公滨路192号楼,哈尔滨,香坊,公滨路,2002,多层,公滨路192号,126.7039101,45.72945394,1.0,30.0,,32,公寓住宅,民用,7.8,12,0.0,8000.0,Heilongjiang,Haerbin,Xiangfang,Heilongjiang-Haerbin
266995,电力学校居民楼,哈尔滨,香坊,公滨路,1997,多层,农电街4号,126.6934566,45.73351255,1.0,20.0,,72,公寓住宅,民用,7.8,12,0.0,9500.0,Heilongjiang,Haerbin,Xiangfang,Heilongjiang-Haerbin
266974,赣南小区,哈尔滨,香坊,珠江路,2002,多层|小高层,南直路16号,126.6997952,45.73540006,,20.0,,588,公寓住宅,民用,8.0,12,0.0,6943.0,Heilongjiang,Haerbin,Xiangfang,Heilongjiang-Haerbin
266973,农校小区,哈尔滨,香坊,珠江路,2002,多层|高层,农校街17号,126.7066729,45.73068096,1.0,30.0,,503,公寓住宅,民用,7.7,12,0.0,8407.0,Heilongjiang,Haerbin,Xiangfang,Heilongjiang-Haerbin
266972,天鹅公寓,哈尔滨,香坊,珠江路,2003,多层|小高层,中山路副93号,126.6682501,45.73508222,1.0,20.0,,145,公寓住宅,民用,8.1,12,0.0,10028.0,Heilongjiang,Haerbin,Xiangfang,Heilongjiang-Haerbin
266971,珠江香城(西区),哈尔滨,香坊,珠江路,1998,多层,建北街21-14号,126.6910545,45.73450869,1.0,36.0,,1123,公寓住宅,民用,8.2,12,0.0,9865.0,Heilongjiang,Haerbin,Xiangfang,Heilongjiang-Haerbin
266950,珠江嘉园,哈尔滨,香坊,珠江路,2004,多层,珠江路271号,126.6985931,45.73400149,,40.0,,960,公寓住宅,民用,8.4,12,0.0,8888.0,Heilongjiang,Haerbin,Xiangfang,Heilongjiang-Haerbin
266951,珠江俊景,哈尔滨,香坊,珠江路,2008,高层,南直路63号,126.703942,45.73326939,,20.0,,2531,公寓住宅,民用,7.9,12,-0.7,8609.0,Heilongjiang,Haerbin,Xiangfang,Heilongjiang-Haerbin
266952,明珠公寓,哈尔滨,香坊,珠江路,2012,多层,珠江路298号,126.699112,45.73227638,1.0,27.0,,678,公寓住宅,民用,8.1,12,0.0,9329.0,Heilongjiang,Haerbin,Xiangfang,Heilongjiang-Haerbin
266953,优度社区,哈尔滨,香坊,珠江路,2010,高层,红旗大街227-1号,126.6895652,45.73934577,1.0,36.0,,556,公寓住宅,民用,8.8,12,-0.62,12537.0,Heilongjiang,Haerbin,Xiangfang,Heilongjiang-Haerbin
266954,金地花园,哈尔滨,香坊,珠江路,2006,小高层,团结街17号,126.7140917,45.73134174,1.0,20.0,,524,公寓住宅,民用,7.8,12,0.0,6545.0,Heilongjiang,Haerbin,Xiangfang,Heilongjiang-Haerbin
266921,红星村集资楼,哈尔滨,香坊,进乡街,2002,多层,红星路49号,126.700997,45.69949521,1.0,30.0,,297,公寓住宅,民用,7.3,12,0.0,6500.0,Heilongjiang,Haerbin,Xiangfang,Heilongjiang-Haerbin
266920,东光厂家属楼,哈尔滨,香坊,进乡街,2003,小高层,旭东街3-2号,126.6606811,45.70127318,1.0,30.0,,378,公寓住宅,民用,7.9,12,0.0,7759.0,Heilongjiang,Haerbin,Xiangfang,Heilongjiang-Haerbin
266955,哈轴红旗小区,哈尔滨,香坊,珠江路,1994,多层,赣水路236号,126.6859854,45.7366218,1.0,20.0,,1113,公寓住宅,民用,8.6,12,0.0,8332.0,Heilongjiang,Haerbin,Xiangfang,Heilongjiang-Haerbin
266956,正基香江园(东区),哈尔滨,香坊,珠江路,2007,多层,珠江路225号,126.6966867,45.73489216,,32.0,,400,公寓住宅,民用,8.2,12,0.0,10217.0,Heilongjiang,Haerbin,Xiangfang,Heilongjiang-Haerbin
266957,书香雅苑,哈尔滨,香坊,珠江路,2006,多层,南直路8号,126.6994195,45.73377267,1.0,20.0,,203,公寓住宅,民用,8.6,12,0.0,9595.0,Heilongjiang,Haerbin,Xiangfang,Heilongjiang-Haerbin
266997,公滨路235号小区,哈尔滨,香坊,公滨路,2000,小高层,公滨路235号,126.7024884,45.73022689,1.0,30.0,,0,公寓住宅,民用,7.7,12,0.0,7123.0,Heilongjiang,Haerbin,Xiangfang,Heilongjiang-Haerbin
266958,华风嘉园,哈尔滨,香坊,珠江路,2002,多层,珠江路108号,126.6689123,45.73281006,1.0,20.0,,264,公寓住宅,民用,8.3,12,0.0,11871.0,Heilongjiang,Haerbin,Xiangfang,Heilongjiang-Haerbin
266960,正基香江园(西区),哈尔滨,香坊,珠江路,2007,多层,香城街20-7号,126.6950011,45.73512629,1.0,32.0,,210,公寓住宅,民用,8.3,12,0.0,11075.0,Heilongjiang,Haerbin,Xiangfang,Heilongjiang-Haerbin
266961,电车小区(香坊),哈尔滨,香坊,珠江路,1983,多层,农建胡同14号,126.6927426,45.73652836,1.0,20.0,,1277,公寓住宅,民用,8.1,12,0.0,7608.0,Heilongjiang,Haerbin,Xiangfang,Heilongjiang-Haerbin
266963,珠江小区(菜艺街),哈尔滨,香坊,珠江路,2005,小高层,顺水街59号,126.6840537,45.73292338,1.0,45.0,,1660,公寓住宅,民用,8.8,12,0.0,8327.0,Heilongjiang,Haerbin,Xiangfang,Heilongjiang-Haerbin
266964,泰山家园,哈尔滨,香坊,珠江路,2006,多层,珠江路121号,126.6934282,45.73479691,1.0,30.0,,870,公寓住宅,民用,8.1,12,-1.37,8718.0,Heilongjiang,Haerbin,Xiangfang,Heilongjiang-Haerbin
266965,军转小区,哈尔滨,香坊,珠江路,2001,多层|小高层,三辅三道街27号,126.6820939,45.73446572,1.0,20.0,,507,公寓住宅,民用,8.6,12,0.0,7996.0,Heilongjiang,Haerbin,Xiangfang,Heilongjiang-Haerbin
266966,珠江名府,哈尔滨,香坊,珠江路,2001,高层,珠江路037号,126.6848857,45.73530563,1.0,30.0,,338,公寓住宅,民用,8.7,12,0.0,10461.0,Heilongjiang,Haerbin,Xiangfang,Heilongjiang-Haerbin
266967,建北街4号楼,哈尔滨,香坊,珠江路,2001,小高层,建北街4号,126.6891804,45.73358507,1.0,30.0,,260,公寓住宅,民用,8.3,12,0.0,7704.0,Heilongjiang,Haerbin,Xiangfang,Heilongjiang-Haerbin
266968,化机小区,哈尔滨,香坊,珠江路,1999,多层,珠江路269号,126.6963014,45.7338196,1.0,80.0,,699,公寓住宅,民用,8.2,12,0.0,9422.0,Heilongjiang,Haerbin,Xiangfang,Heilongjiang-Haerbin
266969,建北新区,哈尔滨,香坊,珠江路,2002,多层|小高层,建北街55号,126.6917689,45.73796856,1.0,20.0,,287,公寓住宅,民用,8.3,12,0.0,9050.0,Heilongjiang,Haerbin,Xiangfang,Heilongjiang-Haerbin
266970,珠江名苑,哈尔滨,香坊,珠江路,2005,小高层,嵩山路25号,126.6817274,45.73618476,1.0,40.0,,58,公寓住宅,民用,8.8,12,0.0,10309.0,Heilongjiang,Haerbin,Xiangfang,Heilongjiang-Haerbin
266959,职工大院,哈尔滨,香坊,珠江路,1993,多层,三辅三道街40号,126.6796908,45.73351406,1.0,20.0,,1744,公寓住宅,民用,8.5,12,0.0,7682.0,Heilongjiang,Haerbin,Xiangfang,Heilongjiang-Haerbin
267555,中山路82号小区,哈尔滨,香坊,省医院,1990,多层,中山路82号,126.6674849,45.72716513,1.0,20.0,,122,公寓住宅,民用,7.5,12,0.0,6969.0,Heilongjiang,Haerbin,Xiangfang,Heilongjiang-Haerbin
267725,三联小区,哈尔滨,香坊,乐园街,2000,多层,体育街22号,126.6467719,45.72125358,1.0,30.0,,84,公寓住宅,民用,7.5,12,0.0,8793.0,Heilongjiang,Haerbin,Xiangfang,Heilongjiang-Haerbin
267453,民生路309号小区,哈尔滨,香坊,省医院,2004,小高层,民生路309号,126.6474892,45.73639274,1.0,30.0,,147,公寓住宅,民用,8.1,12,0.0,11701.0,Heilongjiang,Haerbin,Xiangfang,Heilongjiang-Haerbin
267466,远香街14号院,哈尔滨,香坊,省医院,2002,多层,远香街14号,126.6644426,45.72548496,1.0,30.0,,0,公寓住宅,民用,7.8,12,0.0,8819.0,Heilongjiang,Haerbin,Xiangfang,Heilongjiang-Haerbin
267465,香顺街104号小区,哈尔滨,香坊,省医院,2002,多层,香顺街104号,126.6690143,45.73092017,1.0,30.0,,0,公寓住宅,民用,8.2,12,0.0,8000.0,Heilongjiang,Haerbin,Xiangfang,Heilongjiang-Haerbin
267464,珠江路72-3号院,哈尔滨,香坊,省医院,2002,多层,珠江路72-3号,126.6744168,45.73410564,1.0,30.0,,84,公寓住宅,民用,8.3,12,0.0,8700.0,Heilongjiang,Haerbin,Xiangfang,Heilongjiang-Haerbin
267463,中民街46号小区,哈尔滨,香坊,省医院,2000,小高层,中民街46号,126.661428,45.73423687,1.0,30.0,,78,公寓住宅,民用,8.2,12,0.0,13900.0,Heilongjiang,Haerbin,Xiangfang,Heilongjiang-Haerbin
267462,教委楼,哈尔滨,香坊,省医院,1995,多层,香坊大街副45号,126.6794862,45.7228722,1.0,20.0,,435,公寓住宅,民用,8.3,12,0.0,7254.0,Heilongjiang,Haerbin,Xiangfang,Heilongjiang-Haerbin
267461,五叙小区,哈尔滨,香坊,省医院,1990,小高层,"四史街,近菜艺街",126.6741378,45.73184956,1.0,20.0,,1657,公寓住宅,民用,8.4,12,0.0,7520.0,Heilongjiang,Haerbin,Xiangfang,Heilongjiang-Haerbin
267459,香影胡同7号小区,哈尔滨,香坊,省医院,1998,小高层,香影胡同7号,126.6739558,45.72353019,1.0,20.0,,63,公寓住宅,民用,8.0,12,0.0,7000.0,Heilongjiang,Haerbin,Xiangfang,Heilongjiang-Haerbin
267458,民建巷14号小区,哈尔滨,香坊,省医院,1996,小高层,民建巷14号,126.6682819,45.73069077,1.0,20.0,,261,公寓住宅,民用,7.9,12,0.0,8602.0,Heilongjiang,Haerbin,Xiangfang,Heilongjiang-Haerbin
267457,珠江路5号小区,哈尔滨,香坊,省医院,1999,小高层,珠江路5号,126.6790583,45.7368066,1.0,20.0,,105,公寓住宅,民用,8.3,12,0.0,9444.0,Heilongjiang,Haerbin,Xiangfang,Heilongjiang-Haerbin
267456,"司徒街小区(司徒街副59号,香安街141号-151号(单号))",哈尔滨,香坊,省医院,1991,多层,"司徒街副59号,香安街141号-151号(单号)",126.6736139,45.72892129,1.0,20.0,,866,公寓住宅,民用,8.3,12,0.0,8681.0,Heilongjiang,Haerbin,Xiangfang,Heilongjiang-Haerbin
267455,三辅街162号小区,哈尔滨,香坊,省医院,2000,小高层,三辅街162号,126.6656484,45.72890011,1.0,30.0,,144,公寓住宅,民用,8.1,12,0.0,9171.0,Heilongjiang,Haerbin,Xiangfang,Heilongjiang-Haerbin
267454,西骑兵街6号小区,哈尔滨,香坊,省医院,1997,小高层,西骑兵街6号,126.6664482,45.72621728,1.0,20.0,,269,公寓住宅,民用,7.7,12,0.0,9561.0,Heilongjiang,Haerbin,Xiangfang,Heilongjiang-Haerbin
267460,三辅街119号小区,哈尔滨,香坊,省医院,1998,多层,三辅街119号,126.6693339,45.72995203,1.0,20.0,,318,公寓住宅,民用,8.3,12,0.0,8077.0,Heilongjiang,Haerbin,Xiangfang,Heilongjiang-Haerbin
267484,香顺街98号小区,哈尔滨,香坊,省医院,1998,小高层,香顺街98号,126.6692321,45.73056866,1.0,20.0,,0,公寓住宅,民用,8.0,12,0.0,8313.0,Heilongjiang,Haerbin,Xiangfang,Heilongjiang-Haerbin
267483,香顺街81号小区,哈尔滨,香坊,省医院,2002,小高层,香顺街81号,126.6696606,45.73103961,1.0,30.0,,144,公寓住宅,民用,8.1,12,0.0,7240.0,Heilongjiang,Haerbin,Xiangfang,Heilongjiang-Haerbin
267482,五叙街82号小区,哈尔滨,香坊,省医院,1990,多层,五叙街82号,126.6714096,45.73158362,1.0,20.0,,0,公寓住宅,民用,8.0,12,0.0,7000.0,Heilongjiang,Haerbin,Xiangfang,Heilongjiang-Haerbin
267481,司徒街97号小区,哈尔滨,香坊,省医院,2002,多层,司徒街97号,126.6723677,45.73233036,1.0,30.0,,0,公寓住宅,民用,8.1,12,0.0,8400.0,Heilongjiang,Haerbin,Xiangfang,Heilongjiang-Haerbin
267480,民生路78号住宅楼,哈尔滨,香坊,省医院,2018,多层,民生路78号,126.6611049,45.73105596,,30.0,,0,公寓住宅,民用,8.0,12,0.0,12000.0,Heilongjiang,Haerbin,Xiangfang,Heilongjiang-Haerbin
267356,消防胡同16号小区,哈尔滨,香坊,通乡商店,1995,小高层,消防胡同16号,126.6759097,45.7215402,1.0,20.0,,464,公寓住宅,民用,8.2,12,0.0,8666.0,Heilongjiang,Haerbin,Xiangfang,Heilongjiang-Haerbin
267485,珠江路96号小区,哈尔滨,香坊,省医院,2008,多层,珠江路96号,126.6723577,45.73478054,1.0,30.0,,0,公寓住宅,民用,8.2,12,0.0,8769.0,Heilongjiang,Haerbin,Xiangfang,Heilongjiang-Haerbin
267452,文治二道街13号小区,哈尔滨,香坊,省医院,2000,小高层,文治二道街13号,126.6364177,45.72634554,1.0,30.0,,141,公寓住宅,民用,7.5,12,0.0,10826.0,Heilongjiang,Haerbin,Xiangfang,Heilongjiang-Haerbin
267450,香坊大街93号小区,哈尔滨,香坊,省医院,2000,小高层,香坊大街93号,126.6753104,45.72227504,1.0,30.0,,200,公寓住宅,民用,8.1,12,0.0,11939.0,Heilongjiang,Haerbin,Xiangfang,Heilongjiang-Haerbin
267430,中山路69号小区,哈尔滨,香坊,省医院,1991,小高层,"中山路69号,三辅街146号,三辅街169号",126.6678139,45.72879506,1.0,20.0,,282,公寓住宅,民用,8.2,12,0.0,10166.0,Heilongjiang,Haerbin,Xiangfang,Heilongjiang-Haerbin
267429,珠江阳光居,哈尔滨,香坊,省医院,2002,小高层,香化街15号,126.6950251,45.73371433,1.0,30.0,,1131,公寓住宅,民用,8.2,12,0.0,8172.0,Heilongjiang,Haerbin,Xiangfang,Heilongjiang-Haerbin
267428,香安名苑,哈尔滨,香坊,省医院,2005,多层,香安街195号,126.6699437,45.72754089,1.0,24.0,,339,公寓住宅,民用,8.3,12,0.0,9705.0,Heilongjiang,Haerbin,Xiangfang,Heilongjiang-Haerbin
267427,七零三研究所职工住宅小区,哈尔滨,香坊,省医院,2001,多层|高层,旭升街副2号,126.6574842,45.70351744,1.0,20.0,,238,公寓住宅,民用,7.8,12,0.0,7773.0,Heilongjiang,Haerbin,Xiangfang,Heilongjiang-Haerbin
267426,西骑兵街1号小区,哈尔滨,香坊,省医院,2009,高层,西骑兵街1号,126.6674024,45.72659941,1.0,20.0,,420,公寓住宅,民用,8.0,12,0.0,10000.0,Heilongjiang,Haerbin,Xiangfang,Heilongjiang-Haerbin
267425,新地小区(香坊),哈尔滨,香坊,省医院,1992,多层,三辅四道街8-12号(双号),126.6814299,45.73344701,1.0,38.0,,1034,公寓住宅,民用,8.7,12,0.0,9576.0,Heilongjiang,Haerbin,Xiangfang,Heilongjiang-Haerbin
267431,六顺街小区(六顺街176号-184号(双号)),哈尔滨,香坊,省医院,2010,小高层,六顺街176号-184号(双号),126.6704926,45.73223757,1.0,30.0,,204,公寓住宅,民用,8.1,12,0.0,7132.0,Heilongjiang,Haerbin,Xiangfang,Heilongjiang-Haerbin
267424,"六顺街小区(六顺街112号-134号(双号),司徒街93-1号,93-2号,93-3号,五叙街31号,35号)",哈尔滨,香坊,省医院,1999,多层,"六顺街112号-134号(双号),司徒街93-1号,93-2号,93-3号,五叙街31号,35号",126.6732603,45.73255582,1.0,20.0,,851,公寓住宅,民用,8.4,12,0.0,8421.0,Heilongjiang,Haerbin,Xiangfang,Heilongjiang-Haerbin
267422,珑瑞小区(东区),哈尔滨,香坊,省医院,2001,多层,通站街33号,126.6796302,45.72193816,1.0,32.0,,687,公寓住宅,民用,8.3,12,0.0,8909.0,Heilongjiang,Haerbin,Xiangfang,Heilongjiang-Haerbin
267357,哈工大香坊小区,哈尔滨,香坊,通乡商店,2002,多层,红旗大街102号,126.6844717,45.73051141,1.0,30.0,,290,公寓住宅,民用,8.8,12,0.0,8363.0,Heilongjiang,Haerbin,Xiangfang,Heilongjiang-Haerbin
267186,恒隆华府,哈尔滨,香坊,幸福,2018,小高层|高层,香福路46-13号,126.7495098,45.7134561,,30.0,,2961,公寓住宅,民用,7.4,12,0.56,7035.0,Heilongjiang,Haerbin,Xiangfang,Heilongjiang-Haerbin
267421,民生路99号小区,哈尔滨,香坊,省医院,2002,多层,民生路99号,126.6600874,45.73197992,1.0,30.0,,705,公寓住宅,民用,8.2,12,0.0,19014.0,Heilongjiang,Haerbin,Xiangfang,Heilongjiang-Haerbin
267423,香江月,哈尔滨,香坊,省医院,2000,高层,中山街30-9号,126.6689195,45.72252915,1.0,35.0,,203,公寓住宅,民用,8.0,12,0.0,12755.0,Heilongjiang,Haerbin,Xiangfang,Heilongjiang-Haerbin
267432,古香街28号小区,哈尔滨,香坊,省医院,2000,小高层,古香街28号,126.6736898,45.72354832,1.0,30.0,,284,公寓住宅,民用,8.0,12,0.0,7458.0,Heilongjiang,Haerbin,Xiangfang,Heilongjiang-Haerbin
267433,"香顺街小区(香顺街80号,新香里街3号)",哈尔滨,香坊,省医院,2000,小高层,"香顺街80号,新香里街3号",126.6699523,45.72899285,1.0,30.0,,313,公寓住宅,民用,8.7,12,0.0,8666.0,Heilongjiang,Haerbin,Xiangfang,Heilongjiang-Haerbin
267434,司徒街54号小区,哈尔滨,香坊,省医院,1991,小高层,司徒街54号,126.6746033,45.72491862,1.0,20.0,,54,公寓住宅,民用,8.0,12,0.0,7878.0,Heilongjiang,Haerbin,Xiangfang,Heilongjiang-Haerbin
267449,文端街10号小区,哈尔滨,香坊,省医院,1991,小高层,"文端街10,7号",126.6498043,45.73798512,1.0,20.0,,278,公寓住宅,民用,8.3,12,0.0,8780.0,Heilongjiang,Haerbin,Xiangfang,Heilongjiang-Haerbin
267448,菜艺街8号小区,哈尔滨,香坊,省医院,1991,小高层,菜艺街8号,126.6787005,45.72704634,1.0,20.0,,218,公寓住宅,民用,8.1,12,0.0,9103.0,Heilongjiang,Haerbin,Xiangfang,Heilongjiang-Haerbin
267447,农垦党校家属楼,哈尔滨,香坊,省医院,1998,多层,香电街副26-4号,126.6885256,45.73133778,1.0,20.0,,575,公寓住宅,民用,8.2,12,0.0,9157.0,Heilongjiang,Haerbin,Xiangfang,Heilongjiang-Haerbin
267446,联建小区,哈尔滨,香坊,省医院,1995,小高层,红旗大街副44号,126.6825778,45.72427083,1.0,35.0,,254,公寓住宅,民用,8.6,12,0.0,8000.0,Heilongjiang,Haerbin,Xiangfang,Heilongjiang-Haerbin
267445,五叙街33号小区,哈尔滨,香坊,省医院,1996,小高层,五叙街33号,126.6742658,45.73348367,1.0,20.0,,917,公寓住宅,民用,8.3,12,0.0,9218.0,Heilongjiang,Haerbin,Xiangfang,Heilongjiang-Haerbin
267444,"珠江路小区(珠江路72-1号,珠江路72-2号)",哈尔滨,香坊,省医院,1991,小高层,"珠江路72-1号,珠江路72-2号",126.6745232,45.73532171,1.0,20.0,,180,公寓住宅,民用,8.0,12,0.0,9396.0,Heilongjiang,Haerbin,Xiangfang,Heilongjiang-Haerbin
267443,"司徒街小区(司徒街79号,79-1号)",哈尔滨,香坊,省医院,1991,小高层,"司徒街79号,79-1号",126.6737545,45.72976957,1.0,20.0,,288,公寓住宅,民用,8.5,12,0.0,8400.0,Heilongjiang,Haerbin,Xiangfang,Heilongjiang-Haerbin
267442,中山路116号小区,哈尔滨,香坊,省医院,2000,多层,中山路116号,126.6658918,45.72984976,1.0,30.0,,84,公寓住宅,民用,8.1,12,0.0,9130.0,Heilongjiang,Haerbin,Xiangfang,Heilongjiang-Haerbin
267441,绝缘厂宿舍,哈尔滨,香坊,省医院,1995,多层,绝缘三道街5号,126.6534579,45.72239519,1.0,20.0,,714,公寓住宅,民用,7.3,12,0.0,8255.0,Heilongjiang,Haerbin,Xiangfang,Heilongjiang-Haerbin
267440,西骑兵街38-1号小区,哈尔滨,香坊,省医院,2000,小高层,西骑兵街38-1号,126.6654162,45.72585943,1.0,30.0,,250,公寓住宅,民用,8.4,12,0.0,9364.0,Heilongjiang,Haerbin,Xiangfang,Heilongjiang-Haerbin
267439,香木街副12-10号小区,哈尔滨,香坊,省医院,2000,小高层,香木街副12-10号,126.6717714,45.72310981,1.0,30.0,,368,公寓住宅,民用,7.5,12,0.0,9030.0,Heilongjiang,Haerbin,Xiangfang,Heilongjiang-Haerbin
267438,锅炉厂厂前小区,哈尔滨,香坊,省医院,2002,小高层,旭升街27号,126.6616736,45.70725471,1.0,30.0,,342,公寓住宅,民用,7.6,12,0.0,7550.0,Heilongjiang,Haerbin,Xiangfang,Heilongjiang-Haerbin
267437,司徒街61号小区,哈尔滨,香坊,省医院,1991,小高层,司徒街61号,126.674536,45.7288586,1.0,20.0,,488,公寓住宅,民用,8.2,12,0.0,9111.0,Heilongjiang,Haerbin,Xiangfang,Heilongjiang-Haerbin
267436,司徒街13号小区,哈尔滨,香坊,省医院,1991,小高层,司徒街13号,126.6760867,45.72300948,1.0,20.0,,15,公寓住宅,民用,7.5,12,0.0,8305.0,Heilongjiang,Haerbin,Xiangfang,Heilongjiang-Haerbin
267435,司徒街20号小区,哈尔滨,香坊,省医院,1991,小高层,司徒街20号,126.6751596,45.72283095,1.0,20.0,,147,公寓住宅,民用,7.8,12,0.0,7142.0,Heilongjiang,Haerbin,Xiangfang,Heilongjiang-Haerbin
267451,古香街小区(古香街30号-32号(双号)),哈尔滨,香坊,省医院,2005,小高层,古香街30号-32号(双号),126.6736432,45.72394917,1.0,30.0,,178,公寓住宅,民用,8.2,12,0.0,8085.0,Heilongjiang,Haerbin,Xiangfang,Heilongjiang-Haerbin
267280,三大动力路小区(三大动力路48-162号(双号)),哈尔滨,香坊,乐松,2020,多层,三大动力路48-162号(双号),126.6465076,45.71658655,1.0,30.0,,219,公寓住宅,民用,7.5,12,0.0,10000.0,Heilongjiang,Haerbin,Xiangfang,Heilongjiang-Haerbin
267185,金源蓝城,哈尔滨,香坊,幸福,2017,高层,哈成路325号,126.7689419,45.71029354,,35.0,685275.0,3277,公寓住宅,民用,7.2,12,-0.2,7200.0,Heilongjiang,Haerbin,Xiangfang,Heilongjiang-Haerbin
267284,和平路73-6号小区,哈尔滨,香坊,乐松,2000,小高层,和平路73-6号,126.6490139,45.72297219,1.0,30.0,,126,公寓住宅,民用,7.4,12,0.0,8297.0,Heilongjiang,Haerbin,Xiangfang,Heilongjiang-Haerbin
267155,宏城好人家,哈尔滨,香坊,木材,2016,高层,电碳路23号,126.7278702,45.7152647,1.0,40.0,,2861,公寓住宅,民用,7.4,12,0.0,6000.0,Heilongjiang,Haerbin,Xiangfang,Heilongjiang-Haerbin
267500,三辅街145号小区,哈尔滨,香坊,省医院,2009,小高层,三辅街145号,126.665509,45.72909997,1.0,30.0,,119,公寓住宅,民用,7.7,12,0.0,8123.0,Heilongjiang,Haerbin,Xiangfang,Heilongjiang-Haerbin
267156,立汇美罗湾三期,哈尔滨,香坊,立汇美罗湾,2011,多层|高层,军民街副102-17号,126.6812183,45.69002472,1.0,43.0,,2887,公寓住宅,民用,7.7,12,-0.99,7253.0,Heilongjiang,Haerbin,Xiangfang,Heilongjiang-Haerbin
267157,立汇美罗湾二期,哈尔滨,香坊,立汇美罗湾,2011,多层|高层,军民街24号,126.6841328,45.68706592,1.0,43.0,,2849,公寓住宅,民用,7.5,12,-0.88,6727.0,Heilongjiang,Haerbin,Xiangfang,Heilongjiang-Haerbin
267353,邮电小区(通郊路),哈尔滨,香坊,通乡商店,1996,多层,通郊路36号,126.690891,45.69958776,1.0,20.0,,153,公寓住宅,民用,7.3,12,0.0,6637.0,Heilongjiang,Haerbin,Xiangfang,Heilongjiang-Haerbin
267154,环卫家属楼,哈尔滨,香坊,木材,1998,小高层,公滨路58号,126.7360262,45.72469294,1.0,20.0,,0,公寓住宅,民用,7.3,12,0.0,6689.0,Heilongjiang,Haerbin,Xiangfang,Heilongjiang-Haerbin
267158,立汇美罗湾一期,哈尔滨,香坊,立汇美罗湾,2011,多层|高层,军立街47号,126.686659,45.68823973,1.0,43.0,,2508,公寓住宅,民用,7.6,12,-1.67,6929.0,Heilongjiang,Haerbin,Xiangfang,Heilongjiang-Haerbin
267159,立汇美罗湾四期,哈尔滨,香坊,立汇美罗湾,2011,多层|高层,轧钢街,126.6827345,45.68559726,1.0,43.0,,1341,公寓住宅,民用,7.7,12,-0.75,6984.0,Heilongjiang,Haerbin,Xiangfang,Heilongjiang-Haerbin
267160,汇龙十九街区,哈尔滨,香坊,立汇美罗湾,2017,小高层|高层,军民街副102-16号,126.688626,45.68467207,1.0,30.0,60000.0,657,公寓住宅,民用,7.9,12,0.37,9725.0,Heilongjiang,Haerbin,Xiangfang,Heilongjiang-Haerbin
267161,万科金域悦府,哈尔滨,香坊,立汇美罗湾,2022,高层,拥军路,126.6793427,45.68750783,,35.0,,568,公寓住宅,民用,7.7,12,-0.72,9721.0,Heilongjiang,Haerbin,Xiangfang,Heilongjiang-Haerbin
267162,金色城邦(二期),哈尔滨,香坊,立汇美罗湾,2018,高层,"军民街,近拥军路",126.6894182,45.67639222,1.0,35.0,,3023,公寓住宅,民用,7.6,12,-0.29,6835.0,Heilongjiang,Haerbin,Xiangfang,Heilongjiang-Haerbin
267163,金色城邦(一期),哈尔滨,香坊,立汇美罗湾,2018,高层,军民街,126.6870422,45.67996302,,35.0,2000000.0,1448,公寓住宅,民用,7.5,12,0.0,8133.0,Heilongjiang,Haerbin,Xiangfang,Heilongjiang-Haerbin
267499,三辅街副39号小区,哈尔滨,香坊,省医院,2009,小高层,三辅街副39号,126.673951,45.73091477,1.0,30.0,,96,公寓住宅,民用,8.2,12,0.0,7785.0,Heilongjiang,Haerbin,Xiangfang,Heilongjiang-Haerbin
267354,通站小区五街区,哈尔滨,香坊,通乡商店,2011,小高层,卫生街44号,126.6779283,45.72076611,1.0,30.0,,294,公寓住宅,民用,8.1,12,0.0,8960.0,Heilongjiang,Haerbin,Xiangfang,Heilongjiang-Haerbin
267138,乐东嘉园,哈尔滨,香坊,三合路,2006,多层,三合路349号,126.6546075,45.70236831,1.0,40.0,,798,公寓住宅,民用,8.0,12,0.0,7923.0,Heilongjiang,Haerbin,Xiangfang,Heilongjiang-Haerbin
267139,电塔家园,哈尔滨,香坊,三合路,2001,多层,旭升街56号,126.66158,45.71046678,1.0,20.0,,1443,公寓住宅,民用,7.7,12,0.84,8901.0,Heilongjiang,Haerbin,Xiangfang,Heilongjiang-Haerbin
267502,"珠江路小区(珠江路66号-72号(双号),菜艺街140号,142号)",哈尔滨,香坊,省医院,1991,小高层,"珠江路66号-72号(双号),菜艺街140号,142号",126.6750551,45.73533931,1.0,20.0,,268,公寓住宅,民用,8.2,12,0.0,8107.0,Heilongjiang,Haerbin,Xiangfang,Heilongjiang-Haerbin
267501,五叙街小区(五叙街66号-72号(双号)),哈尔滨,香坊,省医院,1990,小高层,五叙街68号-72号(双号),126.6726678,45.73213085,1.0,20.0,,134,公寓住宅,民用,7.8,12,0.0,8384.0,Heilongjiang,Haerbin,Xiangfang,Heilongjiang-Haerbin
267140,哈锅职工村,哈尔滨,香坊,三合路,2002,多层,大庆副路10号,126.6656497,45.7095941,1.0,30.0,,328,公寓住宅,民用,7.9,12,0.0,7700.0,Heilongjiang,Haerbin,Xiangfang,Heilongjiang-Haerbin
267141,花场街16号楼,哈尔滨,香坊,三合路,2000,多层,花场街16号,126.658094,45.70618171,1.0,30.0,,84,公寓住宅,民用,7.7,12,0.0,7500.0,Heilongjiang,Haerbin,Xiangfang,Heilongjiang-Haerbin
267142,大庆副路26号小区,哈尔滨,香坊,三合路,2000,小高层,庆副路26号,126.6641036,45.71007081,1.0,30.0,,168,公寓住宅,民用,7.7,12,0.0,7594.0,Heilongjiang,Haerbin,Xiangfang,Heilongjiang-Haerbin
267143,三大动力路小区(三大动力路406号-422号(双号)),哈尔滨,香坊,三合路,2000,小高层,三大动力路406号-422号(双号),126.6591035,45.71236036,1.0,30.0,,112,公寓住宅,民用,8.1,12,0.0,7545.0,Heilongjiang,Haerbin,Xiangfang,Heilongjiang-Haerbin
267144,焊培楼,哈尔滨,香坊,三合路,2014,小高层,花场街12号,126.6591256,45.70644967,1.0,30.0,,154,公寓住宅,民用,7.5,12,0.0,8578.0,Heilongjiang,Haerbin,Xiangfang,Heilongjiang-Haerbin
267145,洛克小镇,哈尔滨,香坊,三合路,2009,多层,朝阳新路316号,126.6627605,45.68721194,1.0,20.0,,1255,公寓住宅,民用,7.2,12,0.0,5277.0,Heilongjiang,Haerbin,Xiangfang,Heilongjiang-Haerbin
267146,远创樾府,哈尔滨,香坊,木材,2010,高层,香田街19号,126.7268963,45.72901298,1.0,25.0,380000.0,4808,公寓住宅,民用,7.6,12,-1.24,9928.0,Heilongjiang,Haerbin,Xiangfang,Heilongjiang-Haerbin
267147,臻品小区,哈尔滨,香坊,木材,2012,小高层|高层,"木材东街75号,互助街13号",126.7230004,45.73188389,1.0,39.0,,2127,公寓住宅,民用,7.8,12,-0.93,8689.0,Heilongjiang,Haerbin,Xiangfang,Heilongjiang-Haerbin
267149,木材街57号小区,哈尔滨,香坊,木材,1993,多层,木材街57号,126.7201073,45.7329813,1.0,20.0,,72,公寓住宅,民用,7.7,12,0.0,7073.0,Heilongjiang,Haerbin,Xiangfang,Heilongjiang-Haerbin
267150,农校街13号小区,哈尔滨,香坊,木材,1991,小高层,农校街13号,126.7083741,45.73216155,1.0,20.0,,306,公寓住宅,民用,7.3,12,-0.67,7854.0,Heilongjiang,Haerbin,Xiangfang,Heilongjiang-Haerbin
267498,省外经综合楼,哈尔滨,香坊,省医院,2008,小高层,民航路11-7号,126.6674703,45.73820825,1.0,30.0,,72,公寓住宅,民用,7.7,12,0.0,12080.0,Heilongjiang,Haerbin,Xiangfang,Heilongjiang-Haerbin
267497,公滨路555号小区,哈尔滨,香坊,省医院,1991,小高层,公滨路555号,126.6709437,45.72523321,1.0,20.0,,287,公寓住宅,民用,7.5,12,0.0,8201.0,Heilongjiang,Haerbin,Xiangfang,Heilongjiang-Haerbin
267496,远香街18号小区,哈尔滨,香坊,省医院,1998,小高层,远香街18号,126.664075,45.72581044,1.0,20.0,,318,公寓住宅,民用,7.5,12,0.0,9966.0,Heilongjiang,Haerbin,Xiangfang,Heilongjiang-Haerbin
267281,健康路58号小区,哈尔滨,香坊,乐松,2008,小高层,健康路58号,126.6508612,45.71055056,1.0,30.0,,0,公寓住宅,民用,7.6,12,0.0,6600.0,Heilongjiang,Haerbin,Xiangfang,Heilongjiang-Haerbin
267175,会展城上城(二三期),哈尔滨,香坊,幸福,2018,高层,金香中路,126.7662208,45.74666603,1.0,35.0,,6005,公寓住宅,民用,7.2,12,-0.44,7054.0,Heilongjiang,Haerbin,Xiangfang,Heilongjiang-Haerbin
267177,新松璟荟祥府,哈尔滨,香坊,幸福,2022,高层,香福路150-1号,126.7581745,45.73374787,,35.0,,50,公寓住宅,民用,7.4,12,-1.67,8636.0,Heilongjiang,Haerbin,Xiangfang,Heilongjiang-Haerbin
267178,恒大时代广场,哈尔滨,香坊,幸福,2022,高层,"公滨路,近香福路",126.752507,45.72042131,,30.0,,5763,公寓住宅,民用,7.5,12,0.0,8735.0,Heilongjiang,Haerbin,Xiangfang,Heilongjiang-Haerbin
267179,高丽风情小镇,哈尔滨,香坊,幸福,2008,多层,公滨路37号,126.7520849,45.72456525,1.0,37.0,,1730,公寓住宅,民用,7.3,12,-6.06,7148.0,Heilongjiang,Haerbin,Xiangfang,Heilongjiang-Haerbin
267180,新松未来ONE,哈尔滨,香坊,幸福,2022,高层,香福路227号,126.7602345,45.74064786,,35.0,,582,公寓住宅,民用,7.5,12,-1.24,8403.0,Heilongjiang,Haerbin,Xiangfang,Heilongjiang-Haerbin
267489,林业小区(香坊),哈尔滨,香坊,省医院,1986,小高层,衡山路2-2号,126.6692716,45.73588399,1.0,20.0,,333,公寓住宅,民用,7.8,12,0.0,9212.0,Heilongjiang,Haerbin,Xiangfang,Heilongjiang-Haerbin
267181,温哥华森林(一期),哈尔滨,香坊,幸福,2016,多层|高层,香福路200号,126.7542988,45.73840608,1.0,30.0,106000.0,1864,公寓住宅,民用,7.5,12,0.42,7090.0,Heilongjiang,Haerbin,Xiangfang,Heilongjiang-Haerbin
267488,石油公司家属小区,哈尔滨,香坊,省医院,1998,小高层,香顺街4号,126.6724363,45.72225486,1.0,20.0,,0,公寓住宅,民用,7.8,12,0.0,8755.0,Heilongjiang,Haerbin,Xiangfang,Heilongjiang-Haerbin
267183,东升嘉园,哈尔滨,香坊,幸福,2013,小高层,香东街,126.7674767,45.72048916,1.0,23.0,,1456,公寓住宅,民用,6.9,12,0.0,6500.0,Heilongjiang,Haerbin,Xiangfang,Heilongjiang-Haerbin
267487,远香街10号小区,哈尔滨,香坊,省医院,2002,多层,远香街10号,126.6648827,45.72489847,1.0,30.0,,0,公寓住宅,民用,7.7,12,0.0,8560.0,Heilongjiang,Haerbin,Xiangfang,Heilongjiang-Haerbin
267184,新松茂樾山(二期),哈尔滨,香坊,幸福,2020,高层,香福路,126.7537579,45.74463055,1.0,30.0,,3369,公寓住宅,民用,7.4,12,1.32,7560.0,Heilongjiang,Haerbin,Xiangfang,Heilongjiang-Haerbin
267486,民建巷21-25号小区,哈尔滨,香坊,省医院,2010,多层,民建巷21-25号,126.6671698,45.73075659,1.0,30.0,,0,公寓住宅,民用,8.0,12,0.0,8971.0,Heilongjiang,Haerbin,Xiangfang,Heilongjiang-Haerbin
267490,六顺街216号小区,哈尔滨,香坊,省医院,2000,高层,六顺街216号,126.6671882,45.7314713,1.0,30.0,,48,公寓住宅,民用,7.8,12,0.0,9916.0,Heilongjiang,Haerbin,Xiangfang,Heilongjiang-Haerbin
267491,古香街46号小区,哈尔滨,香坊,省医院,2000,小高层,古香街46号,126.6731678,45.72473804,1.0,30.0,,30,公寓住宅,民用,7.9,12,0.0,8083.0,Heilongjiang,Haerbin,Xiangfang,Heilongjiang-Haerbin
267173,春江新城,哈尔滨,香坊,幸福,2012,多层|高层,幸福路40号,126.6487699,45.71290996,1.0,32.0,,2179,公寓住宅,民用,7.8,12,0.17,11057.0,Heilongjiang,Haerbin,Xiangfang,Heilongjiang-Haerbin
267495,香顺街小区(香顺街106号-112号(双号)),哈尔滨,香坊,省医院,1997,小高层,香顺街106号-112号(双号),126.668727,45.73165474,1.0,20.0,,70,公寓住宅,民用,7.8,12,0.0,7042.0,Heilongjiang,Haerbin,Xiangfang,Heilongjiang-Haerbin
267494,地质测试所家属小区,哈尔滨,香坊,省医院,2005,小高层,民建巷5号,126.6680393,45.73084051,1.0,30.0,,196,公寓住宅,民用,7.9,12,0.0,7543.0,Heilongjiang,Haerbin,Xiangfang,Heilongjiang-Haerbin
267165,融创蘭园,哈尔滨,香坊,立汇美罗湾,Mar-21,小高层,通郊南路9号,126.6778927,45.69210505,,30.0,,504,公寓住宅,民用,7.8,12,0.0,9629.0,Heilongjiang,Haerbin,Xiangfang,Heilongjiang-Haerbin
267166,军民街24号小区,哈尔滨,香坊,立汇美罗湾,2005,小高层,军民街24号,126.6888878,45.68854175,1.0,30.0,,468,公寓住宅,民用,7.2,12,0.0,8916.0,Heilongjiang,Haerbin,Xiangfang,Heilongjiang-Haerbin
267167,红星村集资楼,哈尔滨,香坊,立汇美罗湾,2002,多层,红星路49号,126.700997,45.69949521,1.0,30.0,,297,公寓住宅,民用,7.3,12,0.0,6500.0,Heilongjiang,Haerbin,Xiangfang,Heilongjiang-Haerbin
267168,结构街7号小区,哈尔滨,香坊,立汇美罗湾,2002,多层,结构街7号,126.6893209,45.69577477,1.0,30.0,,633,公寓住宅,民用,7.1,12,0.0,10000.0,Heilongjiang,Haerbin,Xiangfang,Heilongjiang-Haerbin
267169,铁道部哈办小区,哈尔滨,香坊,立汇美罗湾,2008,小高层,通郊南街9号,126.6740944,45.68977766,1.0,30.0,,212,公寓住宅,民用,7.7,12,0.0,8000.0,Heilongjiang,Haerbin,Xiangfang,Heilongjiang-Haerbin
267493,民航路4-1号小区,哈尔滨,香坊,省医院,1995,多层,民航路4-1号,126.6700446,45.73713125,1.0,20.0,,30,公寓住宅,民用,7.9,12,0.0,8421.0,Heilongjiang,Haerbin,Xiangfang,Heilongjiang-Haerbin
267492,香滨路小区(香滨路79号-83号(单号)),哈尔滨,香坊,省医院,2000,小高层,香滨路79号-83号(单号),126.6652915,45.73034478,1.0,30.0,,79,公寓住宅,民用,7.8,12,0.0,12025.0,Heilongjiang,Haerbin,Xiangfang,Heilongjiang-Haerbin
267170,永泰城,哈尔滨,香坊,幸福,1995,高层,香福路52号,126.7544104,45.71306886,1.0,35.0,1200000.0,7614,公寓住宅,民用,7.1,12,-0.29,8310.0,Heilongjiang,Haerbin,Xiangfang,Heilongjiang-Haerbin
267171,尚东辉煌城,哈尔滨,香坊,幸福,2012,高层,"长江路,近禧龙大街",126.7591044,45.75156463,1.0,30.56,500000.0,5014,公寓住宅,民用,7.2,12,0.0,7500.0,Heilongjiang,Haerbin,Xiangfang,Heilongjiang-Haerbin
267355,菜艺街95号小区,哈尔滨,香坊,通乡商店,2002,小高层,菜艺街95号,126.6781505,45.73092759,1.0,30.0,,320,公寓住宅,民用,8.5,12,0.0,7300.0,Heilongjiang,Haerbin,Xiangfang,Heilongjiang-Haerbin
267283,健康路66号小区,哈尔滨,香坊,乐松,2002,小高层,健康路66号,126.6527081,45.71289496,1.0,30.0,,105,公寓住宅,民用,7.6,12,0.0,7900.0,Heilongjiang,Haerbin,Xiangfang,Heilongjiang-Haerbin
267282,和平路73号小区,哈尔滨,香坊,乐松,2004,小高层,和平路73号,126.6468097,45.72479148,1.0,30.0,,536,公寓住宅,民用,7.4,12,0.0,8750.0,Heilongjiang,Haerbin,Xiangfang,Heilongjiang-Haerbin
267420,"六顺二道街小区(六顺二道街1号,3号,1-1号)",哈尔滨,香坊,省医院,1999,小高层,"六顺二道街1号,3号,1-1号",126.6779702,45.73382428,1.0,20.0,,370,公寓住宅,民用,8.5,12,0.0,8458.0,Heilongjiang,Haerbin,Xiangfang,Heilongjiang-Haerbin
267419,香安小区,哈尔滨,香坊,省医院,1997,多层,三辅街26号,126.6787354,45.73138935,1.0,35.0,,1672,公寓住宅,民用,8.7,12,0.0,10000.0,Heilongjiang,Haerbin,Xiangfang,Heilongjiang-Haerbin
267418,电力大院,哈尔滨,香坊,省医院,2002,小高层,增福街156号,126.6875997,45.72334991,1.0,30.0,,456,公寓住宅,民用,8.3,12,0.0,7152.0,Heilongjiang,Haerbin,Xiangfang,Heilongjiang-Haerbin
267259,松研住宅小区,哈尔滨,香坊,乐松,1992,多层|小高层,哈平六道街12-1号,126.6335018,45.71513882,1.0,20.0,,758,公寓住宅,民用,7.6,12,0.0,8285.0,Heilongjiang,Haerbin,Xiangfang,Heilongjiang-Haerbin
267258,文革小区,哈尔滨,香坊,乐松,2001,小高层,乐园街111号,126.6498166,45.71670406,1.0,35.0,,552,公寓住宅,民用,8.0,12,0.0,7196.0,Heilongjiang,Haerbin,Xiangfang,Heilongjiang-Haerbin
267257,林大和平小区,哈尔滨,香坊,乐松,1995,高层,农林头道街9号,126.6416715,45.72069511,,20.0,,465,公寓住宅,民用,7.5,12,0.0,10166.0,Heilongjiang,Haerbin,Xiangfang,Heilongjiang-Haerbin
267256,农林二道街3号小区,哈尔滨,香坊,乐松,1986,多层,农林二道街3号,126.6411804,45.72202584,1.0,20.0,,72,公寓住宅,民用,7.1,12,0.0,10303.0,Heilongjiang,Haerbin,Xiangfang,Heilongjiang-Haerbin
267372,顺水街6-8号小区,哈尔滨,香坊,通乡商店,1991,小高层,顺水街6-8号,126.68207,45.73072529,1.0,20.0,,390,公寓住宅,民用,8.2,12,0.0,8285.0,Heilongjiang,Haerbin,Xiangfang,Heilongjiang-Haerbin
267373,红旗大街副112号小区,哈尔滨,香坊,通乡商店,2016,小高层,红旗大街副112号,126.6858234,45.73296821,1.0,30.0,,70,公寓住宅,民用,8.5,12,0.0,9026.0,Heilongjiang,Haerbin,Xiangfang,Heilongjiang-Haerbin
267219,民生路311号小区,哈尔滨,香坊,省政府香坊片,2002,多层,民生路311号,126.6459751,45.73664741,1.0,30.0,,161,公寓住宅,民用,8.4,12,0.0,10315.0,Heilongjiang,Haerbin,Xiangfang,Heilongjiang-Haerbin
267227,民生路78号住宅楼,哈尔滨,香坊,省政府香坊片,2018,多层,民生路78号,126.6611049,45.73105596,,30.0,,0,公寓住宅,民用,8.0,12,0.0,12000.0,Heilongjiang,Haerbin,Xiangfang,Heilongjiang-Haerbin
267218,民航路2号小区,哈尔滨,香坊,省政府香坊片,1998,小高层,民航路2号,126.6689997,45.7392326,1.0,20.0,,320,公寓住宅,民用,8.5,12,0.0,9172.0,Heilongjiang,Haerbin,Xiangfang,Heilongjiang-Haerbin
267260,绿荫芳邻,哈尔滨,香坊,乐松,2011,高层,哈平路119号,126.6375789,45.70131425,1.0,31.0,,306,公寓住宅,民用,7.9,12,0.0,9914.0,Heilongjiang,Haerbin,Xiangfang,Heilongjiang-Haerbin
267371,轴承街17号小区,哈尔滨,香坊,通乡商店,2004,小高层,轴承街17号,126.6809791,45.72055668,1.0,30.0,,217,公寓住宅,民用,8.1,12,0.0,10000.0,Heilongjiang,Haerbin,Xiangfang,Heilongjiang-Haerbin
267369,香安街小区(香安街24号-32号(双号)),哈尔滨,香坊,通乡商店,1982,小高层,香安街24号-32号(双号),126.6800249,45.72906621,1.0,20.0,,0,公寓住宅,民用,8.0,12,0.0,7641.0,Heilongjiang,Haerbin,Xiangfang,Heilongjiang-Haerbin
267263,理工大学东区家园,哈尔滨,香坊,乐松,2003,多层|高层,幸福路93号,126.6445505,45.71597345,1.0,30.0,,877,公寓住宅,民用,7.1,12,0.0,9963.0,Heilongjiang,Haerbin,Xiangfang,Heilongjiang-Haerbin
267262,和平商住楼,哈尔滨,香坊,乐松,2003,高层,三大动力路7号,126.6447396,45.71923457,1.0,30.0,,0,公寓住宅,民用,7.8,12,0.0,11208.0,Heilongjiang,Haerbin,Xiangfang,Heilongjiang-Haerbin
267370,烟草楼家属院,哈尔滨,香坊,通乡商店,2002,小高层,永吉街-2号,126.6853404,45.72473811,1.0,30.0,,0,公寓住宅,民用,8.1,12,0.0,7777.0,Heilongjiang,Haerbin,Xiangfang,Heilongjiang-Haerbin
267261,"农林四道街小区(农林四道街3号-7号(单号),农林街16号,18号)",哈尔滨,香坊,乐松,1991,多层,"农林四道街3号-7号(单号),农林街16号,18号",126.6393485,45.72300576,1.0,20.0,,299,公寓住宅,民用,7.4,12,0.0,10793.0,Heilongjiang,Haerbin,Xiangfang,Heilongjiang-Haerbin
267386,建北街4号楼,哈尔滨,香坊,红旗大街香坊段,2001,小高层,建北街4号,126.6891804,45.73358507,1.0,30.0,,260,公寓住宅,民用,8.3,12,0.0,7704.0,Heilongjiang,Haerbin,Xiangfang,Heilongjiang-Haerbin
267213,衡山路13号楼,哈尔滨,香坊,天鹅饭店,2000,多层,衡山路13号,126.670995,45.73648985,,30.0,,0,公寓住宅,民用,7.9,12,0.0,8100.0,Heilongjiang,Haerbin,Xiangfang,Heilongjiang-Haerbin
267214,风华小区,哈尔滨,香坊,省政府香坊片,1998,多层,中山路178-1号,126.6584821,45.73681938,1.0,20.0,,1173,公寓住宅,民用,8.1,12,1.0,16332.0,Heilongjiang,Haerbin,Xiangfang,Heilongjiang-Haerbin
267215,风华社区,哈尔滨,香坊,省政府香坊片,1998,多层,"中山路178号,风华街4号",126.6590644,45.73795607,1.0,20.0,,1363,公寓住宅,民用,8.3,12,0.3,15946.0,Heilongjiang,Haerbin,Xiangfang,Heilongjiang-Haerbin
267216,民生东七道街2号小区,哈尔滨,香坊,省政府香坊片,2002,小高层,民生东七道街2号,126.6594071,45.73069738,1.0,30.0,,105,公寓住宅,民用,8.1,12,0.0,10248.0,Heilongjiang,Haerbin,Xiangfang,Heilongjiang-Haerbin
267217,和平屯社区,哈尔滨,香坊,省政府香坊片,2000,多层,和平路99号,126.6496478,45.72785666,1.0,30.0,,117,公寓住宅,民用,7.7,12,0.0,11142.0,Heilongjiang,Haerbin,Xiangfang,Heilongjiang-Haerbin
267228,衡山路13号楼,哈尔滨,香坊,省政府香坊片,2000,多层,衡山路13号,126.670995,45.73648985,,30.0,,0,公寓住宅,民用,7.9,12,0.0,8100.0,Heilongjiang,Haerbin,Xiangfang,Heilongjiang-Haerbin
267229,民生路二道街36号小区,哈尔滨,香坊,省政府香坊片,1995,多层,民生路二道街36号,126.6498247,45.73730512,1.0,20.0,,0,公寓住宅,民用,7.6,12,0.0,8000.0,Heilongjiang,Haerbin,Xiangfang,Heilongjiang-Haerbin
267230,远东大厦,哈尔滨,香坊,省政府香坊片,2016,多层,衡山路16号,126.6709288,45.73860122,1.0,30.0,,117,公寓住宅,民用,8.1,12,0.0,9000.0,Heilongjiang,Haerbin,Xiangfang,Heilongjiang-Haerbin
267231,民生路190号楼,哈尔滨,香坊,省政府香坊片,2011,多层,民生路190号,126.6461406,45.7361014,1.0,30.0,,138,公寓住宅,民用,7.7,12,0.0,8000.0,Heilongjiang,Haerbin,Xiangfang,Heilongjiang-Haerbin
267255,幸福小区(香坊),哈尔滨,香坊,乐松,1998,多层,幸福路3号,126.6458865,45.71376425,1.0,20.0,,570,公寓住宅,民用,7.6,12,0.0,8782.0,Heilongjiang,Haerbin,Xiangfang,Heilongjiang-Haerbin
267244,福缘名苑,哈尔滨,香坊,乐松,2007,多层,大庆副路176号,126.6456878,45.71564738,1.0,20.0,,564,公寓住宅,民用,7.7,12,0.0,10277.0,Heilongjiang,Haerbin,Xiangfang,Heilongjiang-Haerbin
267245,华侨丽景,哈尔滨,香坊,乐松,2015,小高层,和平路81号,126.6483351,45.72477863,1.0,30.0,,451,公寓住宅,民用,7.7,12,0.0,13219.0,Heilongjiang,Haerbin,Xiangfang,Heilongjiang-Haerbin
267246,健康馨苑,哈尔滨,香坊,乐松,2009,多层,大庆副路58号,126.6561575,45.71257646,1.0,20.0,,845,公寓住宅,民用,7.9,12,-2.29,8403.0,Heilongjiang,Haerbin,Xiangfang,Heilongjiang-Haerbin
267254,盛世闲庭(一期),哈尔滨,香坊,乐松,2005,低层|多层|高层,哈平路85号,126.639295,45.71332995,1.0,29.0,,222,公寓住宅,民用,7.8,12,0.0,10204.0,Heilongjiang,Haerbin,Xiangfang,Heilongjiang-Haerbin
267380,热电街55号小区,哈尔滨,香坊,通乡商店,1992,低层,热电街55号,126.6970214,45.70327887,,20.0,,4,公寓住宅,民用,7.0,12,0.0,7600.0,Heilongjiang,Haerbin,Xiangfang,Heilongjiang-Haerbin
267247,盛世闲庭(二期),哈尔滨,香坊,乐松,2005,高层,哈平路87号,126.6388987,45.71351602,1.0,29.0,,252,公寓住宅,民用,7.8,12,0.0,12419.0,Heilongjiang,Haerbin,Xiangfang,Heilongjiang-Haerbin
267379,公滨路555号小区,哈尔滨,香坊,通乡商店,1991,小高层,公滨路555号,126.6709437,45.72523321,1.0,20.0,,287,公寓住宅,民用,7.5,12,0.0,8201.0,Heilongjiang,Haerbin,Xiangfang,Heilongjiang-Haerbin
267376,"菜艺街小区(公滨路403号,403-1号,菜艺街1号)",哈尔滨,香坊,通乡商店,1991,小高层,"公滨路403号,403-1号,菜艺街1号",126.6795031,45.72676045,1.0,20.0,,379,公寓住宅,民用,8.2,12,0.0,9030.0,Heilongjiang,Haerbin,Xiangfang,Heilongjiang-Haerbin
267248,巴黎广场,哈尔滨,香坊,乐松,2005,高层,和平路11号,126.644943,45.72038896,1.0,29.0,,1111,公寓住宅,民用,7.5,12,0.0,11216.0,Heilongjiang,Haerbin,Xiangfang,Heilongjiang-Haerbin
267249,动力分局家属楼,哈尔滨,香坊,乐松,2000,多层|小高层,哈平六道街副2号,126.6372195,45.71467276,1.0,20.0,,202,公寓住宅,民用,7.6,12,0.0,7382.0,Heilongjiang,Haerbin,Xiangfang,Heilongjiang-Haerbin
267250,友缘小区,哈尔滨,香坊,乐松,2014,多层|小高层,幸福路100号,126.6450865,45.71418059,1.0,50.0,,444,公寓住宅,民用,8.1,12,0.0,12114.0,Heilongjiang,Haerbin,Xiangfang,Heilongjiang-Haerbin
267378,三辅街小区(三辅街12号-18号(双号)),哈尔滨,香坊,通乡商店,2009,小高层,三辅街12号-18号(双号),126.6797834,45.73178022,1.0,30.0,,147,公寓住宅,民用,8.3,12,0.0,8530.0,Heilongjiang,Haerbin,Xiangfang,Heilongjiang-Haerbin
267251,巴黎广场乐福小区,哈尔滨,香坊,乐松,2005,多层,体育头道街17号,126.646116,45.71998158,1.0,29.0,,1176,公寓住宅,民用,7.7,12,0.0,10487.0,Heilongjiang,Haerbin,Xiangfang,Heilongjiang-Haerbin
267377,公滨路343号小区,哈尔滨,香坊,通乡商店,1990,小高层,公滨路343号,126.6885593,45.72859621,1.0,20.0,,60,公寓住宅,民用,7.9,12,0.0,10415.0,Heilongjiang,Haerbin,Xiangfang,Heilongjiang-Haerbin
267243,金地家园(香坊),哈尔滨,香坊,乐松,2006,小高层,和兴路19号,126.640835,45.72098818,1.0,20.0,,102,公寓住宅,民用,7.5,12,0.0,12892.0,Heilongjiang,Haerbin,Xiangfang,Heilongjiang-Haerbin
267368,石油公司家属小区,哈尔滨,香坊,通乡商店,1998,小高层,香顺街4号,126.6724363,45.72225486,1.0,20.0,,0,公寓住宅,民用,7.8,12,0.0,8755.0,Heilongjiang,Haerbin,Xiangfang,Heilongjiang-Haerbin
267242,上和树,哈尔滨,香坊,乐松,2018,多层,哈平路104号,126.6340389,45.71281949,1.0,72.0,107643.0,444,公寓住宅,民用,7.6,12,0.4,19106.0,Heilongjiang,Haerbin,Xiangfang,Heilongjiang-Haerbin
267240,乐松小区,哈尔滨,香坊,乐松,2005,高层,哈安街6号,126.6430403,45.71623554,1.0,36.0,,980,公寓住宅,民用,7.8,12,0.0,11113.0,Heilongjiang,Haerbin,Xiangfang,Heilongjiang-Haerbin
267232,民生二道街38号小区,哈尔滨,香坊,省政府香坊片,2000,多层,民生二道街38号,126.6499287,45.73816142,1.0,30.0,,117,公寓住宅,民用,7.6,12,0.0,11415.0,Heilongjiang,Haerbin,Xiangfang,Heilongjiang-Haerbin
267385,东电里小区,哈尔滨,香坊,红旗大街香坊段,1990,多层|高层,红旗大街48号,126.6830585,45.7257305,1.0,30.0,,671,公寓住宅,民用,8.3,12,0.0,9200.0,Heilongjiang,Haerbin,Xiangfang,Heilongjiang-Haerbin
267233,量具新区,哈尔滨,香坊,省政府香坊片,2000,高层,民生二道街3-1号,126.6515264,45.73420348,1.0,35.0,,568,公寓住宅,民用,7.6,12,0.0,10000.0,Heilongjiang,Haerbin,Xiangfang,Heilongjiang-Haerbin
267384,轴承街住宅小区,哈尔滨,香坊,红旗大街香坊段,2001,多层|高层,轴承街5号,126.6823927,45.72016831,1.0,30.0,,435,公寓住宅,民用,8.3,12,0.0,10106.0,Heilongjiang,Haerbin,Xiangfang,Heilongjiang-Haerbin
267383,延福街257号小区,哈尔滨,香坊,红旗大街香坊段,2018,小高层,"延福街257号,安埠街347号",126.6868599,45.7248145,1.0,30.0,,249,公寓住宅,民用,8.1,12,0.0,9500.0,Heilongjiang,Haerbin,Xiangfang,Heilongjiang-Haerbin
267382,白毛小区,哈尔滨,香坊,红旗大街香坊段,2005,多层,红旗大街6号,126.6813267,45.71867746,1.0,30.0,,3508,公寓住宅,民用,8.2,12,0.19,9650.0,Heilongjiang,Haerbin,Xiangfang,Heilongjiang-Haerbin
267374,红民街63号小区,哈尔滨,香坊,通乡商店,1991,小高层,红民街63号,126.6842246,45.73159471,1.0,20.0,,108,公寓住宅,民用,8.0,12,0.0,8666.0,Heilongjiang,Haerbin,Xiangfang,Heilongjiang-Haerbin
267234,亚麻街小区(亚麻街32号-64号(双号)),哈尔滨,香坊,省政府香坊片,2000,小高层,亚麻街32号-64号(双号),126.6599178,45.73283131,1.0,30.0,,200,公寓住宅,民用,8.1,12,0.0,18092.0,Heilongjiang,Haerbin,Xiangfang,Heilongjiang-Haerbin
267236,省外经综合楼,哈尔滨,香坊,省政府香坊片,2008,小高层,民航路11-7号,126.6674703,45.73820825,1.0,30.0,,72,公寓住宅,民用,7.7,12,0.0,12080.0,Heilongjiang,Haerbin,Xiangfang,Heilongjiang-Haerbin
267237,远大都市绿洲,哈尔滨,香坊,乐松,2011,多层|小高层,"哈平路,近保健路",126.6409308,45.70144102,1.0,32.0,,3454,公寓住宅,民用,8.0,12,-0.44,9107.0,Heilongjiang,Haerbin,Xiangfang,Heilongjiang-Haerbin
267375,香安街小区(香安街46号-50号(双号)),哈尔滨,香坊,通乡商店,2004,小高层,香安街46号-50号(双号),126.6769904,45.72836066,1.0,30.0,,72,公寓住宅,民用,7.9,12,0.0,8949.0,Heilongjiang,Haerbin,Xiangfang,Heilongjiang-Haerbin
267381,朝一中家属楼,哈尔滨,香坊,通乡商店,2000,多层,朝北路,126.7044665,45.73117358,1.0,30.0,,108,公寓住宅,民用,7.6,12,0.0,7658.0,Heilongjiang,Haerbin,Xiangfang,Heilongjiang-Haerbin
267238,凯旋广场,哈尔滨,香坊,乐松,2015,多层,动源四道街27号,126.6382717,45.71864353,1.0,20.0,,2169,公寓住宅,民用,7.6,12,0.0,12102.0,Heilongjiang,Haerbin,Xiangfang,Heilongjiang-Haerbin
267239,南郡凤凰湾,哈尔滨,香坊,乐松,2011,高层,木研街10-2号,126.6415318,45.71251741,1.0,33.0,,1748,公寓住宅,民用,8.0,12,-0.17,11848.0,Heilongjiang,Haerbin,Xiangfang,Heilongjiang-Haerbin
267241,幸福家园(哈平路),哈尔滨,香坊,乐松,2002,多层,哈平路27号,126.6418636,45.71447675,1.0,33.0,,1175,公寓住宅,民用,8.0,12,0.11,8268.0,Heilongjiang,Haerbin,Xiangfang,Heilongjiang-Haerbin
267503,六顺街小区(六顺街212号-214号(双号)),哈尔滨,香坊,省医院,1991,小高层,六顺街212号-214号(双号),126.6677672,45.73153065,1.0,20.0,,112,公寓住宅,民用,7.8,12,0.0,7454.0,Heilongjiang,Haerbin,Xiangfang,Heilongjiang-Haerbin
267265,怡园绿景,哈尔滨,香坊,乐松,2012,高层,电塔街17号,126.6585909,45.7053068,1.0,34.0,,1019,公寓住宅,民用,8.0,12,-0.27,9543.0,Heilongjiang,Haerbin,Xiangfang,Heilongjiang-Haerbin
267209,鸿蒙小区,哈尔滨,香坊,天鹅饭店,2004,小高层,赣水路12号,126.6651106,45.73867119,1.0,35.0,,282,公寓住宅,民用,8.3,12,0.0,11517.0,Heilongjiang,Haerbin,Xiangfang,Heilongjiang-Haerbin
267398,红旗大街185号小区,哈尔滨,香坊,红旗大街香坊段,2006,小高层,红旗大街185号,126.6873969,45.73475759,1.0,30.0,,95,公寓住宅,民用,8.4,12,0.0,8116.0,Heilongjiang,Haerbin,Xiangfang,Heilongjiang-Haerbin
267397,香安街小区(香安街46号-50号(双号)),哈尔滨,香坊,红旗大街香坊段,2004,小高层,香安街46号-50号(双号),126.6769904,45.72836066,1.0,30.0,,72,公寓住宅,民用,7.9,12,0.0,8949.0,Heilongjiang,Haerbin,Xiangfang,Heilongjiang-Haerbin
267396,红旗大街副112号小区,哈尔滨,香坊,红旗大街香坊段,2016,小高层,红旗大街副112号,126.6858234,45.73296821,1.0,30.0,,70,公寓住宅,民用,8.5,12,0.0,9026.0,Heilongjiang,Haerbin,Xiangfang,Heilongjiang-Haerbin
267399,菜艺街48号小区,哈尔滨,香坊,红旗大街香坊段,1991,小高层,菜艺街48号,126.6768104,45.73187816,1.0,20.0,,70,公寓住宅,民用,7.8,12,0.0,10714.0,Heilongjiang,Haerbin,Xiangfang,Heilongjiang-Haerbin
267395,烟草楼家属院,哈尔滨,香坊,红旗大街香坊段,2002,小高层,永吉街-2号,126.6853404,45.72473811,1.0,30.0,,0,公寓住宅,民用,8.1,12,0.0,7777.0,Heilongjiang,Haerbin,Xiangfang,Heilongjiang-Haerbin
267394,三辅街副1-23号小区,哈尔滨,香坊,红旗大街香坊段,2009,多层,三辅街副1-23号,126.6787672,45.73179567,1.0,30.0,,108,公寓住宅,民用,8.1,12,0.0,6729.0,Heilongjiang,Haerbin,Xiangfang,Heilongjiang-Haerbin
267400,三辅街小区(三辅街12号-18号(双号)),哈尔滨,香坊,红旗大街香坊段,2009,小高层,三辅街12号-18号(双号),126.6797834,45.73178022,1.0,30.0,,147,公寓住宅,民用,8.3,12,0.0,8530.0,Heilongjiang,Haerbin,Xiangfang,Heilongjiang-Haerbin
267401,新成公寓,哈尔滨,香坊,红旗大街香坊段,2000,多层,公滨路,126.7020826,45.7301841,1.0,30.0,,0,公寓住宅,民用,7.6,12,0.0,6776.0,Heilongjiang,Haerbin,Xiangfang,Heilongjiang-Haerbin
267417,"文治三道街小区(文治三道街2号,文治二道街9号)",哈尔滨,香坊,省医院,2000,多层,"文治三道街2号,文治二道街9号",126.6367617,45.72560348,1.0,30.0,,285,公寓住宅,民用,7.9,12,0.0,9626.0,Heilongjiang,Haerbin,Xiangfang,Heilongjiang-Haerbin
267416,通站小区四街区,哈尔滨,香坊,省医院,2011,小高层,轴承街27号,126.6806597,45.72056751,1.0,30.0,,193,公寓住宅,民用,8.1,12,0.0,10725.0,Heilongjiang,Haerbin,Xiangfang,Heilongjiang-Haerbin
267415,民生东七道街2号小区,哈尔滨,香坊,省医院,2002,小高层,民生东七道街2号,126.6594071,45.73069738,1.0,30.0,,105,公寓住宅,民用,8.1,12,0.0,10248.0,Heilongjiang,Haerbin,Xiangfang,Heilongjiang-Haerbin
267414,吉祥苑,哈尔滨,香坊,省医院,2009,多层,赣水路326-3号,126.6953655,45.73612823,1.0,20.0,,144,公寓住宅,民用,8.1,12,0.0,9752.0,Heilongjiang,Haerbin,Xiangfang,Heilongjiang-Haerbin
267413,中山福苑,哈尔滨,香坊,省医院,2005,小高层,公滨路566号,126.6673379,45.72324179,1.0,40.0,,126,公寓住宅,民用,8.0,12,0.0,8760.0,Heilongjiang,Haerbin,Xiangfang,Heilongjiang-Haerbin
267412,"苏顺胡同小区(苏顺胡同4号,6号,17号)",哈尔滨,香坊,省医院,2012,小高层,"苏顺胡同4号,6号,17号",126.6931354,45.72619103,1.0,30.0,,226,公寓住宅,民用,8.6,12,0.0,10186.0,Heilongjiang,Haerbin,Xiangfang,Heilongjiang-Haerbin
267411,中山名苑,哈尔滨,香坊,省医院,2011,多层|小高层|高层,中山路61号,126.6702044,45.72659478,1.0,37.0,,539,公寓住宅,民用,8.2,12,0.0,12601.0,Heilongjiang,Haerbin,Xiangfang,Heilongjiang-Haerbin
267410,凡奇科苑,哈尔滨,香坊,省医院,2003,多层,中山路154号,126.6644576,45.73259539,1.0,30.0,,136,公寓住宅,民用,8.3,12,0.0,13997.0,Heilongjiang,Haerbin,Xiangfang,Heilongjiang-Haerbin
267409,金房小区,哈尔滨,香坊,省医院,2001,多层|小高层,和平路87号,126.651003,45.72784346,1.0,20.0,,834,公寓住宅,民用,8.0,12,2.84,11069.0,Heilongjiang,Haerbin,Xiangfang,Heilongjiang-Haerbin
267408,文景花园,哈尔滨,香坊,省医院,2005,多层,文景二道街9号,126.6445331,45.73108723,1.0,32.0,,290,公寓住宅,民用,8.1,12,0.0,13076.0,Heilongjiang,Haerbin,Xiangfang,Heilongjiang-Haerbin
267407,重型家属楼,哈尔滨,香坊,省医院,1991,多层,香滨路18号,126.6624555,45.72741269,1.0,20.0,,562,公寓住宅,民用,8.1,12,0.0,15736.0,Heilongjiang,Haerbin,Xiangfang,Heilongjiang-Haerbin
267406,融创四季印像,哈尔滨,香坊,省医院,Apr-22,高层,文景二道街,126.6455396,45.73059747,,35.0,,4299,公寓住宅,民用,8.1,12,0.0,13872.0,Heilongjiang,Haerbin,Xiangfang,Heilongjiang-Haerbin
267405,中山国际,哈尔滨,香坊,省医院,2010,小高层|超高层,中山路39号,126.6686386,45.72725078,1.0,31.0,,577,公寓住宅,民用,8.3,12,0.0,13043.0,Heilongjiang,Haerbin,Xiangfang,Heilongjiang-Haerbin
267404,亚麻小区(南区),哈尔滨,香坊,省医院,2004,多层,民生路6号,126.6595904,45.73130395,1.0,35.0,,266,公寓住宅,民用,8.4,12,0.0,15096.0,Heilongjiang,Haerbin,Xiangfang,Heilongjiang-Haerbin
267403,恒祥中山,哈尔滨,香坊,省医院,2014,多层|小高层|高层,公滨路574号,126.6644592,45.72354854,1.0,40.0,,1808,公寓住宅,民用,8.2,12,0.72,13428.0,Heilongjiang,Haerbin,Xiangfang,Heilongjiang-Haerbin
267388,哈工大香坊小区,哈尔滨,香坊,红旗大街香坊段,2002,多层,红旗大街102号,126.6844717,45.73051141,1.0,30.0,,290,公寓住宅,民用,8.8,12,0.0,8363.0,Heilongjiang,Haerbin,Xiangfang,Heilongjiang-Haerbin
267387,"菜艺街49,77号小区",哈尔滨,香坊,红旗大街香坊段,2000,小高层,"菜艺街49,77号",126.6786632,45.73023391,1.0,30.0,,504,公寓住宅,民用,8.2,12,0.0,9360.0,Heilongjiang,Haerbin,Xiangfang,Heilongjiang-Haerbin
267200,三福小区,哈尔滨,香坊,幸福,1991,多层,农科街1号,126.7625423,45.71711336,1.0,20.0,,357,公寓住宅,民用,7.0,12,0.0,6000.0,Heilongjiang,Haerbin,Xiangfang,Heilongjiang-Haerbin
267201,红一号,哈尔滨,香坊,幸福,2000,小高层,公滨路13号,126.7536906,45.7231354,1.0,20.0,,140,公寓住宅,民用,6.8,12,0.0,8190.0,Heilongjiang,Haerbin,Xiangfang,Heilongjiang-Haerbin
267202,什河丽景,哈尔滨,香坊,幸福,2006,多层|高层,靠河路,126.8297633,45.7156482,1.0,40.0,399600.0,1719,公寓住宅,民用,6.8,12,0.0,3266.0,Heilongjiang,Haerbin,Xiangfang,Heilongjiang-Haerbin
267203,金源幸福小区,哈尔滨,香坊,幸福,2003,多层,公滨路1号,126.7545319,45.72556597,1.0,20.0,,904,公寓住宅,民用,6.8,12,0.0,4395.0,Heilongjiang,Haerbin,Xiangfang,Heilongjiang-Haerbin
267204,北柞家园,哈尔滨,香坊,幸福,1993,多层,红星路244号,126.7280034,45.70452441,1.0,20.0,,378,公寓住宅,民用,6.8,12,0.0,4516.0,Heilongjiang,Haerbin,Xiangfang,Heilongjiang-Haerbin
267205,安居社区,哈尔滨,香坊,幸福,2009,多层,公滨路60号,126.7352385,45.7174989,1.0,20.0,,3066,公寓住宅,民用,7.2,12,0.0,6756.0,Heilongjiang,Haerbin,Xiangfang,Heilongjiang-Haerbin
267207,石化小区,哈尔滨,香坊,天鹅饭店,2000,多层|小高层,石化街18号,126.6625607,45.73449365,2.0,20.0,,799,公寓住宅,民用,8.2,12,-0.32,14794.0,Heilongjiang,Haerbin,Xiangfang,Heilongjiang-Haerbin
267268,凯旋广场(商住楼),哈尔滨,香坊,乐松,2015,超高层,和平路8号,126.6403366,45.71831584,1.0,20.0,,3976,商住楼,商用,7.5,12,0.0,12790.0,Heilongjiang,Haerbin,Xiangfang,Heilongjiang-Haerbin
267208,省政协家属小区,哈尔滨,香坊,天鹅饭店,1997,小高层,民航路44号,126.665435,45.73585886,1.0,20.0,,241,公寓住宅,民用,7.9,12,0.0,9688.0,Heilongjiang,Haerbin,Xiangfang,Heilongjiang-Haerbin
267267,华府家园,哈尔滨,香坊,乐松,2014,多层,王兆大街42号,126.631438,45.72924654,1.0,35.0,,156,公寓住宅,民用,7.9,12,0.0,15823.0,Heilongjiang,Haerbin,Xiangfang,Heilongjiang-Haerbin
267266,哈量分厂家属楼,哈尔滨,香坊,乐松,2000,小高层,哈平路51-1号,126.6401269,45.71507573,1.0,20.0,,397,公寓住宅,民用,7.5,12,0.0,8312.0,Heilongjiang,Haerbin,Xiangfang,Heilongjiang-Haerbin
267198,永泰城(商住楼),哈尔滨,香坊,幸福,1995,小高层,香福路52号,126.754977,45.7144445,1.0,30.0,,1357,商住楼,商用,7.1,12,0.0,7850.0,Heilongjiang,Haerbin,Xiangfang,Heilongjiang-Haerbin
267197,香春街5号小区,哈尔滨,香坊,幸福,2000,小高层,香春街5号,126.7712386,45.70445834,,30.0,,30,公寓住宅,民用,6.3,12,0.0,3121.0,Heilongjiang,Haerbin,Xiangfang,Heilongjiang-Haerbin
267271,乐园省建家属区,哈尔滨,香坊,乐松,2002,小高层,乐园街10-5号,126.6434474,45.71141682,1.0,30.0,,436,公寓住宅,民用,7.6,12,0.0,7089.0,Heilongjiang,Haerbin,Xiangfang,Heilongjiang-Haerbin
267189,和泓公馆,哈尔滨,香坊,幸福,2022,高层,长江路,126.7610712,45.74980088,,43.0,,0,公寓住宅,民用,7.3,12,0.0,7509.0,Heilongjiang,Haerbin,Xiangfang,Heilongjiang-Haerbin
267190,水田小区,哈尔滨,香坊,幸福,2016,高层,香福路184-3号,126.7566562,45.73764148,1.0,30.0,,0,公寓住宅,民用,7.6,12,0.0,5828.0,Heilongjiang,Haerbin,Xiangfang,Heilongjiang-Haerbin
267193,新香坊街道办事处综合楼,哈尔滨,香坊,幸福,2000,小高层,香福路95号,126.7567889,45.72517656,1.0,30.0,,105,公寓住宅,民用,7.0,12,0.0,4450.0,Heilongjiang,Haerbin,Xiangfang,Heilongjiang-Haerbin
267194,绢纺厂家属楼,哈尔滨,香坊,幸福,2000,小高层,绢纺街4号,126.7854807,45.7106351,1.0,30.0,,0,公寓住宅,民用,6.7,12,0.0,4062.0,Heilongjiang,Haerbin,Xiangfang,Heilongjiang-Haerbin
267195,特产所家属楼,哈尔滨,香坊,幸福,1991,多层,香福路67号,126.7555376,45.71902257,1.0,20.0,,72,公寓住宅,民用,6.9,12,0.0,7400.0,Heilongjiang,Haerbin,Xiangfang,Heilongjiang-Haerbin
267196,纺织印染厂宿舍,哈尔滨,香坊,幸福,2002,小高层,碧园街,126.7900961,45.70294007,,30.0,,30,公寓住宅,民用,6.5,12,0.0,6900.0,Heilongjiang,Haerbin,Xiangfang,Heilongjiang-Haerbin
267270,农林头道街4号小区,哈尔滨,香坊,乐松,2006,小高层,农林头道街4号,126.6415602,45.72167488,1.0,30.0,,0,公寓住宅,民用,7.5,12,0.0,10000.0,Heilongjiang,Haerbin,Xiangfang,Heilongjiang-Haerbin
267252,闻达绿都,哈尔滨,香坊,乐松,2012,高层,哈平路115号,126.6370321,45.70428735,1.0,25.0,,504,公寓住宅,民用,7.9,12,-0.18,8648.0,Heilongjiang,Haerbin,Xiangfang,Heilongjiang-Haerbin
267352,公滨路369号小区,哈尔滨,香坊,通乡商店,2009,小高层,公滨路369号,126.6872006,45.72844493,1.0,30.0,,400,公寓住宅,民用,8.2,12,0.0,9326.0,Heilongjiang,Haerbin,Xiangfang,Heilongjiang-Haerbin
267137,海顺新苑,哈尔滨,香坊,三合路,2005,多层,三合路57号,126.6645892,45.71624616,1.0,30.0,,2768,公寓住宅,民用,7.6,12,0.05,7887.0,Heilongjiang,Haerbin,Xiangfang,Heilongjiang-Haerbin
267554,汇龙拾光里,哈尔滨,香坊,省医院,Aug-21,高层,"油坊街,近通天街",126.6942939,45.71957083,,36.0,,770,公寓住宅,民用,8.3,12,0.0,14222.0,Heilongjiang,Haerbin,Xiangfang,Heilongjiang-Haerbin
267096,香吉街1号小区,哈尔滨,香坊,安埠,1991,小高层,香吉街1号,126.6713001,45.7239591,1.0,20.0,,48,公寓住宅,民用,7.5,12,0.0,8253.0,Heilongjiang,Haerbin,Xiangfang,Heilongjiang-Haerbin
267095,建北街33号小区,哈尔滨,香坊,安埠,1995,小高层,建北街33号,126.6907806,45.73545325,1.0,20.0,,30,公寓住宅,民用,7.2,12,0.0,8100.0,Heilongjiang,Haerbin,Xiangfang,Heilongjiang-Haerbin
267094,红旗大街104-1号小区,哈尔滨,香坊,安埠,2014,小高层,红旗大街104-1号,126.6846146,45.73022034,1.0,30.0,,30,公寓住宅,民用,7.6,12,0.0,8100.0,Heilongjiang,Haerbin,Xiangfang,Heilongjiang-Haerbin
267093,公滨路小区(公滨路526号-532号(双号)),哈尔滨,香坊,安埠,1986,小高层,公滨路526号-532号(双号),126.6707493,45.72423468,1.0,11.0,,112,公寓住宅,民用,7.4,12,0.0,8303.0,Heilongjiang,Haerbin,Xiangfang,Heilongjiang-Haerbin
267092,四史街77号小区,哈尔滨,香坊,安埠,2005,小高层,四史街77号,126.6703622,45.73118182,1.0,30.0,,105,公寓住宅,民用,7.8,12,0.0,7477.0,Heilongjiang,Haerbin,Xiangfang,Heilongjiang-Haerbin
267091,哈轴职工住宅庆丰楼,哈尔滨,香坊,安埠,2002,小高层,红旗大街45号,126.6851812,45.72428758,1.0,30.0,,90,公寓住宅,民用,8.1,12,0.0,9803.0,Heilongjiang,Haerbin,Xiangfang,Heilongjiang-Haerbin
267090,六顺街91-1号小区,哈尔滨,香坊,安埠,1991,小高层,六顺街91-1号,126.6751477,45.73367447,1.0,20.0,,198,公寓住宅,民用,8.2,12,0.0,10057.0,Heilongjiang,Haerbin,Xiangfang,Heilongjiang-Haerbin
267089,公滨路355号小区,哈尔滨,香坊,安埠,2014,小高层,公滨路355号,126.6873815,45.72833009,1.0,30.0,,231,公寓住宅,民用,8.3,12,0.0,9438.0,Heilongjiang,Haerbin,Xiangfang,Heilongjiang-Haerbin
267088,公滨路小区(公滨路500号-508号(双号)),哈尔滨,香坊,安埠,1986,小高层,公滨路500号-508号(双号),126.674206,45.72492431,1.0,11.0,,72,公寓住宅,民用,7.7,12,0.0,9731.0,Heilongjiang,Haerbin,Xiangfang,Heilongjiang-Haerbin
267097,民生东五道街43号小区,哈尔滨,香坊,安埠,2000,小高层,民生东五道街3号,126.6615532,45.7286348,1.0,30.0,,120,公寓住宅,民用,7.8,12,0.0,15714.0,Heilongjiang,Haerbin,Xiangfang,Heilongjiang-Haerbin
267086,哈轴职工住宅新区,哈尔滨,香坊,安埠,2000,小高层,油坊街13号,126.7009111,45.72104738,1.0,30.0,,802,公寓住宅,民用,7.5,12,0.0,8669.0,Heilongjiang,Haerbin,Xiangfang,Heilongjiang-Haerbin
267085,黑龙江省城市规划勘测设计研究院家属楼,哈尔滨,香坊,安埠,2016,小高层,和平路83号,126.6488519,45.72637339,1.0,30.0,,52,公寓住宅,民用,7.7,12,0.0,10717.0,Heilongjiang,Haerbin,Xiangfang,Heilongjiang-Haerbin
267084,"菜艺街小区(15号,17,19号)",哈尔滨,香坊,安埠,1991,小高层,"菜艺街15号,17,19号",126.6789515,45.72803099,1.0,20.0,,219,公寓住宅,民用,8.0,12,0.0,11216.0,Heilongjiang,Haerbin,Xiangfang,Heilongjiang-Haerbin
267083,旅游汽车综合楼,哈尔滨,香坊,安埠,2002,小高层,珠江路副37号,126.6681507,45.73526776,1.0,30.0,,40,公寓住宅,民用,8.2,12,0.0,10576.0,Heilongjiang,Haerbin,Xiangfang,Heilongjiang-Haerbin
267087,林机街10号小区,哈尔滨,香坊,安埠,2004,小高层,林机街10号,126.685706,45.70540941,1.0,30.0,,114,公寓住宅,民用,7.5,12,0.0,9207.0,Heilongjiang,Haerbin,Xiangfang,Heilongjiang-Haerbin
267351,公滨路388-1号小区,哈尔滨,香坊,通乡商店,2002,小高层,公滨路388-1号,126.6862372,45.72675164,1.0,30.0,,192,公寓住宅,民用,8.3,12,0.0,9111.0,Heilongjiang,Haerbin,Xiangfang,Heilongjiang-Haerbin
267098,香城街22号小区,哈尔滨,香坊,安埠,2004,小高层,香城街22号,126.6955846,45.73560728,1.0,30.0,,183,公寓住宅,民用,8.2,12,0.0,9594.0,Heilongjiang,Haerbin,Xiangfang,Heilongjiang-Haerbin
267340,东鹰小区,哈尔滨,香坊,万达,1996,小高层,康顺路27号,126.6659241,45.7394874,1.0,20.0,,126,公寓住宅,民用,7.7,12,0.0,6953.0,Heilongjiang,Haerbin,Xiangfang,Heilongjiang-Haerbin
267103,香城街18号小区,哈尔滨,香坊,安埠,2004,小高层,香城街18号,126.6952322,45.73455358,1.0,30.0,,54,公寓住宅,民用,8.1,12,0.0,7313.0,Heilongjiang,Haerbin,Xiangfang,Heilongjiang-Haerbin
267339,省广电家属楼,哈尔滨,香坊,万达,2020,小高层,赣水路副222号,126.6836462,45.73781232,1.0,30.0,,141,公寓住宅,民用,8.6,12,0.0,7840.0,Heilongjiang,Haerbin,Xiangfang,Heilongjiang-Haerbin
267102,香化街4-12号小区,哈尔滨,香坊,安埠,1987,小高层,"香化街4号,12号",126.6963847,45.73140217,1.0,20.0,,180,公寓住宅,民用,7.6,12,0.0,10429.0,Heilongjiang,Haerbin,Xiangfang,Heilongjiang-Haerbin
267338,珠江路98-1号小区,哈尔滨,香坊,万达,2002,小高层,珠江路98-1号,126.672999,45.7343667,1.0,30.0,,126,公寓住宅,民用,8.1,12,0.0,7772.0,Heilongjiang,Haerbin,Xiangfang,Heilongjiang-Haerbin
267337,菜艺街48号小区,哈尔滨,香坊,万达,1991,小高层,菜艺街48号,126.6768104,45.73187816,1.0,20.0,,70,公寓住宅,民用,7.8,12,0.0,10714.0,Heilongjiang,Haerbin,Xiangfang,Heilongjiang-Haerbin
267336,地质局家属院,哈尔滨,香坊,万达,2006,小高层,珠江路72-2号,126.6740278,45.73501026,1.0,30.0,,112,公寓住宅,民用,7.9,12,0.0,6866.0,Heilongjiang,Haerbin,Xiangfang,Heilongjiang-Haerbin
267335,"菜艺街小区(菜艺街124号,126-1号)",哈尔滨,香坊,万达,2000,小高层,"菜艺街124号,126-1号",126.6747199,45.73409086,1.0,30.0,,108,公寓住宅,民用,8.0,12,0.0,9126.0,Heilongjiang,Haerbin,Xiangfang,Heilongjiang-Haerbin
267334,珠江路35号小区,哈尔滨,香坊,万达,2002,小高层,珠江路35号,126.669442,45.73465917,1.0,30.0,,0,公寓住宅,民用,8.4,12,0.0,8769.0,Heilongjiang,Haerbin,Xiangfang,Heilongjiang-Haerbin
267333,林业小区(香坊),哈尔滨,香坊,万达,1986,小高层,衡山路2-2号,126.6692716,45.73588399,1.0,20.0,,333,公寓住宅,民用,7.8,12,0.0,9212.0,Heilongjiang,Haerbin,Xiangfang,Heilongjiang-Haerbin
267332,三辅街副1-23号小区,哈尔滨,香坊,万达,2009,多层,三辅街副1-23号,126.6787672,45.73179567,1.0,30.0,,108,公寓住宅,民用,8.1,12,0.0,6729.0,Heilongjiang,Haerbin,Xiangfang,Heilongjiang-Haerbin
267331,民建巷21-25号小区,哈尔滨,香坊,万达,2010,多层,民建巷21-25号,126.6671698,45.73075659,1.0,30.0,,0,公寓住宅,民用,8.0,12,0.0,8971.0,Heilongjiang,Haerbin,Xiangfang,Heilongjiang-Haerbin
267330,六顺街34号小区,哈尔滨,香坊,万达,2000,小高层,六顺街34号,126.6771191,45.73355583,1.0,30.0,,336,公寓住宅,民用,8.1,12,0.0,8916.0,Heilongjiang,Haerbin,Xiangfang,Heilongjiang-Haerbin
267329,珠江路96号小区,哈尔滨,香坊,万达,2008,多层,珠江路96号,126.6723577,45.73478054,1.0,30.0,,0,公寓住宅,民用,8.2,12,0.0,8769.0,Heilongjiang,Haerbin,Xiangfang,Heilongjiang-Haerbin
267328,香顺街98号小区,哈尔滨,香坊,万达,1998,小高层,香顺街98号,126.6692321,45.73056866,1.0,20.0,,0,公寓住宅,民用,8.0,12,0.0,8313.0,Heilongjiang,Haerbin,Xiangfang,Heilongjiang-Haerbin
267100,安埠街小区(安埠街22号-26号(双号)),哈尔滨,香坊,安埠,2001,小高层,安埠街22号-26号(双号),126.7019557,45.72679395,1.0,30.0,,224,公寓住宅,民用,7.6,12,0.0,12882.0,Heilongjiang,Haerbin,Xiangfang,Heilongjiang-Haerbin
267327,香顺街81号小区,哈尔滨,香坊,万达,2002,小高层,香顺街81号,126.6696606,45.73103961,1.0,30.0,,144,公寓住宅,民用,8.1,12,0.0,7240.0,Heilongjiang,Haerbin,Xiangfang,Heilongjiang-Haerbin
267099,公滨路小区(公滨路326号-330号(双号)),哈尔滨,香坊,安埠,1986,小高层,公滨路326号-330号(双号),126.6914094,45.72841373,1.0,11.0,,0,公寓住宅,民用,7.7,12,0.0,8250.0,Heilongjiang,Haerbin,Xiangfang,Heilongjiang-Haerbin
267326,五叙街82号小区,哈尔滨,香坊,万达,1990,多层,五叙街82号,126.6714096,45.73158362,1.0,20.0,,0,公寓住宅,民用,8.0,12,0.0,7000.0,Heilongjiang,Haerbin,Xiangfang,Heilongjiang-Haerbin
267325,远东大厦,哈尔滨,香坊,万达,2016,多层,衡山路16号,126.6709288,45.73860122,1.0,30.0,,117,公寓住宅,民用,8.1,12,0.0,9000.0,Heilongjiang,Haerbin,Xiangfang,Heilongjiang-Haerbin
267324,质检局家属楼,哈尔滨,香坊,万达,2010,多层,锦山路3号,126.6792767,45.73594151,1.0,30.0,,104,公寓住宅,民用,8.0,12,0.0,8500.0,Heilongjiang,Haerbin,Xiangfang,Heilongjiang-Haerbin
267323,司徒街97号小区,哈尔滨,香坊,万达,2002,多层,司徒街97号,126.6723677,45.73233036,1.0,30.0,,0,公寓住宅,民用,8.1,12,0.0,8400.0,Heilongjiang,Haerbin,Xiangfang,Heilongjiang-Haerbin
267322,衡山路13号楼,哈尔滨,香坊,万达,2000,多层,衡山路13号,126.670995,45.73648985,,30.0,,0,公寓住宅,民用,7.9,12,0.0,8100.0,Heilongjiang,Haerbin,Xiangfang,Heilongjiang-Haerbin
267308,香顺街104号小区,哈尔滨,香坊,万达,2002,多层,香顺街104号,126.6690143,45.73092017,1.0,30.0,,0,公寓住宅,民用,8.2,12,0.0,8000.0,Heilongjiang,Haerbin,Xiangfang,Heilongjiang-Haerbin
267082,通站街112号小区,哈尔滨,香坊,安埠,2011,多层,通站街112号,126.6747216,45.71969491,1.0,30.0,,122,公寓住宅,民用,7.9,12,0.0,8949.0,Heilongjiang,Haerbin,Xiangfang,Heilongjiang-Haerbin
267081,六顺街小区(六顺街148号-154号(双号)),哈尔滨,香坊,安埠,1991,小高层,六顺街148号-154号(双号),126.6713488,45.73234968,1.0,20.0,,105,公寓住宅,民用,7.9,12,0.0,8103.0,Heilongjiang,Haerbin,Xiangfang,Heilongjiang-Haerbin
267070,烟草楼家属院,哈尔滨,香坊,安埠,2002,小高层,永吉街-2号,126.6853404,45.72473811,1.0,30.0,,0,公寓住宅,民用,8.1,12,0.0,7777.0,Heilongjiang,Haerbin,Xiangfang,Heilongjiang-Haerbin
267069,香安街小区(香安街24号-32号(双号)),哈尔滨,香坊,安埠,1982,小高层,香安街24号-32号(双号),126.6800249,45.72906621,1.0,20.0,,0,公寓住宅,民用,8.0,12,0.0,7641.0,Heilongjiang,Haerbin,Xiangfang,Heilongjiang-Haerbin
267068,公滨路282号小区,哈尔滨,香坊,安埠,2012,小高层,公滨路282号,126.6952258,45.72926479,1.0,30.0,,154,公寓住宅,民用,8.0,12,0.0,9375.0,Heilongjiang,Haerbin,Xiangfang,Heilongjiang-Haerbin
267066,中民街46号小区,哈尔滨,香坊,安埠,2000,小高层,中民街46号,126.661428,45.73423687,1.0,30.0,,78,公寓住宅,民用,8.2,12,0.0,13900.0,Heilongjiang,Haerbin,Xiangfang,Heilongjiang-Haerbin
267065,煤田小区,哈尔滨,香坊,安埠,1995,多层|小高层,电塔三道街16号,126.6654177,45.71829723,1.0,20.0,,280,公寓住宅,民用,7.6,12,0.0,7952.0,Heilongjiang,Haerbin,Xiangfang,Heilongjiang-Haerbin
267290,哈动头道街1号小区,哈尔滨,香坊,乐松,2000,小高层,哈动头道街1号,126.6441103,45.71320324,1.0,30.0,,192,公寓住宅,民用,7.2,12,0.0,9647.0,Heilongjiang,Haerbin,Xiangfang,Heilongjiang-Haerbin
267064,香滨明苑,哈尔滨,香坊,安埠,2008,多层,香通街25号,126.6909812,45.72984025,1.0,23.0,,257,公寓住宅,民用,8.1,12,0.0,9467.0,Heilongjiang,Haerbin,Xiangfang,Heilongjiang-Haerbin
267063,蓝盾家园,哈尔滨,香坊,安埠,2005,多层,香德街28号,126.7078575,45.7255886,1.0,20.0,,363,公寓住宅,民用,7.7,12,0.0,8101.0,Heilongjiang,Haerbin,Xiangfang,Heilongjiang-Haerbin
267062,古香街小区(古香街30号-32号(双号)),哈尔滨,香坊,安埠,2005,小高层,古香街30号-32号(双号),126.6736432,45.72394917,1.0,30.0,,178,公寓住宅,民用,8.2,12,0.0,8085.0,Heilongjiang,Haerbin,Xiangfang,Heilongjiang-Haerbin
267061,香坊大街93号小区,哈尔滨,香坊,安埠,2000,小高层,香坊大街93号,126.6753104,45.72227504,1.0,30.0,,200,公寓住宅,民用,8.1,12,0.0,11939.0,Heilongjiang,Haerbin,Xiangfang,Heilongjiang-Haerbin
267060,菜艺街8号小区,哈尔滨,香坊,安埠,1991,小高层,菜艺街8号,126.6787005,45.72704634,1.0,20.0,,218,公寓住宅,民用,8.1,12,0.0,9103.0,Heilongjiang,Haerbin,Xiangfang,Heilongjiang-Haerbin
267059,农垦党校家属楼,哈尔滨,香坊,安埠,1998,多层,香电街副26-4号,126.6885256,45.73133778,1.0,20.0,,575,公寓住宅,民用,8.2,12,0.0,9157.0,Heilongjiang,Haerbin,Xiangfang,Heilongjiang-Haerbin
267058,联建小区,哈尔滨,香坊,安埠,1995,小高层,红旗大街副44号,126.6825778,45.72427083,1.0,35.0,,254,公寓住宅,民用,8.6,12,0.0,8000.0,Heilongjiang,Haerbin,Xiangfang,Heilongjiang-Haerbin
267057,五叙街33号小区,哈尔滨,香坊,安埠,1996,小高层,五叙街33号,126.6742658,45.73348367,1.0,20.0,,917,公寓住宅,民用,8.3,12,0.0,9218.0,Heilongjiang,Haerbin,Xiangfang,Heilongjiang-Haerbin
267056,"珠江路小区(珠江路72-1号,珠江路72-2号)",哈尔滨,香坊,安埠,1991,小高层,"珠江路72-1号,珠江路72-2号",126.6745232,45.73532171,1.0,20.0,,180,公寓住宅,民用,8.0,12,0.0,9396.0,Heilongjiang,Haerbin,Xiangfang,Heilongjiang-Haerbin
267055,中山路116号小区,哈尔滨,香坊,安埠,2000,多层,中山路116号,126.6658918,45.72984976,1.0,30.0,,84,公寓住宅,民用,8.1,12,0.0,9130.0,Heilongjiang,Haerbin,Xiangfang,Heilongjiang-Haerbin
267054,绝缘厂宿舍,哈尔滨,香坊,安埠,1995,多层,绝缘三道街5号,126.6534579,45.72239519,1.0,20.0,,714,公寓住宅,民用,7.3,12,0.0,8255.0,Heilongjiang,Haerbin,Xiangfang,Heilongjiang-Haerbin
267053,西骑兵街38-1号小区,哈尔滨,香坊,安埠,2000,小高层,西骑兵街38-1号,126.6654162,45.72585943,1.0,30.0,,250,公寓住宅,民用,8.4,12,0.0,9364.0,Heilongjiang,Haerbin,Xiangfang,Heilongjiang-Haerbin
267052,香木街副12-10号小区,哈尔滨,香坊,安埠,2000,小高层,香木街副12-10号,126.6717714,45.72310981,1.0,30.0,,368,公寓住宅,民用,7.5,12,0.0,9030.0,Heilongjiang,Haerbin,Xiangfang,Heilongjiang-Haerbin
267051,锅炉厂厂前小区,哈尔滨,香坊,安埠,2002,小高层,旭升街27号,126.6616736,45.70725471,1.0,30.0,,342,公寓住宅,民用,7.6,12,0.0,7550.0,Heilongjiang,Haerbin,Xiangfang,Heilongjiang-Haerbin
267050,公滨路369号小区,哈尔滨,香坊,安埠,2009,小高层,公滨路369号,126.6872006,45.72844493,1.0,30.0,,400,公寓住宅,民用,8.2,12,0.0,9326.0,Heilongjiang,Haerbin,Xiangfang,Heilongjiang-Haerbin
267049,公滨路388-1号小区,哈尔滨,香坊,安埠,2002,小高层,公滨路388-1号,126.6862372,45.72675164,1.0,30.0,,192,公寓住宅,民用,8.3,12,0.0,9111.0,Heilongjiang,Haerbin,Xiangfang,Heilongjiang-Haerbin
267048,红旗大街小区(红旗大街93号-99号(单号),哈尔滨,香坊,安埠,1996,小高层,红旗大街93号-99号(单号),126.6852504,45.72720182,1.0,20.0,,262,公寓住宅,民用,8.2,12,0.0,8042.0,Heilongjiang,Haerbin,Xiangfang,Heilongjiang-Haerbin
267071,轴承街17号小区,哈尔滨,香坊,安埠,2004,小高层,轴承街17号,126.6809791,45.72055668,1.0,30.0,,217,公寓住宅,民用,8.1,12,0.0,10000.0,Heilongjiang,Haerbin,Xiangfang,Heilongjiang-Haerbin
267341,金瑞林城(三期),哈尔滨,香坊,通乡商店,2018,高层,通乡街,126.6858389,45.70278967,1.0,35.0,,2833,公寓住宅,民用,8.1,12,-0.18,9346.0,Heilongjiang,Haerbin,Xiangfang,Heilongjiang-Haerbin
267072,顺水街6-8号小区,哈尔滨,香坊,安埠,1991,小高层,顺水街6-8号,126.68207,45.73072529,1.0,20.0,,390,公寓住宅,民用,8.2,12,0.0,8285.0,Heilongjiang,Haerbin,Xiangfang,Heilongjiang-Haerbin
267292,体育街小区(体育街38号-46号(双号)),哈尔滨,香坊,乐松,2009,小高层,体育街38号-46号(双号),126.645552,45.7217481,1.0,30.0,,148,公寓住宅,民用,7.8,12,0.0,8206.0,Heilongjiang,Haerbin,Xiangfang,Heilongjiang-Haerbin
267307,珠江路72-3号院,哈尔滨,香坊,万达,2002,多层,珠江路72-3号,126.6744168,45.73410564,1.0,30.0,,84,公寓住宅,民用,8.3,12,0.0,8700.0,Heilongjiang,Haerbin,Xiangfang,Heilongjiang-Haerbin
267306,菜艺街95号小区,哈尔滨,香坊,万达,2002,小高层,菜艺街95号,126.6781505,45.73092759,1.0,30.0,,320,公寓住宅,民用,8.5,12,0.0,7300.0,Heilongjiang,Haerbin,Xiangfang,Heilongjiang-Haerbin
267305,赣水路222-3号楼,哈尔滨,香坊,万达,1998,多层,赣水路222-3号,126.6848584,45.73769678,1.0,20.0,,177,公寓住宅,民用,8.2,12,0.0,7800.0,Heilongjiang,Haerbin,Xiangfang,Heilongjiang-Haerbin
267080,教师楼(香坊),哈尔滨,香坊,安埠,2000,小高层,通站街二胡同1号,126.674949,45.72002742,1.0,30.0,,72,公寓住宅,民用,7.6,12,0.0,7000.0,Heilongjiang,Haerbin,Xiangfang,Heilongjiang-Haerbin
267079,香武胡同3号小区,哈尔滨,香坊,安埠,2000,小高层,香武胡同3号,126.6784019,45.72273602,1.0,30.0,,168,公寓住宅,民用,7.9,12,0.0,7285.0,Heilongjiang,Haerbin,Xiangfang,Heilongjiang-Haerbin
267078,"咸宜街小区(双井街25号,咸宜街2号-10号(双号))",哈尔滨,香坊,安埠,2000,多层,"双井街25号,咸宜街2号-10号(双号)",126.6937109,45.72300037,1.0,30.0,,194,公寓住宅,民用,7.7,12,0.0,8424.0,Heilongjiang,Haerbin,Xiangfang,Heilongjiang-Haerbin
267304,万达公寓(香坊),哈尔滨,香坊,万达,2007,小高层,衡山路15号,126.6725344,45.73722939,1.0,60.0,,1248,商住楼,商用,8.2,12,-0.66,7957.0,Heilongjiang,Haerbin,Xiangfang,Heilongjiang-Haerbin
267303,六顺街105-125号小区,哈尔滨,香坊,万达,2010,小高层,六顺街105-125号,126.6718997,45.73304884,1.0,30.0,,441,公寓住宅,民用,8.3,12,0.0,8285.0,Heilongjiang,Haerbin,Xiangfang,Heilongjiang-Haerbin
267077,公滨路小区(公滨路336号-344号(双号)),哈尔滨,香坊,安埠,1986,小高层,公滨路336号-344号(双号),126.6901786,45.72819466,1.0,11.0,,340,公寓住宅,民用,7.6,12,0.0,9111.0,Heilongjiang,Haerbin,Xiangfang,Heilongjiang-Haerbin
267302,民航路13号小区,哈尔滨,香坊,万达,2000,小高层,民航路13号,126.6671799,45.73801354,1.0,30.0,,154,公寓住宅,民用,7.9,12,0.0,8414.0,Heilongjiang,Haerbin,Xiangfang,Heilongjiang-Haerbin
267301,民航小区,哈尔滨,香坊,万达,1999,多层|高层,民航路6号,126.6679159,45.73703944,1.0,20.0,,923,公寓住宅,民用,8.2,12,0.0,9855.0,Heilongjiang,Haerbin,Xiangfang,Heilongjiang-Haerbin
267300,美霖嘉园,哈尔滨,香坊,万达,2004,高层,华山路8号,126.6757821,45.737541,1.0,30.0,,568,公寓住宅,民用,8.6,12,0.0,13777.0,Heilongjiang,Haerbin,Xiangfang,Heilongjiang-Haerbin
267299,林大小区,哈尔滨,香坊,乐松,2009,多层|高层,动源街33号,126.6362487,45.71601592,1.0,20.0,,416,公寓住宅,民用,7.3,12,0.0,11755.0,Heilongjiang,Haerbin,Xiangfang,Heilongjiang-Haerbin
267298,杰顺花园,哈尔滨,香坊,乐松,2005,多层,哈平路94号,126.6372187,45.71358415,1.0,15.0,,421,公寓住宅,民用,7.2,12,0.0,9836.0,Heilongjiang,Haerbin,Xiangfang,Heilongjiang-Haerbin
267297,农林省直机关住宅楼,哈尔滨,香坊,乐松,2003,多层,农林四道街7号,126.6387682,45.72273756,1.0,20.0,,132,公寓住宅,民用,7.4,12,0.0,12534.0,Heilongjiang,Haerbin,Xiangfang,Heilongjiang-Haerbin
267287,理工家属楼(东区),哈尔滨,香坊,乐松,1995,小高层,三大动力路28号,126.6456414,45.71916093,1.0,20.0,,54,公寓住宅,民用,7.3,12,0.0,10397.0,Heilongjiang,Haerbin,Xiangfang,Heilongjiang-Haerbin
267288,体育头道街5号小区,哈尔滨,香坊,乐松,2000,小高层,体育头道街5号,126.6454574,45.7191927,1.0,30.0,,255,公寓住宅,民用,7.2,12,0.0,9474.0,Heilongjiang,Haerbin,Xiangfang,Heilongjiang-Haerbin
267296,三联小区,哈尔滨,香坊,乐松,2000,多层,体育街22号,126.6467719,45.72125358,1.0,30.0,,84,公寓住宅,民用,7.5,12,0.0,8793.0,Heilongjiang,Haerbin,Xiangfang,Heilongjiang-Haerbin
267295,安乐小区,哈尔滨,香坊,乐松,1999,多层,体育头道街25号,126.6477641,45.72068859,1.0,30.0,,281,公寓住宅,民用,7.5,12,0.0,9545.0,Heilongjiang,Haerbin,Xiangfang,Heilongjiang-Haerbin
267076,通天街46号小区,哈尔滨,香坊,安埠,1991,小高层,通天街46号,126.6949484,45.72298436,1.0,20.0,,42,公寓住宅,民用,7.9,12,0.0,8352.0,Heilongjiang,Haerbin,Xiangfang,Heilongjiang-Haerbin
267075,公滨路343号小区,哈尔滨,香坊,安埠,1990,小高层,公滨路343号,126.6885593,45.72859621,1.0,20.0,,60,公寓住宅,民用,7.9,12,0.0,10415.0,Heilongjiang,Haerbin,Xiangfang,Heilongjiang-Haerbin
267074,"菜艺街小区(公滨路403号,403-1号,菜艺街1号)",哈尔滨,香坊,安埠,1991,小高层,"公滨路403号,403-1号,菜艺街1号",126.6795031,45.72676045,1.0,20.0,,379,公寓住宅,民用,8.2,12,0.0,9030.0,Heilongjiang,Haerbin,Xiangfang,Heilongjiang-Haerbin
267073,红民街63号小区,哈尔滨,香坊,安埠,1991,小高层,红民街63号,126.6842246,45.73159471,1.0,20.0,,108,公寓住宅,民用,8.0,12,0.0,8666.0,Heilongjiang,Haerbin,Xiangfang,Heilongjiang-Haerbin
267293,体育二道街331栋楼,哈尔滨,香坊,乐松,1985,多层,体育街,126.6451089,45.72138307,1.0,20.0,,78,公寓住宅,民用,7.3,12,0.0,9111.0,Heilongjiang,Haerbin,Xiangfang,Heilongjiang-Haerbin
267291,健康路74号小区,哈尔滨,香坊,乐松,2014,小高层,健康路74号,126.6529347,45.71347673,1.0,30.0,,30,公寓住宅,民用,7.8,12,0.0,7900.0,Heilongjiang,Haerbin,Xiangfang,Heilongjiang-Haerbin
267342,延福街257号小区,哈尔滨,香坊,通乡商店,2018,小高层,"延福街257号,安埠街347号",126.6868599,45.7248145,1.0,30.0,,249,公寓住宅,民用,8.1,12,0.0,9500.0,Heilongjiang,Haerbin,Xiangfang,Heilongjiang-Haerbin
267253,花卉小区,哈尔滨,香坊,乐松,2000,小高层,哈平路108号,126.6365244,45.71280046,1.0,30.0,,798,公寓住宅,民用,7.6,12,0.0,7951.0,Heilongjiang,Haerbin,Xiangfang,Heilongjiang-Haerbin
267106,热电街55号小区,哈尔滨,香坊,安埠,1992,低层,热电街55号,126.6970214,45.70327887,,20.0,,4,公寓住宅,民用,7.0,12,0.0,7600.0,Heilongjiang,Haerbin,Xiangfang,Heilongjiang-Haerbin
267510,六顺街小区(六顺街148号-154号(双号)),哈尔滨,香坊,省医院,1991,小高层,六顺街148号-154号(双号),126.6713488,45.73234968,1.0,20.0,,105,公寓住宅,民用,7.9,12,0.0,8103.0,Heilongjiang,Haerbin,Xiangfang,Heilongjiang-Haerbin
267511,文政街小区(文政街212号-216号(双号)),哈尔滨,香坊,省医院,1993,小高层,文政街212号-216号(双号),126.6311519,45.73214971,1.0,20.0,,77,公寓住宅,民用,7.3,12,0.0,9447.0,Heilongjiang,Haerbin,Xiangfang,Heilongjiang-Haerbin
267107,司徒街96号小区,哈尔滨,香坊,安埠,1991,小高层,司徒街96号,126.6711321,45.73025556,1.0,20.0,,126,公寓住宅,民用,7.8,12,0.0,8285.0,Heilongjiang,Haerbin,Xiangfang,Heilongjiang-Haerbin
267512,通站街112号小区,哈尔滨,香坊,省医院,2011,多层,通站街112号,126.6747216,45.71969491,1.0,30.0,,122,公寓住宅,民用,7.9,12,0.0,8949.0,Heilongjiang,Haerbin,Xiangfang,Heilongjiang-Haerbin
267513,和平三道街小区(和平三道街28号-32号(双号)),哈尔滨,香坊,省医院,1995,小高层,和平三道街28号-32号(双号),126.651304,45.73710745,1.0,20.0,,63,公寓住宅,民用,7.5,12,0.0,7647.0,Heilongjiang,Haerbin,Xiangfang,Heilongjiang-Haerbin
267514,二三五处家属楼,哈尔滨,香坊,省医院,2000,小高层,公滨路170号,126.7053985,45.72902095,1.0,30.0,,385,公寓住宅,民用,7.5,12,0.0,8275.0,Heilongjiang,Haerbin,Xiangfang,Heilongjiang-Haerbin
267515,旅游汽车综合楼,哈尔滨,香坊,省医院,2002,小高层,珠江路副37号,126.6681507,45.73526776,1.0,30.0,,40,公寓住宅,民用,8.2,12,0.0,10576.0,Heilongjiang,Haerbin,Xiangfang,Heilongjiang-Haerbin
267125,天悦,哈尔滨,香坊,三合路,2012,高层,松乐街77号,126.6600401,45.69171237,1.0,48.0,,1796,公寓住宅,民用,7.9,12,-0.3,10311.0,Heilongjiang,Haerbin,Xiangfang,Heilongjiang-Haerbin
267506,"咸宜街小区(双井街25号,咸宜街2号-10号(双号))",哈尔滨,香坊,省医院,2000,多层,"双井街25号,咸宜街2号-10号(双号)",126.6937109,45.72300037,1.0,30.0,,194,公寓住宅,民用,7.7,12,0.0,8424.0,Heilongjiang,Haerbin,Xiangfang,Heilongjiang-Haerbin
267508,香武胡同3号小区,哈尔滨,香坊,省医院,2000,小高层,香武胡同3号,126.6784019,45.72273602,1.0,30.0,,168,公寓住宅,民用,7.9,12,0.0,7285.0,Heilongjiang,Haerbin,Xiangfang,Heilongjiang-Haerbin
267507,理工大学东区家属楼,哈尔滨,香坊,省医院,2005,小高层,三大动力路23号,126.6496167,45.71907132,1.0,30.0,,546,公寓住宅,民用,7.3,12,0.0,8275.0,Heilongjiang,Haerbin,Xiangfang,Heilongjiang-Haerbin
267516,"菜艺街小区(15号,17,19号)",哈尔滨,香坊,省医院,1991,小高层,"菜艺街15号,17,19号",126.6789515,45.72803099,1.0,20.0,,219,公寓住宅,民用,8.0,12,0.0,11216.0,Heilongjiang,Haerbin,Xiangfang,Heilongjiang-Haerbin
267517,黑龙江省城市规划勘测设计研究院家属楼,哈尔滨,香坊,省医院,2016,小高层,和平路83号,126.6488519,45.72637339,1.0,30.0,,52,公寓住宅,民用,7.7,12,0.0,10717.0,Heilongjiang,Haerbin,Xiangfang,Heilongjiang-Haerbin
267124,海富山水文园(二期),哈尔滨,香坊,三合路,2008,多层|高层,旭升南街166-1号,126.6536999,45.69156851,1.0,40.0,,6267,公寓住宅,民用,7.8,12,-0.38,7815.0,Heilongjiang,Haerbin,Xiangfang,Heilongjiang-Haerbin
267518,哈轴职工住宅新区,哈尔滨,香坊,省医院,2000,小高层,油坊街13号,126.7009111,45.72104738,1.0,30.0,,802,公寓住宅,民用,7.5,12,0.0,8669.0,Heilongjiang,Haerbin,Xiangfang,Heilongjiang-Haerbin
267348,司徒街13号小区,哈尔滨,香坊,通乡商店,1991,小高层,司徒街13号,126.6760867,45.72300948,1.0,20.0,,15,公寓住宅,民用,7.5,12,0.0,8305.0,Heilongjiang,Haerbin,Xiangfang,Heilongjiang-Haerbin
267505,公滨路小区(公滨路336号-344号(双号)),哈尔滨,香坊,省医院,1986,小高层,公滨路336号-344号(双号),126.6901786,45.72819466,1.0,11.0,,340,公寓住宅,民用,7.6,12,0.0,9111.0,Heilongjiang,Haerbin,Xiangfang,Heilongjiang-Haerbin
267123,乐强小区,哈尔滨,香坊,三合路,2003,多层|小高层,三合路106号,126.6540479,45.70420871,1.0,26.0,,2112,公寓住宅,民用,8.0,12,-0.09,7075.0,Heilongjiang,Haerbin,Xiangfang,Heilongjiang-Haerbin
267519,林机街10号小区,哈尔滨,香坊,省医院,2004,小高层,林机街10号,126.685706,45.70540941,1.0,30.0,,114,公寓住宅,民用,7.5,12,0.0,9207.0,Heilongjiang,Haerbin,Xiangfang,Heilongjiang-Haerbin
267344,通站小区四街区,哈尔滨,香坊,通乡商店,2011,小高层,轴承街27号,126.6806597,45.72056751,1.0,30.0,,193,公寓住宅,民用,8.1,12,0.0,10725.0,Heilongjiang,Haerbin,Xiangfang,Heilongjiang-Haerbin
267509,教师楼(香坊),哈尔滨,香坊,省医院,2000,小高层,通站街二胡同1号,126.674949,45.72002742,1.0,30.0,,72,公寓住宅,民用,7.6,12,0.0,7000.0,Heilongjiang,Haerbin,Xiangfang,Heilongjiang-Haerbin
267126,鼎园明府,哈尔滨,香坊,三合路,2016,小高层,三合路附48-9号,126.6558114,45.70900329,1.0,30.0,,1207,公寓住宅,民用,8.2,12,0.02,10666.0,Heilongjiang,Haerbin,Xiangfang,Heilongjiang-Haerbin
267118,升永街46号院,哈尔滨,香坊,安埠,2006,多层|高层,升永街46号,126.6890039,45.7250682,1.0,30.0,,91,公寓住宅,民用,8.0,12,0.0,9705.0,Heilongjiang,Haerbin,Xiangfang,Heilongjiang-Haerbin
267132,南郡新城(二期),哈尔滨,香坊,三合路,2009,多层,三合路337号,126.6547814,45.69737027,1.0,45.0,,1171,公寓住宅,民用,8.1,12,0.19,9625.0,Heilongjiang,Haerbin,Xiangfang,Heilongjiang-Haerbin
267133,花场小区,哈尔滨,香坊,三合路,1995,小高层,电塔街39号,126.6585305,45.7074783,1.0,20.0,,462,公寓住宅,民用,7.6,12,0.0,6883.0,Heilongjiang,Haerbin,Xiangfang,Heilongjiang-Haerbin
267116,公滨路小区(公滨路382号-392号(双号)),哈尔滨,香坊,安埠,1986,多层,公滨路382号-392号(双号),126.6859775,45.72727817,1.0,11.0,,102,公寓住宅,民用,7.9,12,0.0,8790.0,Heilongjiang,Haerbin,Xiangfang,Heilongjiang-Haerbin
267104,华润熙云府,哈尔滨,香坊,安埠,2021,高层,果园街,126.6971149,45.71827083,,50.0,,1563,公寓住宅,民用,8.1,12,0.0,8846.0,Heilongjiang,Haerbin,Xiangfang,Heilongjiang-Haerbin
267115,民生东头道街3号小区,哈尔滨,香坊,安埠,1997,小高层,民生东头道街3号,126.66078,45.72798609,,20.0,,51,公寓住宅,民用,7.7,12,0.0,15263.0,Heilongjiang,Haerbin,Xiangfang,Heilongjiang-Haerbin
267346,司徒街54号小区,哈尔滨,香坊,通乡商店,1991,小高层,司徒街54号,126.6746033,45.72491862,1.0,20.0,,54,公寓住宅,民用,8.0,12,0.0,7878.0,Heilongjiang,Haerbin,Xiangfang,Heilongjiang-Haerbin
267134,电塔小区,哈尔滨,香坊,三合路,2003,多层,"三合路,近电塔三道街",126.6668024,45.71932426,1.0,35.0,,1210,公寓住宅,民用,8.1,12,0.0,7107.0,Heilongjiang,Haerbin,Xiangfang,Heilongjiang-Haerbin
267130,翠海花园,哈尔滨,香坊,三合路,2005,多层,旭东街55号,126.6563468,45.70193392,1.0,50.0,,1365,公寓住宅,民用,8.1,12,0.95,7797.0,Heilongjiang,Haerbin,Xiangfang,Heilongjiang-Haerbin
267117,香通家园,哈尔滨,香坊,安埠,2008,多层|高层,香通街35号,126.6901052,45.73019229,1.0,40.1,,466,公寓住宅,民用,8.4,12,0.0,10377.0,Heilongjiang,Haerbin,Xiangfang,Heilongjiang-Haerbin
267131,旭辉苑,哈尔滨,香坊,三合路,2005,高层,旭东街33号,126.6589297,45.70199521,1.0,15.0,,552,公寓住宅,民用,7.8,12,-0.32,8454.0,Heilongjiang,Haerbin,Xiangfang,Heilongjiang-Haerbin
267114,公滨小区,哈尔滨,香坊,安埠,2012,多层,朝北路54号,126.7040514,45.73183816,1.0,30.0,,1464,公寓住宅,民用,7.4,12,0.0,9996.0,Heilongjiang,Haerbin,Xiangfang,Heilongjiang-Haerbin
267129,南郡新城(一期),哈尔滨,香坊,三合路,2009,多层,旭升南街68-8号,126.6549773,45.6991447,1.0,35.0,,801,公寓住宅,民用,8.1,12,0.05,9523.0,Heilongjiang,Haerbin,Xiangfang,Heilongjiang-Haerbin
267113,绝缘四道街9号小区,哈尔滨,香坊,安埠,1993,多层,绝缘四道街9号,126.6519337,45.72072134,1.0,20.0,,0,公寓住宅,民用,7.6,12,0.0,7957.0,Heilongjiang,Haerbin,Xiangfang,Heilongjiang-Haerbin
267112,三监家属楼,哈尔滨,香坊,安埠,2005,多层,农校街,126.7097617,45.73122382,1.0,30.0,,126,公寓住宅,民用,7.7,12,0.0,9186.0,Heilongjiang,Haerbin,Xiangfang,Heilongjiang-Haerbin
267111,公滨路小区(公滨路536号-542号(双号)),哈尔滨,香坊,安埠,1986,小高层,公滨路536号-542号(双号),126.6705559,45.72415202,1.0,11.0,,1,公寓住宅,民用,7.5,12,0.0,8300.0,Heilongjiang,Haerbin,Xiangfang,Heilongjiang-Haerbin
267128,森林人家,哈尔滨,香坊,三合路,2005,多层,旭升南街23-7号,126.6580077,45.69977232,1.0,42.0,,933,公寓住宅,民用,8.0,12,0.84,7829.0,Heilongjiang,Haerbin,Xiangfang,Heilongjiang-Haerbin
267110,木材西街4号小区,哈尔滨,香坊,安埠,2005,小高层,木材西街4号,126.7160113,45.72956383,1.0,30.0,,126,公寓住宅,民用,7.2,12,0.0,6666.0,Heilongjiang,Haerbin,Xiangfang,Heilongjiang-Haerbin
267109,司徒街46号小区,哈尔滨,香坊,安埠,1991,小高层,司徒街46号,126.6743026,45.72468747,1.0,20.0,,244,公寓住宅,民用,8.2,12,0.0,7500.0,Heilongjiang,Haerbin,Xiangfang,Heilongjiang-Haerbin
267127,三合园小区,哈尔滨,香坊,三合路,2006,小高层,三合路393号,126.6524335,45.69816155,1.0,27.0,,1400,公寓住宅,民用,7.8,12,-0.81,7608.0,Heilongjiang,Haerbin,Xiangfang,Heilongjiang-Haerbin
267108,东站街9号小区,哈尔滨,香坊,安埠,1995,小高层,东站街9号,126.7123938,45.73443985,1.0,20.0,,54,公寓住宅,民用,7.4,12,0.0,7600.0,Heilongjiang,Haerbin,Xiangfang,Heilongjiang-Haerbin
267345,古香街28号小区,哈尔滨,香坊,通乡商店,2000,小高层,古香街28号,126.6736898,45.72354832,1.0,30.0,,284,公寓住宅,民用,8.0,12,0.0,7458.0,Heilongjiang,Haerbin,Xiangfang,Heilongjiang-Haerbin
267520,东光厂家属楼,哈尔滨,香坊,省医院,2003,小高层,旭东街3-2号,126.6606811,45.70127318,1.0,30.0,,378,公寓住宅,民用,7.9,12,0.0,7759.0,Heilongjiang,Haerbin,Xiangfang,Heilongjiang-Haerbin
267504,通天街46号小区,哈尔滨,香坊,省医院,1991,小高层,通天街46号,126.6949484,45.72298436,1.0,20.0,,42,公寓住宅,民用,7.9,12,0.0,8352.0,Heilongjiang,Haerbin,Xiangfang,Heilongjiang-Haerbin
267521,公滨路小区(公滨路500号-508号(双号)),哈尔滨,香坊,省医院,1986,小高层,公滨路500号-508号(双号),126.674206,45.72492431,1.0,11.0,,72,公寓住宅,民用,7.7,12,0.0,9731.0,Heilongjiang,Haerbin,Xiangfang,Heilongjiang-Haerbin
267532,香城街22号小区,哈尔滨,香坊,省医院,2004,小高层,香城街22号,126.6955846,45.73560728,1.0,30.0,,183,公寓住宅,民用,8.2,12,0.0,9594.0,Heilongjiang,Haerbin,Xiangfang,Heilongjiang-Haerbin
267533,体育头道街5号小区,哈尔滨,香坊,省医院,2000,小高层,体育头道街5号,126.6454574,45.7191927,1.0,30.0,,255,公寓住宅,民用,7.2,12,0.0,9474.0,Heilongjiang,Haerbin,Xiangfang,Heilongjiang-Haerbin
267534,公滨路小区(公滨路326号-330号(双号)),哈尔滨,香坊,省医院,1986,小高层,公滨路326号-330号(双号),126.6914094,45.72841373,1.0,11.0,,0,公寓住宅,民用,7.7,12,0.0,8250.0,Heilongjiang,Haerbin,Xiangfang,Heilongjiang-Haerbin
267535,安埠街小区(安埠街22号-26号(双号)),哈尔滨,香坊,省医院,2001,小高层,安埠街22号-26号(双号),126.7019557,45.72679395,1.0,30.0,,224,公寓住宅,民用,7.6,12,0.0,12882.0,Heilongjiang,Haerbin,Xiangfang,Heilongjiang-Haerbin
267536,哈动头道街1号小区,哈尔滨,香坊,省医院,2000,小高层,哈动头道街1号,126.6441103,45.71320324,1.0,30.0,,192,公寓住宅,民用,7.2,12,0.0,9647.0,Heilongjiang,Haerbin,Xiangfang,Heilongjiang-Haerbin
267538,香化街4-12号小区,哈尔滨,香坊,省医院,1987,小高层,"香化街4号,12号",126.6963847,45.73140217,1.0,20.0,,180,公寓住宅,民用,7.6,12,0.0,10429.0,Heilongjiang,Haerbin,Xiangfang,Heilongjiang-Haerbin
267539,健康路74号小区,哈尔滨,香坊,省医院,2014,小高层,健康路74号,126.6529347,45.71347673,1.0,30.0,,30,公寓住宅,民用,7.8,12,0.0,7900.0,Heilongjiang,Haerbin,Xiangfang,Heilongjiang-Haerbin
267540,香城街18号小区,哈尔滨,香坊,省医院,2004,小高层,香城街18号,126.6952322,45.73455358,1.0,30.0,,54,公寓住宅,民用,8.1,12,0.0,7313.0,Heilongjiang,Haerbin,Xiangfang,Heilongjiang-Haerbin
267541,华润熙云府,哈尔滨,香坊,省医院,2021,高层,果园街,126.6971149,45.71827083,,50.0,,1563,公寓住宅,民用,8.1,12,0.0,8846.0,Heilongjiang,Haerbin,Xiangfang,Heilongjiang-Haerbin
267543,司徒街96号小区,哈尔滨,香坊,省医院,1991,小高层,司徒街96号,126.6711321,45.73025556,1.0,20.0,,126,公寓住宅,民用,7.8,12,0.0,8285.0,Heilongjiang,Haerbin,Xiangfang,Heilongjiang-Haerbin
267544,司徒街46号小区,哈尔滨,香坊,省医院,1991,小高层,司徒街46号,126.6743026,45.72468747,1.0,20.0,,244,公寓住宅,民用,8.2,12,0.0,7500.0,Heilongjiang,Haerbin,Xiangfang,Heilongjiang-Haerbin
267545,公滨路小区(公滨路536号-542号(双号)),哈尔滨,香坊,省医院,1986,小高层,公滨路536号-542号(双号),126.6705559,45.72415202,1.0,11.0,,1,公寓住宅,民用,7.5,12,0.0,8300.0,Heilongjiang,Haerbin,Xiangfang,Heilongjiang-Haerbin
267546,绝缘四道街9号小区,哈尔滨,香坊,省医院,1993,多层,绝缘四道街9号,126.6519337,45.72072134,1.0,20.0,,0,公寓住宅,民用,7.6,12,0.0,7957.0,Heilongjiang,Haerbin,Xiangfang,Heilongjiang-Haerbin
267547,民生东头道街3号小区,哈尔滨,香坊,省医院,1997,小高层,民生东头道街3号,126.66078,45.72798609,,20.0,,51,公寓住宅,民用,7.7,12,0.0,15263.0,Heilongjiang,Haerbin,Xiangfang,Heilongjiang-Haerbin
267548,香滨路33号小区,哈尔滨,香坊,省医院,2000,小高层,香滨路33号,126.6646488,45.72935911,1.0,30.0,,189,公寓住宅,民用,7.6,12,0.0,8437.0,Heilongjiang,Haerbin,Xiangfang,Heilongjiang-Haerbin
267549,锦山花园,哈尔滨,香坊,省医院,2000,多层,赣水路216-1号,126.6805388,45.73776124,1.0,30.0,,14,公寓住宅,民用,8.2,12,0.0,7323.0,Heilongjiang,Haerbin,Xiangfang,Heilongjiang-Haerbin
267550,群乐街54号小区,哈尔滨,香坊,省医院,2007,低层,群乐街54号,126.6570061,45.7352588,1.0,30.0,,0,公寓住宅,民用,7.8,12,0.0,17708.0,Heilongjiang,Haerbin,Xiangfang,Heilongjiang-Haerbin
267551,东门街46号小区,哈尔滨,香坊,省医院,1989,多层,东门街46号,126.7026183,45.72548654,1.0,20.0,,72,公寓住宅,民用,7.3,12,0.0,9166.0,Heilongjiang,Haerbin,Xiangfang,Heilongjiang-Haerbin
267552,远香街16号小区,哈尔滨,香坊,省医院,1999,多层,远香街16号,126.6647077,45.72562463,1.0,20.0,,42,公寓住宅,民用,7.9,12,0.0,8434.0,Heilongjiang,Haerbin,Xiangfang,Heilongjiang-Haerbin
267553,衡山路2-1号小区,哈尔滨,香坊,省医院,2002,多层,衡山路2-1号,126.6705563,45.73645252,1.0,30.0,,102,公寓住宅,民用,7.9,12,0.0,10350.0,Heilongjiang,Haerbin,Xiangfang,Heilongjiang-Haerbin
267343,香武胡同1号小区,哈尔滨,香坊,通乡商店,1991,小高层,香武胡同1号,126.6788918,45.72285374,1.0,20.0,,180,公寓住宅,民用,8.1,12,0.0,7708.0,Heilongjiang,Haerbin,Xiangfang,Heilongjiang-Haerbin
267531,民生东五道街43号小区,哈尔滨,香坊,省医院,2000,小高层,民生东五道街3号,126.6615532,45.7286348,1.0,30.0,,120,公寓住宅,民用,7.8,12,0.0,15714.0,Heilongjiang,Haerbin,Xiangfang,Heilongjiang-Haerbin
267122,绿海华庭(一二期),哈尔滨,香坊,三合路,2015,多层|高层,旭升南街101号,126.6553984,45.68659407,1.0,39.0,,4401,公寓住宅,民用,7.7,12,-0.03,8896.0,Heilongjiang,Haerbin,Xiangfang,Heilongjiang-Haerbin
267530,香吉街1号小区,哈尔滨,香坊,省医院,1991,小高层,香吉街1号,126.6713001,45.7239591,1.0,20.0,,48,公寓住宅,民用,7.5,12,0.0,8253.0,Heilongjiang,Haerbin,Xiangfang,Heilongjiang-Haerbin
267528,红旗大街104-1号小区,哈尔滨,香坊,省医院,2014,小高层,红旗大街104-1号,126.6846146,45.73022034,1.0,30.0,,30,公寓住宅,民用,7.6,12,0.0,8100.0,Heilongjiang,Haerbin,Xiangfang,Heilongjiang-Haerbin
267119,海富漫香林,哈尔滨,香坊,三合路,2012,多层|高层,三合路202号,126.6495105,45.692209,1.0,40.0,,2071,公寓住宅,民用,7.9,12,-0.08,10023.0,Heilongjiang,Haerbin,Xiangfang,Heilongjiang-Haerbin
267522,公滨路355号小区,哈尔滨,香坊,省医院,2014,小高层,公滨路355号,126.6873815,45.72833009,1.0,30.0,,231,公寓住宅,民用,8.3,12,0.0,9438.0,Heilongjiang,Haerbin,Xiangfang,Heilongjiang-Haerbin
267349,红旗大街小区(红旗大街93号-99号(单号),哈尔滨,香坊,通乡商店,1996,小高层,红旗大街93号-99号(单号),126.6852504,45.72720182,1.0,20.0,,262,公寓住宅,民用,8.2,12,0.0,8042.0,Heilongjiang,Haerbin,Xiangfang,Heilongjiang-Haerbin
267121,海富山水文园(一期),哈尔滨,香坊,三合路,2008,多层|高层,三合路473号,126.6533145,45.69486855,1.0,32.0,,2408,公寓住宅,民用,7.9,12,-0.62,7655.0,Heilongjiang,Haerbin,Xiangfang,Heilongjiang-Haerbin
267120,绿海华庭(三期),哈尔滨,香坊,三合路,2015,高层,"旭升南街,近绥化路",126.6606964,45.68854594,1.0,39.0,191804.0,2107,公寓住宅,民用,8.0,12,-0.25,9278.0,Heilongjiang,Haerbin,Xiangfang,Heilongjiang-Haerbin
267523,六顺街91-1号小区,哈尔滨,香坊,省医院,1991,小高层,六顺街91-1号,126.6751477,45.73367447,1.0,20.0,,198,公寓住宅,民用,8.2,12,0.0,10057.0,Heilongjiang,Haerbin,Xiangfang,Heilongjiang-Haerbin
267529,建北街33号小区,哈尔滨,香坊,省医院,1995,小高层,建北街33号,126.6907806,45.73545325,1.0,20.0,,30,公寓住宅,民用,7.2,12,0.0,8100.0,Heilongjiang,Haerbin,Xiangfang,Heilongjiang-Haerbin
267135,怡园小区(香坊),哈尔滨,香坊,三合路,2008,多层|小高层,旭升街289号,126.6693108,45.71800457,1.0,25.0,,320,公寓住宅,民用,7.9,12,0.0,8544.0,Heilongjiang,Haerbin,Xiangfang,Heilongjiang-Haerbin
267525,四史街77号小区,哈尔滨,香坊,省医院,2005,小高层,四史街77号,126.6703622,45.73118182,1.0,30.0,,105,公寓住宅,民用,7.8,12,0.0,7477.0,Heilongjiang,Haerbin,Xiangfang,Heilongjiang-Haerbin
267524,哈轴职工住宅庆丰楼,哈尔滨,香坊,省医院,2002,小高层,红旗大街45号,126.6851812,45.72428758,1.0,30.0,,90,公寓住宅,民用,8.1,12,0.0,9803.0,Heilongjiang,Haerbin,Xiangfang,Heilongjiang-Haerbin
267286,健康路70-72号小区,哈尔滨,香坊,乐松,2004,小高层,健康路70-72号,126.6530199,45.71307569,1.0,30.0,,208,公寓住宅,民用,7.4,12,0.0,7842.0,Heilongjiang,Haerbin,Xiangfang,Heilongjiang-Haerbin
267136,三力明居,哈尔滨,香坊,三合路,2000,高层,旭升街18号,126.6592679,45.70602554,1.0,21.0,,323,公寓住宅,民用,7.7,12,0.0,10189.0,Heilongjiang,Haerbin,Xiangfang,Heilongjiang-Haerbin
267285,哈平路127号小区,哈尔滨,香坊,乐松,2000,小高层,哈平路127号,126.653696,45.73463825,1.0,30.0,,144,公寓住宅,民用,7.6,12,0.0,7320.0,Heilongjiang,Haerbin,Xiangfang,Heilongjiang-Haerbin
267350,"菜艺街49,77号小区",哈尔滨,香坊,通乡商店,2000,小高层,"菜艺街49,77号",126.6786632,45.73023391,1.0,30.0,,504,公寓住宅,民用,8.2,12,0.0,9360.0,Heilongjiang,Haerbin,Xiangfang,Heilongjiang-Haerbin
267347,司徒街20号小区,哈尔滨,香坊,通乡商店,1991,小高层,司徒街20号,126.6751596,45.72283095,1.0,20.0,,147,公寓住宅,民用,7.8,12,0.0,7142.0,Heilongjiang,Haerbin,Xiangfang,Heilongjiang-Haerbin
267527,公滨路小区(公滨路526号-532号(双号)),哈尔滨,香坊,省医院,1986,小高层,公滨路526号-532号(双号),126.6707493,45.72423468,1.0,11.0,,112,公寓住宅,民用,7.4,12,0.0,8303.0,Heilongjiang,Haerbin,Xiangfang,Heilongjiang-Haerbin
267526,健康路小区(健康路43号-47号(单号)),哈尔滨,香坊,省医院,2000,多层,健康路43号-47号(单号),126.6511172,45.70963993,1.0,30.0,,54,公寓住宅,民用,7.7,12,0.0,8586.0,Heilongjiang,Haerbin,Xiangfang,Heilongjiang-Haerbin
